0 0 43 86 4 47 73 30 54
0 57 215 2 184 12 68 12 4 11 240 115 114 14 127 21 20 15 37 80 207 49 68 48 64
0 91 81 42 163 10 27 54 127 53 54
0 105 11 9 116
0 113 193 1 539 99 30 66 275 32 16 123 2 316 90 11 49 287 149
0 279 499 42 117
0 334 3 6 411
0 575 45 21 451 16 8
0 802 392 56 26 28 105 11 31 24 8 61 449 12 74 39 5
0 934 127 85 50 38 336 21 143 68 32
0 941 23 76 520
0 1285 37 21 427 65 52 110 97 32 339 138 92 150 39 33 255 4 2
0 1293 409 86 120 15 279 8 128 29 195
0 1417 56 42 104 22 100 6 46
0 1647 26
0 1667 170 21 46 5 181 106 72 42 2 159 18 1 35 32 22 7 11 97 143 27 77 77 18 171 13 41 87 23 306 17 62 88 164 6 64 94 180 44 25 22 146 106 29 12 99 35 33
0 1834 375 42 48 74 224 78 73 18 159 11 27 34 98
0 1839 61 5 6 1 15 29 179 46 5
0 1997 243 6 85 23 95 70 3 38 40 15 44
0 2035 23 77 14
0 2142 21
0 2901 67 6 15 98 437 41 94 187 72 18 3 44 160 3 25 136 64 214 91 34 68 40 32 66 47
0 3019 22 52 377
0 3035 94 58 77
0 3068 42 35 34 69 59 10 133 25 235 21 38 12 60
0 3080 79 85 217 96 63 90 60 33 3 29 27 116 223 6 48 10 296 10 79
0 3162 34 18 76 70 125 9 86 52 28 49 12 34 167 114 86 3 30 50 138 33 7
0 3255 59 66 155 33 193 21 68
0 3484 46 42 76
0 3793 68 55 4 20 180 45 5 1 52 22 130 19 172 6 12 18 27 133 34
0 4120 55 15 28 55 129 22 43
0 4349 149 7 23 108 119 190 95 76 80 44 29 43 55 154 10 48 267 48 206 23 68
0 4351 20 71 155 7 33 104 16
0 4364 30 19 18 20 171 10 13 101 11 23 153 24 1 112 79 10 273 144 123 81 93
0 4392 100 3 12 215 11 40 29
0 4502 13 21 63 39 62
0 4659 152 268 29
0 4803 11 40 21 78 35 15 14 45 31 56 155 84 440 35 17 59 60 19 81 18 27
0 5062 85 86 153 240 40 28 129
0 5086 22
0 5104 203 99 54
0 5635 13 40 112 51 164 43 11 53 34 221 33
0 5783 108 18 7 74 157 2 78 22 105 21 43 134 152 123 401
0 5852 3 106 319 36 27 108 141 62 4 83 38 3 101 54 168 55 25 73 95 5 85 16 138 22 75
0 6048 356 22 138 6 61 13 5 6 279 170 60 102 139 18 97 41 120 31 146
0 6204 49 12 12 173 64 2 382
0 6332 88 46 148 13 557 74 6 86 35 4 71 9 158 1 261 171 161 17 17 89 91 7 100 38 117
0 6347 306 11 69 70 115 2 27 27 90 12 48 31 36 9 62
0 6664 122 13 4 71 25 58 74 100 67 45 315 149 53
0 6824 27 13 141 27 189
0 6882 211 7 17 15 372 19 112 5 60 12 30 9 216 7 4
0 7184 130 111 4 2 76 203 61 74 46 21 53 52 93 3 18 53 170 91 88 22 26
0 7259 64 56 6 4 359 55 7
0 7379 295
0 7570 33 102 13 3 16 19 49 64 110 2 22 32 99 98 112 58 38 1 1 6 28 1 121 54 56
0 7659 229 90 270 6 190 34 143 41 21 177 39 140 27 81 388
0 7758 48 87 201 29 75 11 45
0 7928 19
0 8043 19 27 75 40 123 73 71 59 26
0 8095 158 4 76 49 130 13 109 64 31 47 7 7 8 53 34 93 71 103 55 58 117
0 8177 401 13 475 14 320 129 89
0 8892 52 20 158 71 45 2 38 19 39 88 46
0 8913 136 18 17 17 15 149 12 19 25
0 8949 94 56 13 49 31 14 95 67 20 18 154 11 12
0 8989 232 26 48 116 150 64 207 42 129
0 9037 75 17 189 47 5 188 37 33 136 75 41
0 9213 265 9 17 22 52 32 465 3 163 47 98
0 9321 514 1 158 15 8
0 9419 178 18 86
0 9472 70 72 132 105 140 37 333 39 158 85 13 119 41 4 24 36 125
0 9518 7 114 11 27 81 30 30
0 9629 145 52 19 43 301 39 8 93 77 55 93 35 135 23 40 80 25 12 141 29 139 70 215 20 17 35 16
0 9711 18 16 69 16 67 37 400 10 207 25 91
0 10042 6 32 180 59 265 50 106 88 35 136 184 111 215
0 10144 81 73 3 6 50 96 143 74 213 2 13 116 57 34 195 1 36 33 131 26 49 158 77 104 209 16 82 17 55
0 10332 19 34 28 20 220 7 3 119 73 111 82
0 10599 45 6 22 26 141 31 52 66 258 6 85 71 104 34 86 102 153 36 37 56 72 1 4
0 11054 36 6 82 19 151 45 75 21 3 19 323 56 259
0 11436 4 42 40 182 179 96 132 36 490 63 11 64 24 42 113 17 254 94 40 40 39 41 55 55 286 17 88
0 11926 47 59 174 25 20 74 59 100 44 16 1136 46 6 29 74 10 27 4 241
0 11963 176 88 63 45 402 32 29 64 217 113 40 16 9 23 61 61 48
0 12049 43 9 20 108 14 153 28 84 36 111 33 40 38 105 118 84 33 15 59 51 173 45 3 66 144 46 1 63 67 32 32 20 7 52 23 23 145 21 137 43 34 45 99 14 100
0 12528 47 96 126 18 234 60 230 22 16 52 42 49 1 17 168
0 12624 40 2 16 31 115 11 89 13 74 23 16 130 122 139 150 84 143 60 23 48 47 23 233 40 72 60 51 12 44 36 23 15 98 48 194
0 12694 25 16 74 203 74 48 4 93 108
0 12766 36 3 20 57 44 56 71 12 25 19 20
0 13006 8 12 8
0 13010 1 164 34 49 114
0 13073 10
0 13349 13 42 158 5 65
0 13673 20
0 13878 189 5 86 16 364
0 13910 154 16 17 2 120 29 171 14 171 119 62 17 87 11 29
0 14103 93 8 20 35 72 33 75 157 208
0 14154 80 61 58 26 39 112 95 64 104 71 50 4 38
0 14295 7 6 16
0 14445 210 39 95 34 12 1 89 23 133 25 12 9 130 15 138 61 91 14 138
0 14542 16 15 74 110 8
0 14614 119 88 14 1 221 7 58
0 14647 90 59 100 20 266 222 65
0 14834 37 7 198 75 97 25 103 32 58 34 3 6 88 23 198 29 13 33 69 17 72 48 69 22 4 136 193
0 14900 170 1 261 133 3 5 29 95 7 179 85 134 42 41 45 91 278 29 218 3 24
0 15189 21 63 45 17 3
0 15327 149 11 208 2 28 3 407 37 165 57 47 28 249 23 92 46 81 11 50
0 15364 62 11 262 28 258 40 11 35 72 3 83
0 15459 125
0 15575 47 102 98 33 34 135 9 23 636 115 129 14 94 10 54 13 56 1 103 22 30 92 108 54 62 8 28 79 50 11 96 34 134 11 9
0 15637 35 31 33 131 10 24 37 121 448 189 42 7 136 159 12 142 8
0 15797 129 8 111 101 229 56 178
0 15859 122 15 164
0 15939 316 100 80 59 73 63 191 4 111 89 90 17 112 80 55 50 98
0 15967 121 68 38 27 263 161 69 4 30 57 13
0 16053 116
0 16103 73 45 68 36 163 2 15 70 132 5 328 35 19 14 19
0 16155 131
0 16403 48 40 190 12 223 2 61 182 116 28 151 37 95 53 328 112 69 6 80 62 16 36 104 15 28 4 121 24 165 5 31 64 71
0 16621 38 11 20 16 240
0 17017 21 105 54 80 30 95 63 1 10 16 73 132 115 17 21 33 32 12 40 32 58 175 81 13 135 24 193
0 17177 10 97 51 89 95 8 189 1 16
0 17454 115 62 683 4 30
0 17500 66
0 17551 16 4 171 24 62 12 289
0 17690 104 45 229
0 17740 183 24 67 15 52 101 133 49 69 82 48 45 125 51 2 11 114 49 6 9 64
0 17752 78 15 18 13 14 18 11 5 31 27 20 34 30
0 17756 173 63 107 8 154
0 17887 111 117 57 30 2 116 168 4 220
0 17892 65 122 274 58 316 30 77 38 264
0 18093 41 5 58 54 48 5 90 58 13
0 18191 24 52 35 115 45 3 337 57 16 6 302 64 690 36 94 32 140 18 30 8 140 93 122 96 46
0 18366 15 5 112 79 80 7 586 45 60
0 18377 103 11 480 19 29 77 81 110 44 38 63 41 42 14 106 148 50 19 133 6 127 101 4 108 21 11 20 82 174 120 50 80 27
0 18469 302
0 18845 125 2 145
0 18994 10 3 225
0 19233 69
0 19238 168 30 33 19 34 156 73 87 15 1 21 2 118 29 59
0 19257 31 29 259 14 86 35 113
0 19305 11 20 266 5 323 3 34 2 154 27 378 10 80 21 134
0 19481 126 79 97 212 44 92 190
0 19607 16 45 45 1 244
0 19646 159 153 112
0 19752 96 56 73 84 96 58 133 141 14
0 19836 164 1 21 4 76 39 34 39 156 32 211
0 20071 45
0 20275 99 31 24 45 66 34 5 20 47 51 216 44 24 2 77 21 61 53 22 4 308 68 130
0 20418 144 11 121 112 18 15 23 49 21 18 172 22 71 112 8 6 140 79 96 56 301 114 222 8 29
0 20534 58 2 66
0 20586 82 52 2 12 3 202 59 25 59 68 268 74 146 135 21 9 107
0 20704 116 9 17 125 62
0 20773 135 22 24 34 38 111 127 49 199
0 20981 238 4 144
0 21017 62 4 117 2 47 185 3 154 123 45 123 14 124 10 269 119 44
0 21283 12 78 17 3 1 31 28 3 101
0 21385 343 17 27
0 21398 81 62 198 71 34 72 9 134 211 23 65 69 89 34 129
0 21425 47 45 16 39 100 35 70 21 22 6 429 56 301 25 64 4 223
0 21508 44 47 169 1 371 22 75 18 110 134 74
0 21535 273 87 69 40 51 18 204
0 21603 12 53 117 6 77 57 20 74 98 2 148 43 41 118 48 24 30 81 357
0 21721 65 98 29 12 203 94 145 4 86 1 277
0 21749 3 4 29 53 129
0 22093 628 22 202
0 22180 163 34 53
0 22232 69 9 173 1 45 51 209 130 159 2 65 14 4
0 22246 129 34 73 37 15 61 133 22 199 14 20 68 7 24 152 9 327
0 22417 401 24 32 60 195
0 22785 15 101 44 42 26
0 22860 199 7 303 5 64 21 31
0 23223 35 99 75
0 23477 310 72 1 104 15 3 171 165 375 39 63 29 147 56 65 52 26 67 67 61 117 30 20 88 132 17 163 16 106 78 41 22 60 238 29 46 38
0 23760 103 44 70 37 68 27 41 10 74 242 31 36 7 26 38 6 58 47 43 129 235 125 114 56 112
0 24070 6 69 183 29 92 24 168 11 300 8 2 115 34 36 170 18 43 73 147 36 14 1 151
0 24081 45
0 24170 134 79 350 8 199 33 6 58 47 26 60 96 128 40 155 10 87
0 24262 22 16 249 73 21
0 24455 119 89 146 92 50 12 52 207 95 116 145 50 29 48 56 84 4 64 62 27 24 15 26 6 147 97 37 15 34 67 111
0 24467 20
0 24553 113 56 67 44 2 75 690
0 24837 84 8 29 11 263 16 73
0 25309 26 23 48 31 43 30 257 118 75
0 25637 19 108 33 48 11 97 502 164 28 62 45 117 8 24 117 19 120 71 55 38 35 8 17 45 56 39 115 5 26 165 66 46 33 107 223
0 25739 148 1 42 14 250 37 139 85 24
0 25794 144 26 78 39 46 5 115 43 121
0 25895 36 51 212 18 100 28 23 100 224 4 64 21 286 4 164 116 440 169 143 7 154
0 25905 41
0 25990 218 44 151 12 4 75 147 25 19 90 13 15 145
0 26319 323 1 47 38 63 11 16 55 108 25 344 26 89
0 26611 63 14 91 16 88 45 107 9 29 12 68 26 200 70 6 116 216
0 26680 26 5 1
0 26782 130 76 8
0 26866 126
0 26969 51 50 21 52 28 14 76 40 7 53 39 64 92 155 179 34 106 90 140 3 57 57 84 169 132 206 8 32 107 33 65 178 16 19 74 215 3
0 27026 280 34 153 11 98 30 9
0 27121 4
0 27161 79 125 150 23 168 79 347 92 33
0 27222 45 46 127 2 86 6 112
0 27297 70
0 27307 28 2 101 80 8
0 27574 24 40 138 41 1 156 22 72 457 10 105 13 4 51 154 275 167 113 154
0 27581 407
0 27681 67 1 20 38 146 3 92 153 271 14 8 16 188 42 15 63 101 45 303 83 195
0 27925 70 49 37 25 1
0 28040 146 48 436 31 9 83 63
0 28090 156 13 240 45 63 10 32 62 95 92 4
0 28222 544 52 149 27 16 117 182 57 396 20 132 98 8 11 31 236 27
0 28308 192 32 263 45 154 6 30 33 34 9 125 23 53 15 224 134 158 113 28 63 150 235 40 16 126 68 10 70 15 40 140 45 113 51 20
0 28342 14 22 24 47 38
0 28349 4 139 243 7 19
0 28594 124 20 99 24 14 83 90 243 30
0 28743 152 24 269 14 20 4 31 32 121 76 326 118 47 16 123 6 39 46 26
0 28950 32 40 100 35 208 151 30
0 29122 62 11 88 98 182 41 58 27 114 63 197 25 280 33 264 46 3
0 29356 262 99 136 89 71 5 97 39 125 34 3 51 179 46 72 24 27 77 4 2 163 5 102 157 3
0 29597 58 4 3 20 94
0 29682 229 53 46 20 86
0 29802 207
0 29931 50 93 138 12 107 13 7 29 34 6 43 14 9 5 41
0 30177 88 4 66 17 32 45 10 3 21 43 48 19 62 144 26 8 134 32 63 26 167 113 105 45 98
0 30403 54 16 7 23 211 178 150 47 261 31 2
0 30544 284
0 30562 73 49 36 95 59 1 63 33 26 79 202 34 51 23 96 38 54
0 30656 47 24 138
0 31145 65 81 144 34 378 29 121
0 31160 4 12 100 158 7 81 72 1 99 96 24
0 31313 80 37 78 81 170 6 144 94 282 107 27 9 241 27 2 33 107 153 55 19 112
0 31457 124 6 258
0 31815 360 22 59 30 477 24 329 41 121 22 68
0 31872 199 10 198 23 95 299 78 37 546 61 140 39 53 94 15 9 96 3 63 41 160 103 119 8 5 37 10 75 3
0 31880 85 49 112 45 55 11 25 54 125 79 64 33 161 23 5 9 102 59 182
0 31940 18 35 178 31 184 124 196 78 138 1 50 19 51 37 34
0 32095 303 46 61 12 61 64 33 59 37 55 25
0 32234 85 121 42 81 82 38 100
0 32240 200 82 63
0 32303 75 11 64 85 450 44 33
0 32508 93 28 74
0 32580 52 93 55
0 32814 67
0 32843 262 10 48 14 150
0 32886 84
0 33043 29 21 134 37 34 1 59 38 140
0 33053 303 7 259 126 37 3 226
0 33277 65 169 94 89 205 5 100 123 43 24 442
0 33485 71 37 65 21 46 45 213 64 100
0 33527 17 151 159 1 17 43 3 15 76 74 59 8 125
0 33573 235 12 154 29 3 35 27 7 67 52 187 6 3 130 141 19 412
0 33696 16 5 320 39 20 44 71 156 28 86 88 159 50 17 112
0 33868 98 74 23 124 73 52 254 61 59 20 55 27 84 5 242 20 96 16 41
0 33932 49 30 167 83 132 37 468 90 76
0 33956 19 36 170 159 1
0 34159 15 6 105
0 34422 40 99 62 147 26 111 106 166 1
0 34649 32 45 129
0 34855 81 93 195 29 5 20 254 55 64
0 35088 4
0 35319 2 73 318 13 52 4 231
0 35523 275 4 97 23 90
0 35608 103 70 127 53 51 11 86 94 171 97 38 28 158 7 67 27 40 10 15
0 35696 129
0 35911 3
0 36058 1 2 45 12 34 4 60
0 36348 27 14 135
0 36459 3 129 66 111 103
0 36733 175 20 54 43 126 46 92 6 354 39 306
0 37006 208 45 150 65 197 54 47 14 226 5 21 15 184 1 32 3 1 7 19
0 37132 50 371 6 3 734 42 30 152 85 26 6 25 43 12 430 248 330 40 164 49 212 44 24 125 22 18 115 61 8
0 37347 70 5 120 28 42 42 34 6 2 25 52
0 37528 454 52 217 43 87 80 278 93 89
0 37656 171 79 69
0 37765 173 16 205 14 94 24 121 6 141 17 282
0 37797 43 4 226 1 30 42 541 8 73
0 37808 69 8 132 20 328 31 36 106 39
0 37884 355 328 105 44 6 29 90 16 115 20 68 34 59
0 38073 325
0 38477 27 16 30 57 74 89 307
0 38773 655
0 39154 36 21 195 30 168 92 4 27 153 82 492
0 39508 48 31 10 1 150 50 96 1 234 26 16 62 67
0 39965 30 63 131 22 111 7 4 49 198 86 21 16 83
0 40329 248 88 77 14 53 24 102 153 36 6 238 27 35 38 178 5 51 167 304
0 40752 9 31 341 24 150 6 58 25 141 103 43 86 27 31 11 6 102
0 41685 150 92 81 12 84 96 129 23 85
0 42051 14 8 65 21 4
0 42059 83 17 28 33 73 42 16 59 18
0 42129 99 48 59 4 176
0 42138 48 26 35 7 121 10 240 50 28
0 42215 43 22 64 34 116 246 87 46 44
0 42305 20 65 175 149 250 45 20
0 42898 25 20 162 55 273
0 43004 3 52 43 250 72 81 41 8 17
0 43048 36 42 49 36 155 98 120
0 43903 148 2 13
0 43938 150 39 247 251 64 22 71 1 11 55 63 39 57 31 141 32 49
0 43981 8 99 58
0 44342 70 125 21 8 98 10 4 27 139
0 44413 118 60 120 65 66 220 285
0 44504 493
0 44528 1 40 100 40 245 26 119 10 21 3 137 30 37 62 55
0 44547 61 61 53
0 44629 9 41 34 203 27 71 98 69 83 3 22 70 682 17 13 11 263 29 126 16 98 190 212 36 75 1 3 6 25
0 44725 4 24 299 11 49 103 65 26 84 100 11 78 3 68 22 21 43 10 15 206 98 41 30
0 45049 136 99 15 52 145 54 74 41 104 25 165 18 136 208 258 15 374 12 97 3 83 47 68 42 44
0 45149 280 26 30 25 27 9 40 5 259
0 45160 15 97 37 4 121 363 130 50 22
0 45244 311 39 215
0 45389 95 2 264 8 68 27 2 169 243 64 34 33 153
0 45436 161 53 21 26 58 97 116 33 67 25 182 6 67 56 325 28 72 1 75 122 330 6 259 45 15 50 133 67 28 10 117 2 267 29 287 12 173 19 39 25 125
0 45515 107 32 197 19 277 32 106
0 45523 119 37 89 17 30 29 83 20 12 27 90 2 26 139 118 2 60
0 45809 179
0 46056 99 7 52
0 46060 43 34 140 19 32 25 89
0 46069 180 27 46 20 346 11 4 8 129
0 46148 48 54 30 46 112 30 99 44 178 8 6 2 434 45 118 135 55 17 90 128 190 99 79
0 46520 39 23 70 83 71
0 46521 19 21 84 136 376 51 304 32 87 54 19 1 381 12 16 16 23 96 33
0 46831 87 48 32 4 104
0 46869 33 82 252 5 56 59 211 13 2 3 45 65 404
0 46918 128 2 248
0 47398 50 14 15 11 31 33 58
0 47497 6
0 47503 383 16 171
0 47510 15 11 263 37 117 70 36 8 4 67 47 32 44 10 37 17 129 161 106 141 73 17 150 105 26 158 70 14 83 4 245 111 86
0 47531 13 7 57 15 76 1 128 29 86 26 19 11 50 59 93
0 47722 108 43 294 38 71 38 27 9 15
0 47914 17 97 86 5 16 50 57
0 47940 39 32 89 7 91 38 25 32 97
0 48284 112
0 48533 179 1 47 5 78 104 39 4 50 119 59
0 48575 87 42 5 14 290 1 133 168 19 104 2 4 98 32 101 5 139 69 164 13 30 2 174 14 222
0 48819 23 139 59 21 42 18 379 58 93 24 20
0 48967 12 31 138 10 188 17 117 1 102
0 48981 50 77 48 17 174 85 27 5 277
0 49206 193 95 87 33 256 114 53 39 1 18 409 2 614 41 118 188 26 133 211 70 92
0 49251 11 112 136
0 49822 17 29 51 55 30
0 50077 50 86 10 45 12 104 40 3 25 25 4 14 69
0 50346 26
0 50509 179 13 9 117 7 4 25 92 39
0 50569 200
0 50683 9
0 51181 63 21 120 168 73 14 26
0 51232 12 105 305 16 32 8 483 8 14
0 51292 101 14 89 2 147 207 48
0 51428 94 125 55 15 36 56 162 60 188
0 51737 188 1 23
0 51789 100 115 43 59 140 61 96 60 169
0 51797 33 2 9 139 132 45 3 5 115 18 100 37 26
0 51806 46 85 19 69 4 25 50 35 64
0 51894 277 140 22
0 52290 70 11 75 12 44 15 39 220 13 11 85 13 193 52 228 7 32 150 55 57 14 85 1 7 46 44 465 120 185 32 17 1 165 58 231 55 67 1 17 83 31 18 49 27 201 12 59
0 53056 8 78 174 36 103
0 53297 15 7 20 11 29 59 42 138 150 21 266
0 53483 138 6 14 13 28 16 24 24 229 26 152 78 75 5 30 44 86 20 160 151 291
0 53569 87 38 162 1 176 11 287 186 64 29 138
0 53604 218 40 96 67 162
0 53633 100 111 152 3 74 5 125 23 31 32 18 4 10 4 167 33 74 5 35 14 385 6 38 56 138 105 17 101 146 44 153 19 44 132 4 20 80 74 73 53 25
0 53873 2 35 4
0 53904 38 17 7 62 13 96 9 14 159 1 94 121 4
0 54004 166 3 162 6 76
0 54766 120 110 50 43 174 114 176
0 54811 109 43 24
0 54829 94
0 55429 45
0 55785 42
0 55842 90 75 108
0 55955 214 177 91 63 104 97 129 45 64 21 75
0 55975 40 95 100 156 5 30 117 35 227 30 214 11 29 19 115 40 10 162 116
0 56120 73 48 117 42 125 1 15 42 162 10 142 2 46 141 219
0 56242 68 69 67 10 12
0 56426 100 14 38
0 56561 48 61 15 55 62 95 20 106 28 69 31 15 9
0 56761 159 69 5 95 124 36 225
0 56880 1 45 460
0 57743 243
0 57851 58 51 16 64 133 88 30 32 45 31 110 63 111 38 104 17 127 57 12 61 84 68 5 29 223 10 54 3 227 29 75
0 58161 381 77 59 33 29 8 46 25 79 125 44
0 58183 42 61 105 21 144 73 121 49 102 90 196 67 10 19 40 27 71 47 93 36 71 63 53 10 114 22 158 37 108 2 216 87 43 8 165 20 179
0 58542 70 121 106
0 58866 18 240 122 13 40 10 51 33 8 85 36 94 18 38 33 44 214 151 37 66 206 63 72 26 54 35 15 24 537 86 73
0 58907 157
0 59166 25 22 8 111 218
0 59293 106 36 356 77 30 2 56 45 192 86 76 155 138 44 12 35 209 177 94 119 177 10 62 9 106 84 16 197 19 34 27 10 56 65 149 73 32 21 8 11 96 2 374 19 23 40 28 85 15 133 22
0 59369 1 40 112 87 4
0 59546 265 23 41 62 226 43 19
0 59755 59 6 109 57 157 14 5 62 10 23 35 137 36
0 59757 51 10 46 91 81 15 20
0 59777 499 8 137 32 77 1 327 46 26 1 130 234 94 2 73 3 22 8 79 3 53 14 87 120 1 14 25 100 87 49 301 22 11 11 71
0 60471 68 47 16
0 60529 157 7 20 57 149 75 343 48 182 102 37 16 134 70 65 156 375 34 96 8 106 30 24 24 111
0 60695 4
0 60705 54 75 88 75 116 16 119 33 166 47 83 19 171 11 14 218 10 41 16 5 29 1 99
0 60795 13 37 54 21 85
0 60906 273 56 10 55 30 16 32 12 171 27 421
0 61229 10 35 132 12 28 12 108 82 77 157 14 42 85 19 156 67 252 9 87 87 61 67 71
0 61271 25 12 60 59 26 8 12 64 9 9 60 55 202 14 57
0 61359 59 11 22 90 191 79 77 2 182
0 61495 159 24 156 98 159 97 56 54 71 11 88
0 61538 151 29 47 8 173 66 204 4 2 28 82 22 110
0 61625 93
0 61769 110 5 29 124 19
0 62204 237 35 102 51 326 17 55 207 152 43 104 41 99 26 130 37 90 24 114 11 37 28 53
0 62211 130 103 164 12 13 23 9 113 3 72 133 72 237 11 168 18 9
0 62242 72 5 14
0 62294 157 38 1 61 67 147 187 21 247 5 70 172 36
0 62377 223 47 41 58 282 38 124 193 64 42 27
0 62520 53 4 86 54 292 8 45 70 83 62 168 1 38
0 62830 142 165 51 54 171 21 45 18 128 86 48 9 22
0 63020 39
0 63545 177 18 272 69 20 23 211 31 61 47 7
0 63644 11
0 63698 654 12 19 31 233 99 104 71 120 36 133
0 63819 101 47 54 150 132 13 249 77 71
0 63823 128
0 63958 100 78 163 54 270 29 114 28 1 82 32 115 60 29 60 149 39 45 8
0 64075 14
0 64193 37 233 55 100 107 46 28 45 95 105 14
0 64371 15 49 127 74 115 24 209 14 1 59 148 54 39
0 64447 123 31 10 7 54 19 184 32 353
0 64506 12 24 32 1 30 50 131 30 135 28 19 51 581 1 16
0 64903 142 170 61 32 63 106 254 114 23
0 65237 31 68 119 17 79 19 60 84 6 15 15
0 65575 302 25 303 76 128 74 39 127 34 67 148 39 59
0 65744 44 7 28 42 66 7 36 7 36 5 136 2 22 6 246 28 132 21 128 88 16 20 17
0 65784 48 26 85 20 65
0 65949 73 25 42 30 16 4 88
0 66076 45 42 60
0 66157 177 1 87
0 66380 126 1 136 19 141 87 204
0 66538 65 2 54
0 66581 95 38 148 15 11
0 66654 69 40 162 25 77 15 117 4 67 21 97 53 7
0 66801 230 90 159 26 71
0 67016 87 61 164
0 67207 93 13 19 16 206 33 299
0 67261 124 54 57 57 43 22 36
0 67588 11 75 180
0 67604 78 33 128 37 148 37 92 100 30
0 67744 232 83 61 77 17
0 67863 300 15 60 89 43 9 77 12 25 10 196 6 135 50 7
0 67934 47 51 3
0 67952 30 50 409
0 68083 44
0 68218 368 34 46 152 21 10 91
0 68435 229 41 27 81 152 107 46
0 68514 507 4 201 33 177 43 30 250 24
0 68648 156 8 52
0 68870 205 179 300
0 68882 18 20 149 156 20 226 127 8 230 72 80 3 102 56 118 34 52 3 62 90 150 90 232 152 84 185 242 30 14 2 32 69 274
0 69171 13 50 20 6 25 10 160 20 50 18 64 105 17 47 166 97 150 333 189 103 88 13 253 4 99 20 340 34 2 65 119 64 120 64 97 14 87 29 155 128 59 43 207 69 92 20 61 47 35 54 64 22 47 20 32 9 35 19 26 198 44 69 67
0 69450 27 33 74 181 75 49 150 38 120 100 184 66 48 16 127 9 95 95 11 24 54 7 11
0 69634 288 6 28 52 173 27 7 103 66 81 11
0 69636 62 37 30 17 14
0 69651 131 3 14
0 69849 230 61 191 8 53 26 34 4 53 18 231 2 171 15 199 73 182 51 46
0 70191 123 4 68 91 169 18 120 73 85 34 373 61 14 3 65 2 67
0 70351 8 62 74 3 16 3 149
0 70371 53
0 70488 153 166 36
0 70611 38 52 122 8 69 41 39
0 70989 17
0 71050 86 176 67 57 232 142 57 22 42 45 20 105 241 157 24 17 9 110 96 43 250 8 92 36 115 25 51 52 354 105 93 34 24 6 199 7 56 12 79 201 18 3 52
0 71051 110 23 265 27 19
0 71146 27 162 56 40 16 65 2 28 13 46 5 246 6 72 130 95 16 22 12 156 116 10 107 24 237 17 47
0 71370 139 192 267 162 63 35 131 85 207 61 77 68 131 69 65 21 3 170 43 47 17 116 139
0 71401 68 3 50 2 2 17 81 55 37 111 287
0 71655 12 36 19 26 183 51 40 1 151
0 72140 2 85 142 150 149 69 100 31 79 111 33 34 28
0 72155 139 31 176 29 2 50 39 5 113 44 76 5 267 29 28 6 91 55 18 83 220 100 205 25 340 9 2 9 21 14 57 19 35 35 47
0 72331 42 76 264 7 59 3 28 59 106 17 17
0 72362 24 28 36
0 72450 56 73 34
0 72523 28 72 380 50 227 63 18 42 16 45 28 44 13
0 72564 111 61 18 11 86 69 95
0 72582 49 137 38
0 72892 100 13 27 25 101 9 2 54 82
0 73220 16 52 72 70 93 12 131 16 102 42 25 178 154 23 36 118 13 22 26 27 39 3 141
0 73249 90 31 59 37 199 59 57
0 74047 57 32 76
0 74194 34 43 473
0 74463 41 4 1 16 60 4 63 16 65 12 145 125 69 19 30 35 254 19 127
0 74508 26 10 74 91 61 24 145 7 138 20 157
0 74657 246 13 114
0 74833 13
0 74915 67 59 33 65 322 13 115 7 352 11 238
0 75080 21 50 123
0 75089 149 16 95 7 76 43 54 89 18 17 9 234 185 109 123 9 64 41 68 20 16 1 51 25 74 5 58 7 105
0 75120 120 36 33 17 69
0 75268 43 79 24 54 123 35 303
0 75513 80
0 75537 267 30 85 30 26
0 75848 101 37 96
0 75971 85 39 106 13 234 237 29 42 398 24 32 22 16 56 341 5 2 51 125 33 67 115 139 2 87 47 269 25 134 155 210
0 75973 5 200 385
0 76038 64 16 28 46 39 11 44 2 95 9 376
0 76063 69 52 67 125 29 17 392 106 11 13 22 14 141 2 274
0 76245 187
0 76363 8 8 91 44 62 81 195
0 76398 66 140 71
0 76549 105 106 57 185 77 28 10 7 5 77 181
