0 0 480 8 72 69 194 25 171 69 42 148 32 39 216 19 373 70 168 118 22 161 308 76 130 7 43 120 109 65 25 9 109 46 106 13 40 26 14 24 97 66 82 44 14 1 117 21 91 7 41 21 48 26 74 88 30 57 82 58 154 13 256 18 50 21 19 1 37 42 20 43 6 113 129 10 25 36 151 30 18 128 364 7 174 10 33 58 153 131 42 7 113 4 506 139 68 9 219 41 26 91 155 29 54 80 156
0 36 76 38 93
0 91 76 30 46 12 11 2 168 24 29 96 12 30 3 12 26 45 265 56 34 158 3 7 87 73 64 27 30 34 5 64 127 49 135 103 181 62 143 33 119 13 14 58 160 64 46 2 152 29 36 36 6 23 31 19 43 5 14 20 126 42 3 51 67 126 288 43 83 18 79 136 81 13 96 7 132 114 73 73 322 131 19 22 90 148 52 2 339 33 218 63 11 76 117 32 29 62 6 66 19 24 8 11 63 59 273 9 142 22 153 9 24
0 194 120 91 11 19 6 150 118
0 465 38 23 18
0 794 289 69 32 44 216 27 161
0 1063 185 13 56 84 25 30 187 24 148 51 32 170 90 14 13 38 98 120 6 19 309 3 2 17 207 80 36 5 54 10 42 20 257 38 5 37 138 105 76 37 16 22 155 1 72 23 242 187 50 218 88 16 148 26 5 41 22 80 251 85 42 120 38 5 9 37 5 72 94 17 5 54 124 198 210 69 32 4 260 56 189 6 106 41 77 13 92 40 35 5 237 82 115 32 63 23 34 54 79 39 448 4 26 62 10 61 428 86 57 2 132 41 117
0 1243 94 59 4 5 484 75 73 47 51 16 361 2 6 47 58 11 79 156 37 16 2 15 4 10 28 58 91 123 181 26 4 21 61 62 95 41 154 65 262 38 53 51 38 39 26 28 102 13 50 47 29 9 18 40 56
0 1640 154 20 48
0 1666 79 2 102 119 7 109 72 24 42
0 1724 86 39 105 147 383 94 177 4 65 121 59 10 9 5 157 36 161 7 236 3 280 35 11 17 65 4 7 11 7 26 26 51 4 28 60 23 11 13 134 56 25 3 26 84 26 2 129 18 86 26 289 42 256 53 199 26 137 32 181 15 54 5 128 45 23 24 154 158 24 33 1 20 69 18 48 15 66 30 170 51 61 39 113 18 11 74 17 43 139 4 87 87 161 60 22 199 171 35 402 11 93
0 1749 57 9 88 3 241 35 29 53 46 16 118 18 66
0 1888 503 57 474 46 52 10 2 163 136 26 181
0 2106 23 120 40 30 20 47 187 26 96 31 220 39 105 38 122 47 66 56 322 43 7 34 15 36 69 14 86 34 88 13 81 29 550 111 216 40 16 40 212 44 288 42 63 130 329 142 46 71 63 20 14 29 192 4 78 90 241 11 201 49 9 5 121 16 101 28 7 15 50 85 84 1 189 135 2 3 52 5 230 22 37 63 65 153 78 103 35 99 116 46 133 51 17 240 49 16 201 71 55 59 86 43 30 78 79 46 13 79 23 29 114 62 174 8 51 2 185 10 77 79 139 124 211 104 290 46 93 199 246 2 57 39 65 62 62 40 94 105 120 114 71 39 25 31 19
0 2183 9 75 55 23 211 29 24 13 35 102 66 147 155 39 394 15 119 59 73 70 38 24 232 6 36 26 74 27 37 39 252 36 20 1 65 26 4 34 49 51 65 15 28 31 28 22 4 57 8 46 91 152 199 41 63 31 160 12 157 182 11 5 226 114 84 29 22 35 130 17 99
0 2547 34 95 141 81 46 34 68 58 88 1 76 7 9 4 21 153 347 2 28 6 15 54 163 24 4 12 238 3 43 5 135 37 11 15 44 64 165 2 241 189 68 59 34 153 32 15 215 13 36 28 10 50 88 3 99 38 320 136 65 7 12 91 101 26 28 11 37 15 20 36 47 28 45 7 32 8 16 8 48 24 41 4 23 66 98 10 44 226 204 108 27 63 218 2 17 108 34 24 5 3 85 130 82
0 2616 28 139 96 6 36 3 11 4 162 39 41 50 1009 9 25 37 22 10 4 7 47 6 148
0 2814 65 109 25 62 98 1 6 43 89 151 163 72 50 152 184 5 5 36 50 17 37 96 96 28 38 153 244 87 101 107 34 4 46 37 36 12 136 131 164 59 2 6 22 23 212 30 16 18 120 1 73 51 41 60 211 40 313 17 126 35 156 80 356 125 257 122 2 26 198 34 78 92 59 28 443
0 2816 71 52 14 55 16 7 337 22 254 28 36 17 53 24 230 6 242 6 94 55 109
0 2818 121 69 118 99 112 87 27 2 98 3 59 25 175 60 144 4 136 35 37 58 9 12 46 21 102 56 460 51 72 54 44 52 4 40 55 22 75 23 22 8 71 134 102 120 69 24 106 36 5 154 54 67 198 5 33 51 11 7 22 15 18 1 64 23 20 82 10 4 70 125 67 105 22 5 7 89 52 14 5 75 8 16 70 47 11 25 85 4 46 55 189 21 118 13 11 29 158 8 308 47 118 11 54 46 6 103 42 2 256 49 317 52 38 8 88 86 159 217 87
0 2840 7 25 60 26 101 9 33 96 118 9 36 160 393 51 99 47 161 10 180 42 6 5 163 40 56 34 159 17 22 68 1 111 145 25 24 133 12 10 175
0 2871 290 24 43 47 1 19 13 23 174 4 120 54 692 69 147 82 124 57 25 84 13 18 13 22 151 119 97 130 10 128 127 17 10 24 142 60 127 19 51 11 301 12 75 56 84 111 37 83 72 20 380 40 12 108 134 23 21 20 11 162 50 8 145 10 108 86 197 10 106 15 215 33 91 92 41 14 104 163 21 213 29 49 10 44 68 9 159 19 99 87 20 8 37 76 72 23 303 6 32 34 2 29 417 47 65 33 300 34 3 50 176 23 340 2 11 34 99 105 59 117 54 72 231 6 60 5 79 92 129 55 350 5 25 171 101 2 73
0 2976 163 44 46 102 19 15 42 44 37 210 183 6 101 17 2 155 15 47 169 6 38 53 53 158 22 175 9 7 58 49 13
0 3049 146 48 43 73 34 63 60 119 212 91 324 35 163 96 29 19 150 126 208 96 5 22 22 68 115
0 3080 18 62 62 32 7 13 14 3 221 15 562 35 101 32 179 49 6 4 6 72 330 36 95 139 127 84 76 68 115 4 17 18 150 211 108 52 45 77 97 13 10 99 26 10 16 268 55 4 104 37 28 58 44 30 90 6 56 59 21
0 3161 5 31 33 3 64 9 65 67 93 53 45 29 25
0 3329 74 18 73 130 360 11 65 68 88 7 81 24 10 59 17 29 83 81 60 5 6 75 179 14 24 51 136 26 65
0 3495 18 55 79 16 159 90 7 6 167 73 9 137 131 279 174 38 42 137 25 26 343 42 16 39 16 7 36 72 14 31 52 19 49 104 27 19 6 9 121 103 151 33 11 145 16 31 8 43 18 80 67 104 108 63 130 73 153 12 50 41 143 72 68 40 56 66 59 8 147 14 22 16 105 28 159 79 176 106 92 112 181 20 299 70 8 107 9 50 233 94 38 88 214 52 34 14 144 12 41 91 213 21 36 6 231 21 61 12 143 5 23 91 121 25 30 42 8 94 1 6 46 60 65 16 82 9 27 117 80 3 207 3 116 22 178
0 3509 25 3 21 29 247 4 17 24 64 63 8 40 20 35 71 24 58 1 284 65 52 31 1 10 40
0 3524 73 127 40 26 118 59 86 308 224 4 109 127 366 325 254 3 143 106 12 11 423 88 107 112 178 127 50 35 5 26 20 33 117 52 298 5 30 66 91 31 337 8 6 58 63 71 100 27 225 17 53 41 161 2 1 4 128 32 82 52 106 134 26 43 129 49 101 45 120 43 6 26 160 2 34 106 51 54 214 29 234 11 160 14 339 8 210 24 154 150 124 177 173 20 144 36 148 13 70 9 309 105 45 31 95
0 3547 69 78 134 23 59 43 37 37 86 27 573 4 19 20 94 8 104 18 38 88 60 21 13 35 20 86 21 51 6 63 146
0 4242 37 24 5 37 187
0 4721 51 21 29 12 150 13 71 18 307 38 163 1 302 11 72 19 99 3 83 22 112 71 20 33 57 56 158 2 103 26 43 8 260 116 101 2 58 76 26 48 12 58 2 280 128 51 123 37 83 69 80 5 41 16 241 6 264 22 163 61 342 35 6 40 4 15 77 67 54 128 180 44 33 223 182 12 74 109 189 203 3 117 41 46 48 24 227 76 34
0 4951 11 27 471 5 11 65 136 78 126 24 75 4 13 103 29 30 250 24 162 161 76 8 40 10 15 32 206 42 52 120 261 127 68
0 5150 17 33 173 26 133 32 4 5 179 9 10 50 20 26 2 93 23 86 62 64 6 1 172 30 296 8 384 132 121 19 33 6 68
0 5719 111 37 163 258 91 98 64 60 129 46 71 39 31 25 74 38 2 55 46 68 20 227 232 95 79 54 28 120 174 161 76 107 51 52 30 137 120 61 145 3 183 137 43 28 80 78 125 78 2 38 36
0 5783 17 2 126 59 41 45 489 5 62 16 132 3 147 74 288 3 282 2 54 39 102 20 101
0 5800 74 51 27 31 12 50 53 13 37
0 5848 83 122 67 84 86 16 357 12 144 55 19 170 95 7 61 27 32 25 15 24 143 3 161 286 22 122 93 17 59 8 14 48 246 119 140 17 63 89 29
0 5849 151 59 41 156 100 4 22 48 68 38 110 30 73 118 169 26 50 139 175
0 5853 126 7 63 35 228 138 2 131 102 39 288 131 109 63 42 117 50 148 3 25 6 202 179 52 44 177 142 121 97 54 83 17 60 12 152 14 38 29 25 13 15 15 217 45 111 69 68 32 10 63 9 45 127 39 108 21 52 25 61 78 658 6 32 3 49 30 15 133 70 2 193 21 46 16 6 85 49 77 286
0 6227 27 26 98 77 132 151 91 38 138 93 206 2 73 55 49 53 3 2 62 8 9 21 51 40 109 117 62 29 157 68 3 31 3 77 81 30 46 42 96 1 166 22 44
0 6436 8 104 173 24 247 188 58 141 230 83 130 81 103 42 72 31 53 21 23 57 86 59 144 5 311 15 161 3 112 85 24 140 1 16 96 6 20 13 98 174 361 16 32 35 7 4 161 48 16 196 174 24 33 48 208 5 22 49 88 37 23 40 12 36 416 29 153 11 52 9 179 122 180 4 80 40 84 72 83 92 37
0 6615 125 27 52
0 6622 26 3 20 131 121 6 55 28 94 53 33 23 172 105 16 30 70 47 303 28 70 27 5 25 8 5 122 64 98
0 6669 40 28 25 5 1 13 11 65 137
0 7179 113 75 10 54 242 1 208 8 8 17 115 16 87 18 61 6 31 10 8 63 48 33 42 37 45 8 34 20 371 21 211 1 165 157 31 26 37 115 16 118 25 10 22 59 1 71 62 4 94 9 2 56 11 97 124 72 133 10 39 165 77 117 55 125 121 151 4 12 20 40 57 16 12 38 65 7 31 84 85 22 43 73 119 48 76 49 135 4 251 45 40 14 51 16 36 38 129 70 26 17 7 7 112 23 184 136 85 15 35 11 62 51 26 17 60
0 7222 299 52 479 13 149 85 19 65 195 42 211 1 300 36 3 42 53 74 162 9 4 67 58 9 62 130 432 9 49 3 4 15 58 24 360 28 123 158 108 43 67 5 256 5 116 29 55 100 150 1 132
0 7492 21 30 52 28 13 13 79 60 47 26 14 91 113 147 166 75 5 77 249 22 49 33 188 78 102 56 89 43 105 7 101 7 22 21 137 71 748 32 150 46 22 72 79 355 44 16 92 106 17 23 231 19 153 30 104 12 43 3 180 62 231 15 193 16 46 49 220 104 3 2 5 17 45 9 207 4 144 103 67 84 6 73 41 25 104 17 138 58 10 2 73 29 533 39 346 7 23 79 118 5 16 29 43 1 12 21 22 150 98
0 7601 180 27 439 32 78 2 124 199 108 70 103 121 61 49 75 115 39 112 253 38 1 169 183 85 125 66 157 31 352 1 13 9 83 13 259 159 106 31 120 53 61 64 15 35 27 40 22 76 136 24 99 135 13 14 88
0 7783 50 178 262 103 95 22 123 3 58 166 20 90 10
0 7954 115 31 161 1 88 41 64 123 25 49 30 32 143 42 2 71 161 15 163 107 435 19 7 80 20 150 151 56 231 176 241 4 256 12 15 72 65 38 592 2 78 13 41 96 21 21 95 6 87 103 57 41 121 107 11
0 7987 134 26 270 9 102 28 66 51 303 10 22 7 237 11 128 56 19 13 46 200 330 19 120
0 8203 25 19 16 3 1 42 107 18 68 28 47 200 138 14 42 64 18 64 38 17 66 11 30 107 5 30 125 20 11 15 188 19 381 8 16 77 427 24 63 20 363 76 13 18 31 28 2 1 48 77 335 21 217 13 40 41 258 45 157 32 191 42 63 89 68 15 55 68 6 246 33 51 146 25 23 51 95 20 151 46 33 10 364 138 137 25 33 56 48 33 99 46 55 42 46 1 27 8 6 7 51 67 7 23 223 4 65 24 60 2 168 30 203 43 32 46 151 41 16 94 1 21 1 13 413 41 14 29 52 58 20 52 8 9 1 20 143
0 8463 5 24 66 38 432 20 55
0 8474 43 43 2 90 53 46 135 57 102
0 8489 72 8 96 114 170 113 54 41 161 68 87 30 63 11 61 177 101 105 289 107 29 322 30 88 192 29 150 40 165 13 31 30 86 295 26 40 65 43 168 101 44 181 123 23 473 18 12 37 65 113 65 30 43 13 102 19 15 39 85 10 246 29 118 31 27 76 36 5 77 8 120 19 8 28 137 10 19 36 88 73 36 18 5
0 8532 69 26 25 68 70 16 181 189 16 97 12 241 59 18 183 2 93 39 53 188 20 134 8 38 248 138 130 80 20 9 122 11 84 50 186 42 48 24 151 6 1 7 158 7 51 85 56 24 167 16 212 62 5 69 13 58 21 17 26 5 99 126 21 53 318
0 8715 122 55 62 13 30 18 26 29 146 190 32 176 201 54 235 3 56 19 55 63 109 168 26 43 58 119 35 33 62 74 207 41 308 64 44 34 20 169 34 64 38 12 176 39 69 31 49 27 2 94 117 28 69 52 70 36 30 82 122 45 29 60 3 48 102 34 63 24 97 4 16 63 1 79 98 92 265
0 8873 74 36 49 81 314 2 33 116 41 21 29 94 58 3 36 7 4 53 49 29 155 84 28 89 86 79 44 10 24 82 66 2 8 69 10 73 53 3 191 28 44 21 22 70 76 12 82 85 106
0 8987 2 55 16 53 54 55 66 144 12 71 27 45 167 16 38 24 203 86 76 60 122 39 72 65 11 65 85 49 134 139 20 9 24 5 16 1 1 82 6 77 6 98 89 193 10 29 125 165 53 113 42 14 106 30 134 30 159 21 158 98 397 16 39 17 101 50 111 141 6 87 37 16 223 90 70
0 9311 189 83 19 65 5 175 339 24 50 64 9 77 55 3 12 87 47 111 110 9 11 24 86 98 46 66 22 9 238 10 116 32 215 33 71 29 103 55 95 21 191 34 51 6 53 133 28 59 10 10 2 71 41 29 49 26 259 44 32 64 52 91 258 216 41 41 58 156 74 68 107 74 18 8 29 15 228 39 252 26 40 48 43 64 44 32 34 21 16 18 217 80 22 45 197 17 5 1 68 14 142 11 3 22 53 85 2 55 126 132 99 46 39 40 139 131 150
0 9773 39 22 6 3 8 27 46 2 2 67 43 39 145 57 66 3 8 47 368 11 100 16 139 144 76 5 39 16 82 30 151 30 68 23 113 64 18 25 27 12 453 9 39 22 200 6 109 65 59 7 187 16 34 7 13 5 477 9 85 7 259 20 133 1 40 36 137 12 39 94 225 35 153 25 178 30 16
0 9954 10 107 45 10 199 182 152 77 115 39 90 75 14 50 89 62 24 47 336 138 594 23 48 34 153 42 71 7 9 17 121 3 4 25 99 14 7 80 175 36 153 183 19 3 41 136 10 69 27 72 29 55 125 106 13 44 46 13 48 13 100 2 283 33 25 28 44 3 9 28 22 65 18 5 227 12 6 25 253 24 71 23 6 127 46 53 121 29 209 53 174 38 13 31 13 10 33 8 70 100 12 11 150 29 180 45 131 2 345 60 44 17 73 138 32 27 194 24 65
0 10033 62 135 222 1 61 19 9 21 120 13 256 31 46 14 40 91 49 40 252 47 227 160 32 126 451 17 245 65 83 134 63 146 124 59 103 18 73 120 57 54 1 71 57
0 10258 7 13 30 1 53 40 1 57 394 35 204 18 72 104 16 76 55 54 630 4 177 6 159 61 115 52 117 46 110 84 30 44 293 54 71 21 718 2 104 3 548 121 96 29 27 18 17 3 10 151 73 10 276 15 125 138 502 23 22 79 22 10 60 22 38 92 192 51 50 10 106 11 157 141 42 42 88 94 21 45 12 169 3 10 166 48 59 32 41 83 157 6 308 4 48 26 18 70 23 60 1 2 25 52 70 34 29
0 10574 24 78 120 4 234 4 99 4 66 52 113 4 47 48 281 94 66 32 41 8 84 7 43 103 139 18 93 1 13 118 254 9 124 50 390
0 10700 168 44 382 20 78 2 70 27 37 30 27 3 23 103 194 17 13 11 7 39 71 50 77 38 186 1 298 11 136 80 1 50 396 131 99 31 64 21 6 23 28 64 43 42 4 132 67 51 19 42 62 2 46 31 95 14 49 8 46 5 4 140 2 9 627 233 24 187 128 21 178
0 11209 24 195 135 36 244
0 11245 69 68 139 95 117 10 16 41 135 179 43 91 2 43 125 25 51 25 114 138 82 21 51 27 281 23 47 8 93 18 10 110 92 30 94 21 34 48 173 83 43 67 28
0 11493 59 32 127 32 14 43 150 41 33 71 412 33 80 26 61 26 62 86 58 39 81 12 115 109 248 75 139 32 133 41 70 25 37 4 4
0 11891 15 234 19 1 95 24 536 13 2
0 12223 121
0 12311 59 4 380 11 42 32 57 20 1 9 8 167 11 49 247 9 27 106 117 4 68 69 242 24 58 19 190 32 20 49 70 30 39 20 73 81 4 1 115 44 106 7 6 106 44 34 60 59 116 13 24 53 48 95 87 47 3 131 24 88 154 53 33 21 6 37 221 179 94 2 29 120 17 126 197 81 119 105 210 195 47 35 23 181 127 89 80 21 24 12 23 56 36 99 36 1 119 24 8 54 181
0 12372 67 157 93 60 125 208 1 6 53 130 197 80 80 220 91 1 84 109 80 9 105 15 8 87 24
0 12393 121 51 196 8 69 205 3 69 117 7 285 5 302 134 240 62 14 4 10 166 270 25 201 157 34 13 26 7 9 73 21 79 5 4 92 84 163 38 291 32 17 29 203 15 88 83 25 36 235 48 51 27 175 37 88 69 107 53 29 31 46 122 464 42 26 18 61 48 24 120 29 70 17 43 106 66 27 55 131 113 36 2 6 5 139 10 8 30 35 13 47 200 40 166 249 49 131 108 24 9 23 2 2 149 34 89 2 20 15 66 25 3 5 58 81 4 87 8 19 132 99 74 93 3 87 12 153 2 13 126 31 22 112 53 126 45 137 209 517 3 128 25 67 15 145 18 75 83 72 6 605 106 19 24 396 96 70 3 69 284 2 45 1 31 8 16 35 26 88 57 131 8 11 125 159 73 100 11 171 1 188 14 109 27 53 23 335 147 42 27 8 23 40 151 82 40 152 29 71 46 34 1 55 12 129 39 70 129 19 60 161 39 368 1 26 176 2 45 6 5 70 23 269 19 134 1 112 5 148 5 78 29 78 27 86 54 44 53 324 33 53 82 239 56 107 20 274 40 27 98 111 18 16 2 53 17 58 1 271 95 65 25 163 177 36 74 80 30 31 26 116 11 22 8 65 55 75 78 109 3 77 63 30 9 2 73 79
0 12411 388 11 429 130 85 4 13 4 155 14 312 57 52 69 117 92 10 75 62 100 43
0 12861 89 27 109 29 72 32 11 32 16 38 24 32 16 13 147 121 61 43 10 14 66 82 55 44 292 17 42 62 92 5 56 14 48 8 155 86 417 20 195 30 14 137 112 61 158 63 100 4 284 39 53 30 19
0 12880 150 38 20 38 2 45 39 6 84 54 80 27 7 23 96 7 134 46 51 20 49 2 225 33 150 150 69 71 64 3 148 35 10 23 13 18 63 5 277
0 13033 91 32 43 14 306 142 74 65 372 50 46 52 118 4 44 58 15 1 147 204 116 95 234 7 90 25 40 22 90 169 27 113 125 104 159 24 68 41 2 12 189 51 28 30 101 12 176 14 245 4 15 40 88 8 534 17 95 65 31 11 141 28 434 28 3 10 424 11 73 3 24 7 55 73 65
0 13110 49 48 25 17 202 90 9 11 53 56 28
0 13503 37 196 127 25 56 6 72
0 13508 28 114 22 86 64 15 4 117 91 6 73 26 64 89 335 51 86 1 33 11 61 39 186 3 125 47 40 19 5 63 31 3 20 61 22 37 97 13 104 6 190 43 35 154 647 4 109 102 1 11 5 51 4 39 71
0 13526 31 61 67 13 127 39 82 22 27 147 258 62 180 88 7 174 119 25 57 14 266 45 48 40 6 55 69 88 1 44 37 51 39
0 13792 48 18 243 4 91 25 157 112 52 44 188 8 58 7 279 1 82 49 86 83 408 10 8 47 170 2 3 44 145 27 140 35 28 19 18 170 43 12 44 2 202 73 43 14 9 6 26 56 12 47 154 5 59 37 99 19 109 23 5 27 63 58 410 24 208 27 17 53 239 63 121 37 442 31 200 12 24 52 108 23 161
0 13799 18 19 294 159 180 44 280 13 11 170 95 60 150 23 314 91 218 3 424 71 6 91 126 55 93 177 244 155 35 48 171 33 1 29 184 138 347 29 164 1 51 73 286 67 59 63 16 34 56 77 65 128 25 27 8 73 77 2 182 49 76 8 38 26 225 41 12 166 311 5 20 20 10 105 2 60 134 3 65 12 232 36 90 186 333 43 31 16 240 23 3 53 186 22 68 22 182 1 47 34 103 1 171 40 166 21 27 13 12 158 48 47 252 15 75 14 50 21 28 98 188 35 210 33 159 55 108 39 49 57 53 79 224 4 102 58 9 163 200 44 173 14 21 106 61 17 40 130 154 17 41 58 46
0 13800 25 5 22 133 57 45 17 98 350 14 131 41 138 53 44 1 83 120 130 14 359 32 214 12 195 109 34 85 41 20 22 92 6 8 38 1 92 16 23 10 29 70 39 45 68 2 15 115 67 26 72 22 12 71 66 9 36 29 77 43 20 43 231 39 4 151 56 13 187 37 64 85 66 17 111 14 35 18 72 26 86 73 41 32 75 7 237 66 13
0 13985 11 131 59 63 12 152 18 1 193 43 53 24 124 126 136 137 10 24 19 144 146 37 110 13 85 30 114 317 16 12 107 33 142 25 51 20 166 48 56 113 104 26 4 24 293 14 203 64 98 10 42 13 110 21 215 30 201 20 81 26 90 6 531 12 25 44 327 119 151 15 369 85 95 1 132 20 128 78 7 26 49 5 423 57 57 27 83 52 21 23 115 51 177 99 252 146 26 204 253 5 258 16 64 10 8 16 91 14 79 10 81 72 38 20 92 64 87 110 110 15 113 12 418 29 416 17 151 53 83 6 139
0 13995 17
0 14011 369 47 23 11 118 134 174
0 14073 17 4 85 42 21 58 18 60 357 62 31 53 22 21 105 16 36 18 120 19 134 119 126 25 101 50 77 114 103 14 179 15 32 131 31 87 215 48 95 291 60 4 24 11 24 2 46 9 162 67 150 60 97 25 118 22 339 58 39 19 16 160 228 80 73 1 267 207 153 9 50 8 97 5 386 22 79 40 37 37 4
0 14117 11 106 42 1 205 24 54 1 119 4 10 17 7 79 18 16 56 14 26 12 21 26 148 15 2 11 74 16 12 9 163 61 42 3 272 2 30 9 196 25 207 48 12 26 4 13 48 19 2 71 90 23 81 44 58 16 47 18 104 83 48 105 25
0 14251 37 4 139 49 118 2 163 29 83 32 230 36 91 3 59 8 160 125 115 15 17 22 81 9 191 113 1 185 67 62 13 431 276 151 42 63 51 8 86 59 84 40 1 8 5 41 104 138 230 138 108 18 122
0 14272 33 40 9 24 58 10 133 54 92 3 322 162 309 72 21 58 184 51 154 7 197 151 9 319 192 191 263 98 39 13 23 60 99 120 96 9 23 44 312 22 55 36 124 71 121 70 87
0 14370 283 5 107 28 17 55 58 23 258 29 90 40 6 35 35 9 137 41 132 89 89 101 27 114 21 26 21 88 54 14 12 14 168 31 16 20 43 35 143 1 57 12 174 138 19 74 6 10 136 98 47 35 48 69 254 35 49 28 71 35 135 70 67 79 3 152 93
0 14596 70 107 112 5 66 21 99 47 11 20 535 25 276 13 122 67 195 35 93 42 20 48 24 76 359 31 1 18 154 6 58 9 14 21 3 63 44 7 86 16 68 133 113 5 54 34 32 47 193 54 111 16 20 3 14 1 115 33 54 6 139 51 45 99 52 3 48 116 87 6 66 95 31 78 17 48 19 193 86 102 67 2 91 24 48 17 78 140 99 7 260 54 205 12 66
0 14647 34 51 240 34 261 192 17 54 122 38 116 47 140 1 58 39 205 22 76
0 14692 141 224 141 30 142 10 38 11 54 60 20 1 87 62 24 16 3 34 120 29 119 124 19 8 147 37 386 125 243 103 38 10 8 45 125 66 104 28 74 132 208 114 136 15 47 20 19 8 93 35 43 1 10 135 19 129 133 10 60 37 40 156 157 39 12 41 92 27 34 35 102 41 33 49 467 2 40 27 139 44 90
0 14966 37 95 150 70 220
0 14991 227 322 19 1 53 28 40 60 316 15 5 84 17 7 92 107 84 9 249 6 38 45 515 55 41 99 7 40 23 32 38 105 79 20 15 20 29 2 190 58 2 90 237 24 157 154 66 51 37 58 5 5 48 16 37 59 142 140 50 19 69 67 161 86 7 173 317 3 14 29 67 9 24 11 110 20 119 13 89 66 7 18 81
0 15007 25 13 42 169 188 107 26 2 111 167 1 222 1 37 11 64 117 2 9 105 149 25 122 81 152 13 8 71 9 170 113 213 25 37 79 4 71 3 306 60 87 120 179 30 81 15 43 101 6 78 55 20 114 6 60 36 41 9 7 58 81 39 107 98 16 15 23 6 30 10 35 8 187 48 13 3 43 76 11 10 81 28 229 2 4 71 118 43 121 71 32 4 251 33 92 4 13 10 121 102 308 119 8 15 235 59 52 6 107 82 181 98 139 152 24 6 130 27 32 16 65 22 43 115 78 36 300 207 248 26 93 2 29 6 42 3 61
0 15112 4 26 27 7 185 81 4 20 20 20 123 35 161 92 176 12 320 66 88 30 109
0 15165 118 42 21 94 115 42 282 38 36 3 76 44 170 5 130 42 13 12 36 39 20 124 113 31 66 9 133 130 371 97 95 59 20 19 1 89 264 15 32 53 176 8 107 45 90 10 308 27 31 97 56 1 217
0 15533 6 9 6 264 33 49 24 42 33 11 199 12 228 2 59 81 6 37 21 126 16 42 21 6 70 18 327 37 113 33 70 8 35 38 129 53 56 2 129 1 34 39 129 108 216 12 15 39 14 86 57 9 46 17 132 2 10 2 32 20 261 105 131 27 42 23 150 19 318 228 68 151 50 54 100 16 116 20 4 53 74 132 20 13 6 170 44 4 40 6 55 76 132 4 15 26 118 21 111 1 32
0 15683 138 112 240 12 88 44 84 87 15 47 228 58 111 17 240
0 15848 2 146 26 25 88
0 16165 128 18 115 17 74 94 79 39 37 8 1 85 6 87 40 61 196 14 243 26 99 18 26 15 6 61 147 8 323
0 16184 214 37 208 10 121 93 135 6 37 33 19 81 121 17 58 21 16 64 119 93 42 108 111 80 116 22 254 2 5 37 54 2 22 20 92 15 39 135 47 4 72 65 111 14 42 80 38 4 300 9 313 3 175 20 112 33 254 89 154 1 20
0 16187 106 57 18 103 60 6 131 37 43 5 3 7 104 5 181 40 48 36 207 9 61 24 69 120 82 106 65 69 107 31 36 41 59 104 233 33 12 11 53
0 16407 102 2 23 8 4 32 346 29 39 80 36 78 255 44 25 32 111 68 106 68 249 63 13 18 23 92 249 17 109 108 16 23 169 37 72 32 13 103 3 85 164 18 35 11 26 28 156
0 16586 90 3 21 36 17 14 39 21 81 2 251 49 83 48 331 6 447 27 238 36 251 80 250 18 118 8 3 43 402 44 20 260 165 59 123 2 117 55 210 91 1 100 30 37 42 24 3 66 95 17 80 14 477 25 97 22 272 27 194 59 259 143 56 86 70 25 106
0 16696 26 90 12 114 129 41 112 109 307 62 273 25 188 78 8 3 57 10 27 47 3 92 342 38 66 39 68 120 558 8 51 57 9
0 16805 28 45 372 7 12
0 16848 51 41 266 3 95 126 367 19 135 7 19 13 186 75 28 2 65 29 143 26 148 182 18 23 155 15 118 79 106 142 418 33 331 15 39 78 111 130 73 65 24 16 89 8 76 79 7
0 17049 257 85 52
0 17076 215 10 113 26 49 80 13 20 32 62 96 27 303 62 247 52 43 48 161 81 2 59 257 28 24 79 41 12 1 66 184 28 7 8 207 79 28 187 2 34 41 80 113 175 41 17 130 1 14 52 1 41 266 15 163 7 38 23 27 112 240 57 86 1 15 37 16 72 52 30 31 27 35 32 36 12 24 31 39 45 121 4 63 44 82 225 30 7 57 40 57 24 19 47 8 13 100 132 132 61 23 52 35 51 33 126 17 32 67 59 13 13 19 9 316 54 6 58 47 73 70 7 32 10 434 44 17 47 176 26 4 11 1 62 39 14 56 50 52
0 17147 14 23 143
0 17360 121 233 3 75 18 8 279 20 7 26 324 14 125 23 133
0 17456 41 21 24 154 5 9 64 146 45 96 15 1 21 79 37 105 23 15 115 70 1 40 64 105 94 6 205 18 9 17 80 56 39 13 4 165 28 61 1 91 40 18 4 99 237 55 226 26 84 52 40 89 193
0 17460 117 77 15 83 142 51 152 1 196 22 155 46 45 2 162 6 3 5 56 5 200 20 153 57 327 30 72 147 38 22 58 64 115 54 6 3 42 26 90 107 70 54 14 14 120 55 165 73 42 94 60 63 173
0 17553 76 18 5 2 19 17 273 63 8 96 27 119 8 103 130 7 33 13 240 28 265 51 131 106 20 54 10 35 3 13 6 194 295 61 48 140 32 10 119 53 6 97 85 87 3 16 82 180 11 180 149 16 17 70 96 38 10 28 391
0 17666 43 75 53 10 194 35 92 72 26 36 3 4 8 89 42 3 34 30 61
0 17738 157 18 16 46 34 23 48 19 444 4 13 58 234 58 98 79 304 9 21 7 58 39 19 326 80 126 186 39 122 13 49 31 61 2 30 1 35 7 194 14 187 65 40 38 12 135 67 12 74 2 16 235 39 36 65 74 20 73 104 61 190 15 130 35 86 337 114 52 451 124 51 42 114 16 172 90 120 3 108 1 20 58 101
0 17907 133 129 7 107 192 14 7 20 9 2 20 98 10 22 194 6 138 14 77 29 62 7 47 161 77 107 4 22 86 44 55 93 97 12 15 41 24
0 17946 51 10 111 2 151 8 13 57 54 17 87 2 80 69 91 5 125 38 14 9 38 26 99 8 42
0 18732 26 7 69 23 12 25 116 8 6 54 163 12 19 90 189 27 72 84 57 63 119 8 20 15 66 2 80 13 151 35 117 23 9 4 145 149 26 6 53 22 102 2 112 95 467
0 18919 91 14 90 5 75 48 172 12 203 144 1 109 215 13 45 38 78 92 27 37 53 8 71 139 20 58 25 47 29 10 173 44 22 71 23 13 51 2 12 63 80 3 89 58 150 56 150
0 19186 12 90 1 147 32 62 18 13 7 13 45 64 22 12 47 4 85 45 24 385 35 53 33
0 19549 57 109 70 14 169 36 188 19 139
0 19598 168 5 253 78 23 68 55 9 38 5 24 61 16 13 60 42 77 12 33 37 76 11 84 8 276 25 402 160 30 5 51 35 5 88 1 12 5 50 16 60 12 53 128 16 13 16 154 21 79 70 57 20 39 35 113 46 190 6 49 294 1 125 110 13 162 35 38 18 20 27 8 47 31
0 19706 536 68 392 10 48 113 137 58 34 110 29 2 10 41 55 2 25 157 47 65 244 13 12 20 28 14 17 44 72 56 33 155 130 50 54
0 19805 36 67 27 34 7 183 67 321 179 3 43 37 19 106 119 38 144 12 155 33 86 44 117 82 127 107 21 71 123 16 39 31 28 10 206 4 20 53 77 112 84 39 71 98 402 63 61 22 53 24 116
0 19825 49 13 40
0 19936 49 127 55 6 11 48 192 30 83 7 88 50 240 95 318 9 37 2 175 82 119 9 24 136 55 7 92 109 11 16 49 20 32 130 25 60 7 35 4 15 30 79 59 99 105 268 301 5 40 41 41 67 21 34 1 87 32 62 208 84 3 25 81 3 201 132 30 75 79 98 172 6 504 70 143 26 35 19 241 57 36 129 113 3 43 24 57 95 10 71 103 30 31 27 184 8 74 24 44
0 19979 264 415 23 11 145 51 11 24 112 42 27 70 6 9 174 1 14 9 12 16 45 19 324 78 120 37 251 10 8 15 63 56 217 1 65 13 102 90 90 9 21 11 152 119 1 2 45 39 65 26 115 121 36 9 697 52 23 31 17 95 78 1 68 79 92 1 213 19 41 36 71 47 116 2 26 80 216 48 37 210 255 51 86 18 173 74 81 37 100 13 138 29 86 83 235 163 96 20 2 33 48
0 20441 95 45 1 69 109 8 106 130 153 23 108 117 90 55 97 3 104 99 39
0 20622 12 87 98 5 52 236 221 336 75 38 30 35 261 50 55 46 273 98 91 30 359 72 45 77 35 3 110 100 101 85 191 39 28 36 121 4 185 60 4 110 95 84 231 66 98 12 10 30 259 75 103 52 32 16 206 108 63 23 2 1 64 6 42 34 104 2 131 29 312 97 150 74 134 74 149 117 10 15 75 107 19 104 41 35 74
0 20751 50 168 31 110 68 98 409 27 71 5 1 35 31 120 503 94 268
0 20769 102 199 498 11 139 108 44 111 24 7 43 54 487 182 106 36 58 11 109 202 254 178 33 29 228 25 28 24 19 55 44 96 188 73 39 16 129 19 30 27 84 25 87 18 64 28 125 82 65 39 170 110 103
0 21376 302 6 151 22 216 139 171 6 232 20 102 59 146 11 156 30 130 18 4 25 87 104 213 11 277 5 183 15 86 86 116 20 31 189 26 15 13 139 107 28 164 81 76 104 56 90 235 14 230 110 224 49 20 40 27 65 24 35 319 3 7 118 55 23 216 61 31 42 153 6 237 49 153 15 19 51 12 49 76 125 14 64 66 30 467 34 209 53 9 7 12 119 167 42 41 173 10 68 39 62 38 22 10 20 2 52 77 73 153 32 69 10 41 47 147 11 60 76 95 11 9 1 594 75 37 124 203 94 17 148 19 30 136 50 11 33 16 133 102 23 104 5 62 93 369 43 26 34 333
0 21696 377 135 35 9 167 95 8 12 244 74 3 41 95 84 28 3 51 5 27
0 21781 94 10 7 86 21 110 13 48 124 61 23 114 450 11 78 40 96 103 3 102 168 9 18 4 45 28 33 14 6 22 16
0 22234 126 19 36 4 48 4 10 46 70 105 4 104 2 30 37 196 203 40 3 17 252 67 644 145 15 74 93 82 58 50 50 17 104 11 28 21 262 86 91 38 98 131 351 25 77 40 231 4 96 77 51 38 62
0 22295 119 10 107 30 23 3 23 7 114 71 91 3 9 17 37 2 242 3 38 19 102 46 34 40 80 9 4 1 123 108 382 40 61 29 8 12 429 16 87
0 22327 155 29 74 137 10 126 259 23 137 23 63 35 318 31 4 66 155 56 77 35 287 45 92 9 77 14 27 78 35 7 9 30 179 3 14 25 20 5 1 74 234 35 94 11 48 6 19 90 5 7 7 4 263 8 26 26 86 70 52 28 6 21 83 54 303 77 48 22 9 3 12 32 41 9 4 14 485 44 58 44 430 10 25 20 179 5 49 26 29 12 3 27 32 36 276 71 7 173 91 3 199 104 30 75 21 2 97 50 209 144 283 205 111
0 22430 38 73 24 355 6 9 330 275 148 47 186 6 189 3 458 93 6 6 169 2 141 107 63 48 16 130 75 42 53 131 25 90 361
0 22563 382 19 39 18 19 1 23 41 4 112 23 60 15 58 24 80 25 10 37 11 107 6 275 88 55 114 45 20 59 7 343 63 56 83 11 54 4 31 44 28 210 52 141 3 234 38 363 14 95 76 29
0 22570 25 162 89 34 124 45 74 116 98 14 272 8 148 10 33 45 137 36 70
0 22831 182 187 122 23 38 5 22 75 12 23 31 67 235
0 22968 16 77 422 33 230 7 14 22 10 100 407
0 23108 70 7 105 43 87 41 19 10 44 7 61 44 172 173 136 105 48 10 80 46 48 2 131 48 24 46 123 63 148 17 59 115 435 4 80
0 23211 46 13 78 54 65 2 183
0 23284 223 33 152 13 87
0 23304 18 18 106 159 33 39 32 37 113 105 231 12 15 10 132 6 15 38 24 89 63 37 99 58 70 23 205 57 18 1 128 18 39 3 41 81 13 18 272 95 29 81 166 135 165 116 204 93 105 12 288 15 95 59 565 26 5 41 8 23 48 13 118 13 50 23 210 44 145 23 81 149 66 167 78 63 29 99 107 7 191 76 93 7 250 71 117 71 2 29 17 69 49 69 17 3 402 63 14 11 67 152 3 315 41
0 23514 40 40 109 39 166 15 54 34 158 30 4 9 34 26 68 126 55
0 23747 99 65 57 39 68 39 41 29 227 1 82 25 13 37 22 34 29 72 89 21 295 13 12 77 149 171 16 3 163 2 406 91 39 16 7 18 22 49 85 72 32 96 35 55 201 196 157 24 280 73 106 41 21 95 113 23 49 136 32 77 2 91 35 49 347
0 23927 156 65 3 20 30 121 103 104 36 39 79 4 154 57 107 33 180
0 24047 12 39 2 25 57 34 289 50 164 17 208 50 58 77 77 39 73 41 91 14 244 58 4 58 12
0 24061 113 67 213 2 386 5 16 102 173 40 8 88 146 48 152 13 93 53 165 2 6 2 226 74 11 50 9
0 24103 153 8 35 7 38 85 71 5 166 125 90 28 148 105 100 40 188 48 101 1 29 15 160 72 16 41 53 21 52 37 172 24 80 38 14 14 32 106 272 118 3 51 143 81 116 9 25 83 2 63 451 74 22 57 2 40 18 51 13 3 102 134 58 85 50 12 76 19 256 25 31 44 44 31 98 125 144 106 142 73 101 48 64 53 33 31 26 53 47 2 80 96 162 41 43 18 7 66 30 4 32 127 95 56 151 40 12 17 6 62 44 8 7 116 218 15 12
0 24152 85 11 102 187 134 74 85 26 41 42 99 80 39 47 182 99 110 36 327 5 46 8 37 195 59 51 218 13 38 25 83 40 28 46 246 11 13 25 1
0 24174 219 63 89 87 55 125 68 79 330 64 156 22 46
0 24313 111 232 74 30 15 28 24 25 58 82 83 51 17 20 210 210 219 182 101 27 54 38 45 58 3 6 22 58 3 12 165 47 6 58 89 45 56 110 140 110 55 8 77 68 39 5 87 29 21 170 106 6 49 33 371 51 54 160 134 23 506 5 247 29 28 4 12 2 29 93 234 75 210 17 33 44 23 30 78 12 151 58 129 32 15 8 106 11 83 28 72 90 12 12 71 36 83 22 4
0 24362 413 114 116 4 95
0 24558 91 109 13 17 75 22 155 36 1 55 6 49 64
0 24706 2 11 176 255 45 63 1 11 126 20 18 87 91 12 261 33 50 84 78
0 24966 103 43 39 82 65 41 91 82 76 47 71 34 240 61 109 2 81 23 50 81 12 9 24 42 23 21 271 70 28 12 32 12 16 45 14 13 64 5 98 33 183 6 67 32 8 73 112 76 22 29 300 13 22 53 197 58 64 30 46 51 17 57 135 16 95 68 53
0 24973 350 118 203 63 8 60 9 177 8 21 233 26 5 18 83 20 82 125 35 10 145 1 44 84 42 8 169 7 21 4 18 14 19 19 80 35 53 9 192 8 4 52 300 8 23 130 181 103 64 13 59 46 48 16 166 69 381 54 67 34 240 14 73 12 11 80 69 44 221 9 58 15 182 2 12 30 114 42 92 49 63 109 99 82 202 66 254 21 197 178 117 70 278
0 25189 92 216 87 30 114
0 25500 104 22 17 26 190 39 206 46 29 75 9 7 134 42 66 23 23 51 6 370 268 105 176 115 25 13 75 50 71 27 28 12 108 15 10 23 187 7 259 76 84 10 99 19 33 37 80 2 100 28 1 66 41 69 50 23 177 99 139 22 288
0 25531 245 41 36
0 25801 12 3 8 6 78 95 105 24 175 41 18 14 169 40 49 26 52 23 114 5 102 31 19 43 40 34 145
0 25809 26 122 125 26 13 14 1 27 136 64 41 74 73 3 13 19 62 6 190 4 44 13 60 30 64 9 121 95 139 18 31 32 53 15 329 111 21 127 176 2 131 30 16 15 10 94 103 18 6 67 26 176 107 35 103 66 70 50 29 117 30 1 29 1 32 73 200 3 76 16 56 20 202 64 142 25 330 24 18 25 130 203 174 159 75 55 297 105 21 94 65 148 155 4 33 17 2 72 76 90 58 30 16 13 232 15 71 67 27 29 10 84 120 43 32 114 135 41 38 43 39 52 52 45 59 89 203 155 76 125 118 1 6 15 414 46 2 20 102 2 10 53 269 69 87 20 228 58 9 111 14 36 27 69 374 118 317 34 39 102 91 336 118 125 63 163 2 57 193 79 19 7 120 55 73 162 21 31 51 38 6 77 39 19 57 31 82 4 27 72 93 12 40 85 157 17 9 30 6 40 137 23 387 11 48 42 63 57 95 9 122 33 192 30 95 62 61 38 94 9 13 1 58 257 201 28 108 26 25 36 100 158 27 6 12 14 3 39 321 59 76 29 19 11 95 10 10 1 4 17 110 16 58 32 121 114 40 39 18
0 26201 73 6 55 90 21 24 151 66 154 62 143 77 21 136 1 95 95 1 146 32 577 39 173 19 199 1 19 210 35 23 125 7 27 8 68 1 283 12 177 68 126 11 23 11 69
0 26224 23 11 188 55 24 47 144 13 100 8 86 120 125 8 170 16 237 142 41 20 63 5 118 6 89 21 20 78 94 15 384 18 52 104 91 77 174 35 41 49 258 38 47
0 26395 11 5 45 12 161 12 71 48 28 140 64 36 288 27 186 15 256 42 53 36 18 20 380 2 124 50 5 20 197 30 134 18 16 36 26 41 57 21 10 23 123 55 125 7 3
0 26551 34 59 92 53 43 17 307 44 20 19 104 71 210 5 82 2 54 149 21 89 33 84 154 135 12 32 1 30 36 30 176 2 89 65 202 71 32 60 45 22 142 1 59 78 11 4 3 28 132 93 37
0 26765 41 76 25 204 58 49 45 24 182 60 29 102 156 43 72 7 186 51 96 26 8 96 187 65 111 97 145 39 374 53 73 5 23 54 36 23 2 1 114 37 38 26 15 173 5 35 82 32 10 51 142 144 62 29 44 78 314 7 60 48 161 20 99 121 2 1 137 48 170 6 203 27 43 41 57 28 17 23 52 2 567
0 27065 164 11 124 85 196 92 76 33 60 69 183 46 66 51 19 53 15 58 11 49 19 151 62 28 32 43 71 62 60 70 28 57 105 1 84 27 97 84 42 53 113 12 40 54 8 18 152 11 87 156 75 3 68 7 90 93 18 8 141 86 31 149 279 72 27 13 2 83 99 1 60 7 143 56 12 158 73 141 186 30 43 269 94 10 6
0 27128 277 49 235 45 78 5 80 26 328 41 261 8 35 23 71 69 14 139 32 27 327 7 189 86 57 24 266 89 95 12 13
0 27448 104 13 74
0 27473 13 27 8 14 36 16 9 37 186
0 27847 56 26 60 6 114 34 8 31 14 57 143 44 201 1 8 25 74 2 144 65 324 17 10 77 17 19 68 128 73 96 65 7 185 60 105 58 239 46 84 51 179 11 17 4 109 8 90 43 215 30 10 45 37 37 24 91 33 39 39 134 38 55 72 8 256 15 21 3 484 46 141 64 3
0 27895 43
0 27955 4 5 5 52 3 10 65 4 125 35 201 25 106 59 56 2 57 158 58 1 140 140 59 8 155
0 28002 373 33 103 46 16 13 70 39 178
0 28605 134 11 83 14 161 27 2 44 26 98 46
0 28683 84 45 25 12 438 133 46
0 28732 5 8 93 2 85 105 334 53 499 134 6
0 28939 93 14 1 173 48 31 514 122 295 37 2 66 126 1 14 14 49 51 122 17 18 43 145 48 119 3 129 35 171 3 92 48 71 31 26 103 11 4 34 12 11 94 22 41 51 141 12 33 90 25 16 82 115 141 8 61 305 137 67 44 15 15 16
0 29071 5 262 159 4 20 98 36 16 150 9 79 77 40 58 38 78 122 25 22 240 12 49 1 39 160 16 38
0 29201 2 4 225 13 59
0 29255 55 57 159 11 24 92 33 44 175 49 135 39 55 5 144 59 41 7 140 98 98 44 100 96 498 99 33 103 73 44 14 3 62 20 115 114 407 1 139 47 138 91 133 58 22 3 113 120 202 79 131 59 34 71 23 10 82 169 170 34 92 9 59 54 146 3 64 12 90 32 193
0 29429 139 12 22 1 138 16 139 27 467 1 42 104 129 46 4 48 32 2 128 30 157 16 114 57 9 39 68 7 82 10 27 22 213 9 23 130 10 53 3 73 19 130 375 15 11 54 162 16 91 57 21 62 56 28 22 54 14 71 102 26 144 247 90 58 126 8 40 6 56 34 26 61 3 23 33 105 72 10 53 6 13 237 14 21 209 34 48 97 25 23 40 38 132 42 27 9 166 102 24 1 151 9 124 10 243 10 36 99 19 72 267 10 13 159 82 34 150 29 51 104 122 3 72 33 62 52 145
0 29452 28 22 451 27 2 11 119 38 1 44 37 63 485 23 26 122 211 65 95 60 110 31 170 46 44 10 12 66 28 42 30 64 55
0 29968 79 2 60 2 168 10 77 94 29
0 30121 16 10 19 76 195 38 18 9 85 5 31 19 35 85 108 29 41 30 41 16 65 27 82 18 9 8 5 5 67 62 25 117 120 18 53 62 123 7 319 4 42 20 7 12 56 30 139 36 291 12 36 4 242 33 73 82 7 66 48 33 108 27 6 3 74 16 107 38 182 13 213 45 59 34 66 121 8 214 60 25 52 15 434 40 3 197 95 67 215
0 30152 65 40 208 16 70 20 69 193 126 16 69 31 7 21 8 2 323 119 226
0 30275 260 79 86 21 116 58 666 18 195 214 104 58 103 133 26 14 44 10 32 112 133 3 18 3 214 29 98 29 298 29 104 3 136 89 20 3 225 112 8
0 30405 81 24 22 43 1
0 30413 17 59 36 71 37 150 183 182 295 44 61 8 327 45 85 21 57 19 80 75 3 63 88 16 10 73 244 29 20
0 30466 13 35 45 1 32 18 25 31 292 7 22 5 21 9 40 69 66 39 56 169 286 21 85 134 22 18 8 31 40 77 122 33 133 54 57 5 12 21 213 1 192 79 373 100 102 10 361 3 74 26 36 29 47 67 327 77 240 52 78 97 97 90 116 6 47
0 30524 122 18 176 27 163 61 53 8 59 44 19 177 152 10 32 69 13 43 135 33 229 15 385 224 185 38 106 81 67 154 193 4 109 13 75 21 167 12 5 14 136 21 52 81 484 58 99 31 485 19 161 4 22 1 148 30 76 50 78 10 2 23 35 4 97 64 56 8 64 51 17 10 2 221 172 11 319 2 172 20 159 26 138 39 9 32 67
0 30548 261 5 141 18 27 35 10 57 96 112 51 45 233 49 80 12 10 2 84 171 33 112 2 11 159 44 41 6 1 16 132 2 34 66 46 39 461 13 67 9 40 3 20 46 221 4 17 48 122 36 138 21 32 57 245 11 217 32 76 53 18 84 183 97 1 45 7 15 12 13 105 63 175 28 104 146 7 21 152 56 93 2 232 59 69
0 30571 196 2 363 7 21 76 89 7 16 66 70
0 30581 109 21 149 38 184 71 371 103 37 22 33 9 167 21 135 32 35 5 303 12 56 46 70 31 78 11 89 228 80 25 107 118 8 56 182 178 31 14 68 20 444 4 175 32 40 8 373 60 21 67 43 23 9 37 31 9 97 3 27
0 30648 146 9 55
0 30653 169 21 187 75 5 10 43 91 69
0 30672 32 1 5 48 16 117 7 13 90 10 129 59 37 9 137 36 98 20 90 28 120
0 31041 15 67 103 61 5 109 4 40 48 5 245
0 31256 45 120 28
0 31398 62 28 14 194 3 98 113 28 250 50 80 26 93 18 110 67 46 15 3 8 249 14 3 16 85 44 148 4 120 1 26 84 41 59 62 25 113 9 312 34 11 7 25 35 455 128 47 83 65 14 91 14 99 5 60 54 22 88 12 30 32 96 102 50 124 63 11 87 14 29 31 35 77 32 11 35 106
0 31450 154 85 42 75 171 12 7 34 69 172 7 13 28 8 390 1 116 16 32 21 55 56 140 136 48 59 62 10 145 88 312 35 244 31 272 105 9 5 22 62 210 3 7 33 19 29 8 74 9 58 152 32 46 20 250 50 37 29 25 11 63 25 297 17 139 41 185 23 77 2 137 102 54 65 90 16 58 17 20 57 200 9 118 24 31 35 26 27 7 96 39 39 189 96 24 42 33 39 31 128 7 41 78 60 23 113 17 28 110
0 31805 152 81 17 1 18 92 236 29 17 47 39 14 21 55 86 29 104 18 60 238 170 11 50 46 204
0 32009 4 124 287 102 174 83 48 31 22 8 174 68 6 9 185 88 221 3 251 16 142 3 7 45 203 32 106 18 1 15 101 63 89 58 21 31 19 57 7 25 16 3 13 6 141 202 141 42 108 26 186 60 511 81 12 30 69 19 14 5 675 29 165 59 126 92 134 69 136 20 158 22 100 37 24 50 22 53 114 66 58 76 12 60 27 75 65 74 22 101 39 1 45 28 240 32 108 4 25 93 14 73 141 41 180 86 183 32 265 134 212 50 8 135 39 24 102 29 491 1 22 5 27 8 2 54 33 28 3 15 99 14 7 26 46 6 20 69 224 27 127 2 48 180 486 7 119 49 64 73 377 150 14 168 114 20 233 19 99 35 6 26 115 100 20 44 78 10 52 128 88 21 333 25 1 32 13 51 11 82 56 28 8 40 126 22 13 7 9 59 136 25 14 85 56 38 193 26 22 39 279 12 190 85 66 121 136 52 513 47 24 74 17 13 53
0 32197 5 51 17 7 7 28 330
0 32285 7 32 64 75 1 27 59 29 3 8 64 14 29 125 22 246 6 5 10 69 302 66 16 9 34 50 111 50 108 2 85 43 9 10 153 67 50 24 106 26 132
0 32500 52 64 270 150 214 54 73 33 47 9 160 66 120 43 14 22 137 6 23 52 128 43 90 48 2 84 103
0 32502 8 123 38 66 262 7 8 1 8 65 125 25 178 1 103 25 33 54 224 31 141 10 326 82 197 25 150 84 26 51 38 86 2
0 32900 252 41 79 5 85 46 36 89 57 18 56 27 145 33 337 30 25 99 17 13 72 20 96 16 238 104 123 50 128 3 102 17 58 71 277 48 20 13 305 24 25 62 260 9 81 86 4 13 238 10 73 51 429 34 75 56 254 17 15 89 224 9 3 6 15 172 9 1 23 25 3 26 59 71 154 4 25 6 264 24 8 21 159 13 125 28 124 95 236 34 54 17 4 98 107 65 14 217 40 21 34 117 22 84 324 35 92 3 163 226 159 6 55 50 222 17 111 19 58 102 16 46 150 61 186 69 16 80 216 17 63 25 12 15 64 105 28 35 52 71 7 7 21 198 81 99 69 15 137 15 33 10 23 36 250 62 118 4 11 15 108 42 147 10 56 203 58 4 4 13 8
0 33112 47 46 99 278 90 82 104 25 58 136 2 15 216 3 110 50 117 22 88 3 93 22 77 21 70 61 9 20 104 146 261 16 42 15 76 28 83 31 42 34 63 23 12 51 66 6 143 45 21 17 39 135 35 58 5 92 446 55 17 35 15 67 45 30 24 8 21 8 51
0 33133 82 134 15 48 104 46 45 21 181 20 84 70 72 167 70 8 84 55 62 50 153 49 104 5 110 68 45 30 216 40 14 31 15 17 4 14 96 92 6 34 126 57 9 147 140 173 167 41 186 14 27 63 275 117 143 31 24 43 87 8 141 30 134 33 54 130 247 63 24 8 71 111 88 45 3
0 33728 66 14 240 175 105 45 90 10 44 59 66 90 137 115 247 36 4 42 35 10 83 84 67 1 3 22 192 3 30 26 44 71 84 50 105 66 2 19 109 25 135 31 94 47 69 104 55 3 42 36 63 108 163 18 86 16 5 2 120 29 23 51 228 211 72 88 20 10 217 27 17 34 51 50 112 2 36 81 87 7 76 108 174 11 556 4 176 2 102 46 38 33 269 39 92 19 47 75 29 56 120 16 193 12 87 64 9 20 17 16 33 27 3 6 64 35 43 89 34 29 6 57 481 19 165 28 257 65 168 94 97 8 70 10 29 176 11 82 35 4 10 160 20 61 428 54 4 117 29 26 236 13 103 71 75 57 28 43 32 29 17 27 275 51 285 3 133 4 26
0 33832 5 244 110 98 51 195 28 13 40 113 7 31 92 22 128 38 48 6 228 69 473 61 110 107 8 32 57 14 11
0 34022 98 17 100 49 21 18 279 18 79 151 13 8 120 16 63 43 1 2 46 89 12 56 37 59 87 18 176 56 607 62 73 85 68 29 254 1 227 41 43 54 49 92 70 107 182 72 107 32 26 166 4 37 7 5 23 79 27 20 144 30 88 31 165 32 37 23 67 84 70 147 112 35 29 101 121 46 19
0 34053 349 70 75 17 28 59 5 2 10 1 231 1 71 15 2 31 275 22 350 29 142 23 46 5 83 16 188 5 309 2 308 30 87 90 63 128 6 13 120 11 39 14 34 36 96 30 104 104 15 158 36 25 126 5 82 25 91 1 326 39 99 146 8 59 65 135 121 179 142 3 237 29 232 59 28 109 165 52 171 27 3 61 213 78 22 7 16 10 6 31 50 45 14 5 20 3 79 46 30 53 1 113 189 47 35 24 42 9 195 24 23 3 26 98 36 27 13 50 177 20 3 18 28 72 270 138 34 84 97 37 70 35 147 24 231 74 81 20 69 68 3 42 167 14 253 8 6 9 239 45 292 59 67 30 110 8 176 12 34 100 4 110 90
0 34756 118 72 73 9 147 66 99 2 1 33 2 1 89 53 10 73 20 9 396 59 176 18 33 37 3 5 71 21 318 12 25 35 104 88 74 5 82 11 238 16 31 34 56 32 206 132 140 11 48 34 4 122 44 114 25 33 46 107 57 21 219 36 150 11 197 80 46 7 145 31 61 20 101 42 14 1 114 56 104 86 178
0 34788 48 15 27 122 7 62 120 210 44 87 42 137 57 17 84 46 69 48 6 131 115 37 4 17 270 30 55 3 55 179 3 3 65 38 33 74 215 217 28 56 138
0 34984 6 66 248 21 7 48 98 13 344 61 270 13 115 20 36
0 34996 27 24 65 21 21 77 82 40 47 70 265 115 106 32 84 2 112 84 411 33 24 179 349 61 202 19 25 6 50 19 166 115 65 24 33 11 163 13 193 26 112 46 25 1 1 52 91
0 35008 38 60 22 50 20 19 57 15 88 66 431 7 211 33 43
0 35418 213 34 217 107 9 18 134 96 15
0 35670 113 48 103 27 75 90 43 29 407 94 104 17 60 20 32 9 75 54 108 8 142 21 111 29 27 30 78 57 66 8 70 54 103
0 35717 63 5 6 7 21 34 68 12 106 145 181 42 331 76 14 39 48 53 494 42 48 106 190 56 46 18 12 57 62 22 16 83 33 7 111 19 87 42 79 96 101 14 6 32 20 28 127 27 73 7 81 52 26 47 79 41 40 21 127 3 69 9 1 43 36 38 37 10 126 33 280 118 73 60 106 17 31 153 294 243 109 19 32 31 7 54 3 63 159 45 325 24 107 6 126 49 161 25 136 33 119 89 153 15 41 9 51 80 55 15 171 4 56 190 66 20 132 14 24 145 11 121 348 40 300 11 45 12 81 84 4 83 60 51 15 40 195 35 82 36 113 45 262
0 35757 2 19 30 16 37 85 18 16 19 4 62 18 1 50 52 71 178 123 19 86 149 2 133 90 63 46 309 20 168 81 80 89 286 67 19
0 35882 2 34 221 62 11 147 69 35 157 2 20 59 47 70 198 48 147 64 61 55 12 20 71 79 67 26 14 95 140 20 101 71 43 47 21 428 307 4 76 8 218 91 95 21 83 3 58 114 56 23 10
0 35883 49 9 16 26 307 12 62 137 2 8 21 107 48 28 90 27 81 4 24 13 198 36 13 121 17 3 248 54 129 17 156 138 89 6 22 26 175 49 74 9 74 39 63 47 107 31 32 11 107 10 45 3 16 135 183 34 38 99 212 58 68 143 49 1 58 32 19 9 115 179 54 46 31 26 83 4 54 54 65 14 8 29 70 46 93 58 261 50 144 7 85 50 137 110 56 55 17 18 111 65 139 53 3 166 38 34 5 20 9 151 2 20 29 6 190 11 26 73 369 83 156 51 28 242 243 38 73 139 73
0 35949 45 48 238 86 4 1 235 51 4 8 25 162 171 91 116 16 171 29 2 31 149 3 108 70 62 265 187 66 171 1 140
0 36110 27 10 33 22 304 41 301 113 341 108 174 74 71 54 189 74 172 4 132 112 15 151 380 125 5 56 50 197 27 24 44 102 30 38 59 16 21 104 75 19 351 75 687 12 240 38 139 51 343 30 30 80 52 5 60 69 213 6 15 62 62 31 29 35 77 47 171 10 102 68 11 17 219 14 57 64 291 3 33 39 114 5 12 14 1 4 29 20 8 20 22 4 88 284 112 7 244 38 66 165 155 60 14 36 54 31 81 12 32 74 25 41 45 120 119 13 29 5 15 91 17 32 366 22 25 2 5 36 33 15 56 92 105 26 82 109 5 7 57 2 6
0 36189 64 60 162 73 49 8 110 238 33 6 288 93 153 5 292 21 294 86 15 12 32 141 39 90 11 10 29 14 29 182 124 46 131 38 143 51 91 14 330 27 132 4 224 10 52 50 23 44 187 46 110 77 29 38 110 11 76 29 31 114 22 33 3 36 105 4 38 59 182 51 40 50 263 19 238 57 35
0 36213 75 41 38 43 103 79 13 52 15 28 40 27 1 18 34 38 18 113 32 10 12 22 48 8 106 206 72 1 236 303 156 11 99 32 41 4 17 58 23 89 34 18 1 21 5 8 17 5 69 11 67 13 192 149 357 109 111 31 15 125 10 13 18 12 29 24 649 29 22 32 31 147 39 41 62 121 148 74 193 59 18 15 54 44 267 65 24 34 116 47 27 32 22 66 130 7 11 2 15 77 1 60 21 71 33 30 159 25 239 14 64 64 97 6 27 6 194 93 31 96 54 143 49 27 22 43 170 96 393 378 208 6 38
0 36805 35 5 21 101 140 5 60 101 52 34 51 1 680 26 122 151 138 29 416 126 43 51 70 38 53 62 150 53 90 59 6
0 36858 41 22 12 17 350 10 61 50 9 16 49 84 90 19 46 87 88 18 54 174 63 53 9 19 43 5 74 8 19 4 107 128 30 43 108 32 147 24 22 139 39 11 61 37 266 106 104 170 89 75 50 42 3 32 72 11 101 35 112 11 11 47 184
0 36866 49 56 6 90 157 103 162 65 34 154 1 116 129 4 208 193 18 18 123 28 259 32 127 68 29 14 126 17 127 50 110 23 57 150 61 49 132 42 13 84 122 54 115 61 47 21 206 13 173 70 34 1 254 25 126 10 47 18 84
0 36906 132 150 10 87 149 21 204 7 57 171 107 26 5 31 27 136 23 236 15 79 346
0 36953 413 119 79 2 415 12 418 12 125 23 43 24 177 1 60 1 170 61 108 63 10 12 201 21 135 13 35 36 5 39 43 73 23 28 141 26 255 4 54 15 123 59 39 103 140 29 151 108 20 132 336 135 57 1 72 18 21 97 60 362 2 23 47
0 37032 1 174 17 41 100 38 17 15 81 11 35 6 50 102 91 105 68 51 5 38 69 63 80 111 155 42 38 24 234 51 97 48 79 1 167 114 20 39 44 50 48
0 37060 424 42 59 72 272 24 19 12 100 45 63 62 3 33 27 41 8 49 265 80 118 6 39 88 255 140 131 56 40 23 30 96 145 8 30 119 6 8 179 70 11 133 79 78 375 254 246 115 97 65 69
0 37117 86 39 532 10 81 16 21 20 291 63 170 158 12 12 15 11 23 115 46 49 12 251 113 11 7 30 68 44 19 65 25 8 73 31 21 50 218 12 36 44 68 76 17 26 232 57 8 18 39 11 43 59 3 68 235 19 54 125 84 27 168 9 141 14 40 6 34 62 7
0 37143 143 13 192 22 102 12 19 2 64 23 164 14 36 46 80 48 76 19 124 104 54 154 124 20 154 47 21 28 125 67 21 13 30 26 103 20 88 6 14 29 25 20 20 46 258 49 18 85 29 26 188 19 9 2 15 32 451 77 109 27 44 54 179 8 55 83 14 54 57 23 8 37 560 41 36 10 134 162 141 94 247 71 83 78 92 41 161 44 34 1 112 32 99
0 37578 238 4 55 69 19 78 12 132 26 4 31 15 16 4 351 42 16 9 25 7 59 47 58 48 63 71 30 57 17
0 37692 85 8 29 20 196 51 11 45 112 26 73 19 287 73 10 7 181 13 14 149 218 203 28 22 38 6 178 70 173 49 14 58 22 81 20 150 57 97 33 22 17 12 90 9 20 10 214 171 393 110 24 14 113 21 59 37 216 73 24 39 93 1 134 17 72 146 79 34 1 101 101 39 22 87 29 10 201 34 73 13 1 77 158 46 36 41 56 56 44 15 7 28 129 14 20 14 67 142 444 44 205 38 2
0 37693 42 165 14 40 12 49 30 9 8 29 7 27 347 37 31 64 73 28 6 16 200 8 4 53 146 94 34 41 27 12 128 62 334 78 233 9 41 3 121
0 37782 29 69 83 43 14 158 26 24 302 20 3 24 219 147 100 53 17 15 68 214 89 64 30 29 110 41 8 11 195 26 249 25 70 59 81 56 8 22 169 49 149 1 27 44 176 52 314 136 208 10 360 49 4 47 74 58 520 40 37 34 75 37 189 50 68 115 412 75 10 129 198 22 135 52 45 27 47 143 11 10 56 29 46 22 10 44 103 81 56 15 8 12 56 2 100 113 113 57 11 68 94 19 19
0 38041 93 18 139 1 181 71 73 27 18 41 77 20 161 50 19 128 113 40 428 36 35 44 240 3 22 92 20 76 122
0 38104 169 42 135 71 117 82 54 20 91 17 101
0 38111 64 14 258 5 79 94 9 20 3 41 97 68 36 11 10 72 109 34 35 16 9 83 31 21 42 8 1 12 6 103 155 8 23 4 93 62 65 20 44 9 59 20 119 122 85 71 145 15 2 39 55 52 66 161 69 68 127 44 18 24 132
0 38304 35 47 258 6 84 39 8 49 93 54 34 15 202 57 83 133 27 6 97 26 162 230 12 2 113 4 45 137 236 38 17 8 41 9 50 86 68 154 115 17 19 23 44 104 56 115 16 8 7 18 12 13 104 7 3 1 20 48 68 51 35 70 97 27 264 15 132 6 119 10 29 5 39 64 16 81 80 189 221 27 117 52 269 15 8 17 299 46 18 16 33 45 280 21 127 146 61 48 390 143 37 4 104 16 107 41 48 32 23 9 88 9 24 117 37
0 38327 116 37 112 18 43 18 30 54 57 41 112 10 183 18 188 10 61 3 197 25 129 43 24 35 77 15 35 53 137 65 56 39 64 107 168 1 112 64 93 28 58 22 184
0 38377 79 4 444 104 109 17 6 84 290 17 3 45 26 50 410 13 20 10 25 4 8 34 293 87 190 65 50 9 15 1 38 8 24 1 67 42 148 9 70 2 87 4 78 2 69 42 55 36 105 12 50 90 111
0 38467 113 123 112 6 22 65 46 37 154 32 238 6 130 202 56 4 46 96 90 71 180 14 259 129 191 88 36 55 280 58 136 32 22 6 95 228 139
0 38498 85 27 73 68 137 2 134 52 8 1 11 14 78 47 112 8 475 85 11 12 68 35 118 5 100 32 216 9 20 32 173 52 17 86 28 29 180 25 9 44 73 2 78 69 27 7 16 54 118 69 154 24 195 148 24 58 84 187 73 1 52 58 180 90 4 43 2 16 106 116 114 4 9 14 57 34 36 6 56 38 269 34 97 5 26 55 44 18 75 10 197 76 37 89 37 2 228 19 194 42 211 11 7 3 36 25 72 109 21 24 37 22 516 24 63
0 38672 196 62 16 12 26 29 19 140 18 110 20 42 45 67 92 26 196 9 345 3 83 51 24 31 13 27 52 19 60 20 17 29 123 34 144 92 8 58 30 32 113 153 137 21 85 13 158 24 28 3 32 14 209 66 80 9 60
0 38680 67 119 77 170 59 63 224 14 80 61 78 11 22 20 34 53 116
0 38739 15 41 55 194 37 98 42 137 3 27 28 57 46 45 198 17 7 23 46 74 120 127 119 12 381 88 54 3 90 9 59
0 39023 165 35 96 24 8 3 4 22 46 12 24 2 110 18 41 11 134 262 69 180 193 1 27 54 274 24 371 40 73 50 57 22 365 4 86 6 147 43 13 32 25 10 12 38 77
0 39519 58 31 235 6 88 54 461 67 100 64 95 83 79 7 65 97 46 112 1
0 39994 30 52 75 50 107 59 37 30 163 38 31
0 40072 145 62 270 24 130
0 40124 2 74 3
0 40281 569 9 58 65 57 29 15 13 5 174 90 32 195 81 25 8 249 44 79 26 27 4 152 25 71 23 214 36 15 71 59 120 8 8 77 36 572 24 102 156 154 313 13 25 41 10 279 88 119 14 175 26 181 42 272 16 106 203 96 17 44
0 40299 8 4 57
0 40812 49 35 85 83 70 52 126 15 126 34 87 36 83 41 291 126 11 16 25 84 76 29 3 35 41 9 103 2 104 4 136 44 7 41 147 120 13 21 93 21 6 16 42 14 23 3 156 64 259 23 112 33 198 6 94 32 70 36 105 4 254 27 105 107 34 42 94 8 153 5 488 1 129 127 35 71 402 115 18 69 26 77 3 109 28 171 105 91 19 26 108 72 145 11 30 1 41 5 9 22 408 119 79 46 58 15 38 1 257 69 8 19 163 4 49 62 249 63 46 7 37 21 107 7 54 118 121 41 7 62 18 78 1 31 13 34 94 20 20 149 288 48 37 35 65 41 24 68 197 217 30 30 51 30 182 2 41 27 199 43 92 87 41 110 80 221 145 38 216 33 2 37 39 8 25 132 62 63 72 15 2 133 134 36 124 8 102 97 34 78 172 124 52 53 69 9 117 35 330 47 473 66 219 194 53 6 148 46 747 84 36 43 183 280 367 113 118 10 1 22 128 28 73 81 66 34 393 32 495 9 12 44 152 19 137 27 100 7 201 8 29 81 40 142 13 233 2 35 115 59 242 101 42 25 116 46 248 13 247 29 304 200 28 24 81 32 76 34 116 48 201 10 52 30 1 44 393 22 19 21 185 87 14 57 294 2 3 128 92 5 165 13 103 65 7 19 102 44 93 38 3 5 54 6 7 65 100 3 19 64 85 34 44 18 29 61 86 107 99 114 31 63 47 28 99 5 18 79 21 34 45 71 87 41 65 173 223 30 197 88 95 59 12 25 205 28 330 22 166 55 109 71 125 21 95 25 15 5 64 9 31 1 17 90 134 22 106 49 64 9 49 10 20 117 69 18 22 16 82 66 49 68 36 50 42 20 17 40 59 80 8 79 16 90 54 51 82 1 127 14 58 18 243 11 134 19 104 4 25 8 127 1 6 57 209 47 211 244 184 14 86 11 14 34 230 41 7 17 30 44 58 119 208 35 46 10 56 62 34 6 15 15 73 4 111 6 41 4 53 40 79 53 19 23 16 6 23
0 40838 57
0 40849 92 54 262 23 43 13 22 44 182 52 209 64 123 29 78 90 231 12 95 23 31 230 117 119 65 25 52 101 150 73 59 9 42 42 116 12 177 3 92 5 69 17 152 61 27 29 2 12 592 94 33 41 61 1 153 51 2 9 177 27 19 86 200 15 114 15 39 20 16 6 170 25 100 49 83 118 1 42 47 57 58 40 5 54 95 54 424 30 28 50 48 56 18 175 128 47 38 35 62 17 19 111 309 10 47 25 70 15 244 9 192 67 180 95 57 57 11 8 94 38 56
0 40905 123 77 136
0 41286 122 16 166 45 152 40 86 33 69 45 206 85 12 19 9 145 35 107 8 23 28 1 238 73 13 42 42 11 20 20 25 225 41 81 6 47 85 63 65 61 75 3 104 5 72 189 91 20 42 8 26 62 105 75 68 26 229 23 280 15 134 21 56 63 35 6 362 54 166 50 137 129 11 8 55 23 89 32 144 183 7 42 74 64 162 33 437 168 47
0 41624 78 36 219
0 41684 7 51 168 28 106 29 3 28 89 80 105 31 48 334 170 111 93 93 486 26 214 71 292 30 51 8 16 38 180 86 158 112 86 13 269 43 88 79 7 34 307 74 3 55 137 57 29 6 146 184 36 4 201 1 1 63 84 14 189 7 29 16 171 1 71 12 113 55 16 66 70 32 203 5 26 152 258 47 50 3 426 4 29 88 185 122 38 9 338 77 113 33 94 26 94 79 187 254 71 17 214 62 217 3 8 87 177 28 32 18 30 6 69 28 79 20 95 3 17 50 17 61 53 4 75 35 12
0 41852 94 24 55 40 380 244 164 1 12
0 41853 34 22 106 39 137 87 165 76 70 223 235 51 51 115 130 304 359 11 39 13 27 62 47 6 83 10 41 327 102 22 68 25 224 18 76 40 10
0 42097 33 31 50 10 125
0 42124 37 47 22 1 33 5 25 69 86 19 138
0 42564 96 49 138 13 30 159 189 42 100
0 42885 346 12 51 40 22 6 213 17 13 16 204 7 34 92 43 26 24 5 28 2 60 55 100 2 39 61 6 11 3 13 160 88 18 6 138 5 74 66 210 29 407 35 64 28 42 62 14 15 3 117 130 56 38 62 409 33 155 157 65 67 196 36 304 68 106
0 42943 213 128 31 56 156 29 25 140 156 125 95 135 145 109 50 120 10 24 116 36 12 29 41 38 272 3 83 117 26 27 134 24 45 39 102 28 48 65 54 43 89 123 203 20 52 63 13 11 57
0 43330 108 14 82 26 5 36 22 59 52 34 85 28 280 116 37 55 129 14 22 108 19 32 202 10 77 6 85 78 102 349 67 31 204 13 251 34 15 83 52 2 53 24 25 14 58 42 91 184 73 69 171 24 54 26 59 91 46 185 6 49 24
0 43439 80 10 54 119 38 13 65 21 60 39 128 23 60 33 7 9 20 25 36 1 191 40 257 8 30 9 22 129 401 12 19 40 71 5 56 269 1 20 45 44 83 59 198 15 28 148 477 14 33
0 43461 131 7 27
0 43517 110 7 25 240 31 131 85 11 123 55 105 28 30 42 106 16 22 2 64 79 31 23 31 2 44 368 63 67 103 66 45 18 11 113 24 14 5 66 121 109 242 153 369 9 152 123 36 103 231 7 97 24 45 28 196 22 65 61 204 14 84 16 40 1 96 22 126
0 43610 17 93 28 77 76 84 6 2 31 54 48 109 52
0 43888 94 101 141 31 202
0 44220 95 7 117 19 87 86 98 48 95 90 52 14 76 62 51 20 42 8 110 25 83 4 160 103 146 43 83 10 40 20 164 128 86 9 48 70 41 40 57 18 28 45 7 159 68 85 11 114 30 6 189
0 44371 61 59 12 136 163 82 3 228 217 50 40 29 264 23 85 3 211 50 11 4 47 3 288 24 35 4 328 4 31 344 45 4 135 6 3 6 101 137 106 13 145 70 163 54 32 69 29 30 43 211 363
0 44455 182 26 24 119 34 123 18 241 155 7 120 10 9 17 4 9 16 70 57 35 50 2 126 91 41 4 175 29 32 30 146 16 205 21 42 87 7 26 93 49 97 91 9 56 57 42 125 36 90 50 204 25 154 33 16 61 72
0 44476 36 39 159 13 77 20 63 15 100 14 161 67 115 11 4 6 15 45 43 98 46 60 106 198 14 142 102 91 23 30 157 7 146 55 64 6 16 2 29 38 104 34 465 9 40 11 23 75 10 89 418 61 133 70 321 6 151
0 44525 106 212 55 22 222 39 20 81 3 56 118 14 26 30 387 20 240 2 54 34 52 40 118 1 340 131 135 29 47 115 96 8 23 22 72 60 74 60 35 120 218 345 44 60 45 56 24 115 288 42 342
0 44855 10 52 112 8 194 29 256 102 389 8 153 124 177 33 11 7 55 12 236 53 22 5 55 57 9 7 2 75 20 81 140 22 29 1 165 198 76 62 116 3 11
0 45044 49 227 260 46 5 192 116 20 76 52 345 88 140 84 63 185 59 2 67 41 288 4 20 88 28 88 15 8 48 99 419 72 239 38 106 200 35 146 168 82 43 32 34 18 23 165 59 2 125 132 27 9 1 3 347 4 122 34 175 75 35 40 15
0 45100 93 22 10 21 121 5 3 9 12 178 150 17 45 38 112 35 31 11 50 24 14 23 45 29 53 34 59 18 78 15 5 2 48 31 41 2 17 60 216 9 32 22 94 49 96 47 10 41 23 107 287 162 17 26 154 17 13 76 143
0 45101 10 23 49 105 41 31 189 62 9 151 149 2 8 48 37 27 43 146 62 8 10 55 111 29 47 81 99 44 216
0 45416 152 7 61 13 5 54 94 23 76 70 15 5 24 19 63 8 7 79 46 70 51 77 32 28 89 15 70 24 20 22 38 132 88 63 6 55 10 2 83 156 606 18 95 30 7 15 27 9 33 14 20 26 22 30 30 43 115 21 24 16 339 10 54 6 52 47 124 12 3 125 36 85 58 64 4 18 12 75 32 33 27 22 53 35 173 42 3 29 83 14 31 19 26 6 90 46 20 61 211
0 45528 151
0 45550 14 272 307 27 38 28 30 17 199 36 5 12 11 26 36 11 66 188 9 43 22 18 15 114 121 3 38 38 493 31 192 46 68 93 68 11 58 49 90 6 48 31 3 138 11 3 152 195 261 33 66 11 9 2 20 65 172 2 119 15 211 87 158 6 96 80 36 18 123 5 286 25 11
0 45649 157 2 101 3 23 71 26
0 45799 42 129 224 12 176 123 66 85 30 59 84 68 336 35 127
0 45973 101 6 32 32 150 14 32 40 257 59 19 39 19 108 16 11 19 179 27 8 81 2 39 54 269 68 1 23 34 14 24 28 1 5 94 22 46 39 23 5 3 72 273 9 263 73 91
0 46001 41 12 24 25 3 102 15 118 69 16 27 121 16 167 166 10 65 17 89 7 10
0 46151 58 25 50 56 24 24 51 3 40 5 189 64 116 247 56 47 8 105 77 3 117 37 312 16 159 177 115 79 67 18 164 54 39 57 94 30 67 111 172 22 20 75 61 174 4 17 189 25 240 22 44 7 132 21 66 47 190 17 86 24 14 59 151 20 1 113 62 32 244 203 63 46 117 78 27 41 8 7 25 4 6 45 12 40 77 234 15 8 111 11 8 98 48 77 59 122 146 96 58 170 72 113 3 12 183 7 3 18 64 1 54 43 116 30 59 26 145 115 25 7 13 110 271 26 178 221 19 40 201 41 152 17 93 66 36 54 66 22 20 27 23 21 260
0 46183 35 1 35 19 68 22 45 2 93 7 93 12 227 43 14 78 12 82 332 33 3 30 159 26 151 61 236 277 34 119 76 3 76
0 46193 88 23 40 5 430 26 90 42 56 73 22 40 152 107 71 7 38 42 64 19 105 297 125 16 12 105 73 49 341 21 92 70 10
0 46250 15 10 34 17 17 3 33 29 14 50 240 27 6 24 54 1 67 8 76 4 48 17 56 32 125 18 145 136 190 12 13 9 36 56 78 28 81 97 72 78 40 53 76 58 6 28 31 17 33 34 173 19 117 1 13 96 27 57 257 23 150 13 29 4 315 109 42 8 8
0 46289 25 59 2 18 60 46 49 153 57 36 6 32 140 49 567 114 25 51 224 46 18 47 126 18 61 1 28 41 11 10 69 20 246 3 22 9 54 47 37 20 300 27 38 53 503 16 284 42 201 14 9 165 20 3 493
0 46302 364 9 204 58 158 155 96 11 292 82 154 65 14 37 25 32 50
0 46634 70 15 66 11 56 17 9 55 44 57 399 62 60 25 29 7 23 90 159 87 121 26 88 21 3 9 4 102 145 2 12
0 46753 477 31 122 58 29 5 5 27 57 14 100 28 57 80 203 30 2 84 164 104 158 56 29 97 136 16 49 328 40 48 25 24 2 26 148 51 63 42 124 87 41 16 123 5 195 29 31 31 214 149 8 47 10 7 66 12 46 151 91 14 36 11 209 49 121 16 263 84 253 24 35 4 62 3 120 134 8 8 13 46 13 55 74 11 35 62 192 25 73 18 12 11 98 43 224 137 18 26 288 93 38 10 68 6 20 101 15 9 84 23 30 83 7 39 60 42 16 113 136 9 85 27 98 15 135 98 205 131 58 93 60 16 52 4 39 1 107 24 31 24 76 49 11 9 79 9 154 54 9 8 314 243 227 2 63 59 8 45 32 20 223 70 158 51 90 36 112 6 80 92 24 28 140 4 75 50 222 11 90 9 53 27 239 75 23 26 57 13 82 4 216 23 226 10 21 73 129 26 9 2 1 70 58
0 46961 75 124 16 14 172 85 61 75 280 1 87 8 54 88 133 25 263 40 65 67 3 4 46 10 85 69 39 117 90 28 169 9 119 40 200 5 31 17 149 104 32 19 160
0 46987 148 17 6 2 13 11 161 22 121
0 47018 43 86 7 20 226 45 88 24 87 9 125 3 128 131 115 24 70 31 66 53 62 76 43 45 65 56 33 180 139 5 37 27 66 133 263 16 82 32 84 30 25 77 19 151 59 21 133 9 177 71 296 16 233 40 47 4 339 179 21 20 24 4 1 77 35 159 41 55 48 12 200 11 101 98 38 5 12 30 60 60 36 54 95 35 327 2 64 26 51 12 116 2 4
0 47250 80 4 8 175 91 102 15 24 92 2 81 5 160 30 83 33 185 93 48 6 96 30 137 32 42 56 278 79 71 5 162 163 97 61 1 34 144 18 181 26 66 19 45 104 24 5 93 4 127 39 158 46 122 9 39 8 123 80 37
0 47576 32 2 46 8 88 43 71 13 473 13 82 20 107 152 25 22 114 48 129 138 14 47 59 3 185 20 118 151 24 37 34 51 39 74 116 18 141 31 157 25 235 295 215 32 104 15 257 23 30 32 20 3 159 69 345 66 44 20 90 110 47 40 89 35 138 52 669 28 37 16 147 14 51 26 25 32 42 74 38 7 197 125 88 15 23 2 96 34 8 8 67 63 89 7 239 54 8 5 98 19 1 66 27 82 36 3 193 64 158 14 145 1 49 84 270 19 127 3 32 93 94 38 71 17 9 116 207
0 47641 25 9 155 14 41 20 231 12 24 25 51
0 47716 70 112 121 45 147 80 370 20 214 27 117 92 145 45 46 199 7 48 203 272 179 37 7 2 134 7 5 8 205 39 101 5 100 38 4 3 14 37 100 65 33 39 47 12 10 42 152 45 112 1 20 41 4 7 130 15 25 3 194 105 21 31 112 58 55 2 83 21 128 14 48 7 34
0 47807 140 4 8 22 5 29 1 18 189 9 60
0 47851 32 67 195 5 107 23 59 38 183 56 32 8 48
0 47890 35 5 305 9 28 15 19 108 2 70 34 12 69 52 25 10 94 8 66 69 32 173 37 40 258 22 297 5 39 73 26 2 2 79 76 2 176 64 96 15 239 9 27
0 48290 43 79 9 165 4 69 28 15 30 13 84 7 284 104 30 34 33 35 24 43 39 15 18 7 149 55 4 55 236 99 405 73 4 15 97 6 91 28 235 80 73 26 30 62 53 36 237 8 33 106 196 20 62
0 48425 74 240 5 19 114 169 364 45 54 16 143 20 25 47 40 9 81 12 7 3 22 112 139 161 180 37 8 143 106 16 3 194 143 31 25 70 3 7 90 13 299 26 11 32 53 1 211 51 34 9 39 59 179 56 52 13 119 93 16 93 11 46 348 39 125 15 256 176 261 25 95 90 29 238 72 14 71 5 17 58 30 55 27 18 138 11 60 76 20 6 5 7 150 2 142 12 61 15 259 5 63 62 133 37 43 16 154 5 7 156 5 11 266 124 30 31 27 23 91 40 8 26 25 44 2 117 174 6 90 7 2 40 82
0 48575 143 4 3 41 58 55 33 82 101 131 89 91 142 23 7 4 24 61 62 51 60 15 121 9 16 77 70 18 31 9 69 23 296 119 103 114 73 27 29 67 50 10 129 21 66 98 371 59 34 34 51 140 397 14 101 48 3 45 96 53 204 69 171 2 9 7 54 8 76 72 168 11 32 23 214 9 81 6 87 5 71 51 92 128 23 23 70 44 48 35 341 44 47
0 49083 135 76 13 8 369 4 69 8 149 20 95 36 13 69 92 31 45 29 20 160 25 131 48 73 169 12 31 22 16 136 168 4 128 37 12 120 124 66 4 21 222 124 58 42 10 8 56 91 138 20 23 18 28 1 30 139 71 39 60 6 30 245 65 26 150 6 260 11 254 2 293 30 53 222 242 26 237 98 22 22 144 13 40 3 54 126 46 8 119 24 27 50 23 43 18 65 278 28 21 8 27 40 139 54 110 52 10 117 67 185 7 6 59 25 67 13 91 29 201 182 184 103 65 8 48 101 95 3 50 31 101 9 53 19 248 70 124 130 125 98 25 73 12 161 245 80 250 46 152 67 46 49 117 67 4 53 40 5 17 29 104 33 157 66 111 29 18 107 147 113 16 45 95 9 291 2 19 8 49 7 7 50 173 10 49 140 39 16 464 40 192 17 282 42 166 34 34 4 341 35 423 119 77 92 19 25 69 34 14 86 123 58 179 5 118 15 170 48 10 53 26 151 5 45 277 20 91 38 46 30 47 46 51 10 32 112 78 4 15 55 237 26 65 158 24 2 43 94 27 15 76 82 83 3 396 70 96 112 22 139 385 25 425 11 20 43 111 160 224 17 3 13 51 10 9 58 147 18 121 28 10 7 83 3 25 26 200 26 62 11 50 58 59 107 32 2 11 58 218 82 82 6 120 78 3 2 283 3 65 180 17 14 18 158 48 20 46 37 2 42 196 26 92 49 248 183 9 40 33 6 13 51 260 18 210 56 170 47 507 28 220 111 121 1 241 93 35 50 101 9 44 6 160 53 450 97 25
0 49168 16 9 362 2 24 42 29 47 279 59 90 32 31 47 49 24 111 4 60 70 180 111 230 7 49 71 11 90 31 120 130 37 99 64 181 32 28 50 24 42 121 209 49 94 42 191 41 101 79 35 55 59 106 14 3 90 15 111 15 9 42 47 61 1 241 1 98 20 3 34 137 56 100 17 319 9 18 3 55 31 108 20 8 3 243 16 80 36 107 30 174 44 33 43 63 41 3 84 462 81 36 46 55 121 139 26 295 27 104 66 104 8 45 16 34 52 6 45 89 8 24 30 124 33 29 38 49 50 42 56 204 82 49 56 156 29 66 75 4 28 13 20 13 3 16 14 133 8 214 49 265 24 121 41 149 20 720 66 80 31 1
0 49214 99 44 5 44 230 131 228
0 49413 60 8 5 7 142 15 32 29 88 39 196 36 82 20 112 20 105 19 100 23 127 6 35 116 144 19 18 4 51 11 48 126 78 36 6 173 86 30 94 10 330 42 30
0 49783 80 14 31 75 172 40 34 54 190 36 145 18 26 15 98 11 1 192 5 170 274 53 3 9 73 16 97 170 73 126 74 2 344 13 115 64 10 48 81 67 113 29 37 8 183 106 35 58 281 97 56 178 87 2 2 7 33 68 97 28 74 9 54 121 20 15 21 9 36
0 50132 6 21 49 15 31 100 86 9 76 25 12 52 99 145 8 37 28 39 250 201 6 3 89 148 32 81 13 7 247 15 300 74 105 34 68 108 23 21 196 17 31 18 37 73 33 90 107 146 158 12 142 2 133 10 35 113 111 110 25 27 5 3 87 85 56 24 4 15 3 36 248 35 6 15 102 94 30 39 15 54 16 52 26 25 426 5 9 62 232 49 40 59 14 79 11 60 57 96 318 43 52 146 87 42 148 68 24 59 157 18 12 24 96 16 63 3 135 96 10 15 121 12 86
0 50419 150 59 12 17 98 63 336 2 351 37 59 14 132 66 184 14 1 34 177 43 50 14 126 21 59 53 143 49 3 59 155 88 133 2 5 134 115 16 39 13 30 64 269 71 56 20 172 32 16 61 109 76 50 42 35 78 346 20 6
0 50440 66 2 106 30 25 21 93 4 61 39 161 68 19
0 50973 40 53 102 50 623 17 91 210 456 59 148 17 25 16 546 26 167 43 11 13 82 106 59 3 206 33 291 15 135 92 43 84 76 20 75
0 50988 89 85 157
0 51032 26 127 50 79 28 13 91 28 150 21 107 47 60 174 52 68 336 3 45 100 158 91 31 29 290 24 226 90 103 67 119 59 20 70 17 14 18 53 47 38 73 30 89 44 48 88 131 112 8 24 14 1 182 69 119 36 180 10 155 25 54 52 202 131 11 293 200 1 9 79 175 131 43 75 6 31 117 67 50 7 397 111 202 28 1 10 300 41 11 30 27 15 110 14 27 20 34 44 11 128 141 20 12 142 483 51 51 41 8 63 47 70 5 149 188 36 56 64 57 29 44
0 51077 196 36 327 36 165 97 205 27 166 3 11 72 18 13 365 67 21 33 20 21 287 234 275 10 23 13 30 21 76 145 272 7 11 18 12 10 43 5 115 23 39 139 13 99 119 36 22 14 44 25 99 8 197 83 245
0 51157 3 29 71 40 19 34 33 43 73 9 95 47 1 39 144 3 125 52 62 51 186 13 117 50 44 53 64
0 51647 69 31 124 109 65 24 105 74 37 46 11 181 45 26 195 7 20 10 153 30 102 16 172 132 189 25 37 71 15 169 32 86 372 76 38 20 28 23 190 65 11 80 76 9 91 158 21 42 36 63 23 58 52 36 172 35 30 8 152 98 137 20 151 21 126 53 32 58 65 23 89 11 69 7 130 114 69 28 230 23 87 2 99 32 72 11 18 147 208 52 23 4 102 99 237 190 144 110 293 66 45 39 92 78 66 21 190 19 136 60 24 175 240 43 13 34 321
0 51920 27 28 3 24 62 30 21 5 262 68 129 61 63 19 50 4 8 5 220 110 223 64 201 9 16 128 15 86 92
0 51944 3 170 25 55 233 43 70 14 30 35 360 129 198 15 361 2 240 18 40 25 53 182 39 73 166 138 132 42 82 34 117 3 11 79 161 19 88 28 35 32 116 93 201 11 275
0 52075 139 35 54 28 36 46 42
0 52356 99 4 284 86 101
0 52360 119 91 2 56 49 3 165 12 46 273 191 39 163 4 51 28 146 28 36 13 201 35 16 32 35 13 53 117 24 142 160 111 500 148 65 27 73 54 151 37 16 34 47 60 66 63 73 53 39 58 32 100 42 46 7 45 46 12 215 13 255 17 188
0 52627 156 54 483 29 111 33 80 70 111 50 147 41 110 7 42 137 577 92 149 29 70 63 238 1 60 30 68 73 322 9 338 1 45 4 41 1 91 9 25 6 9 121 35
0 52662 51 69 392 29 113 87 477 3 32 30 134 28 60 21 23 46 22 43 52 38 212
0 52785 214 26 128 43 40 34 76
0 52914 113 92 61 19 222 76 369 36 52 4 113 145 16 51 91 14 192 41 51 39 143 102 63 77 133 37 106 25 188 22 22 60 32 7 3 14 72 1 102 9 53 8 379 3 84 2 137 57 227 14 75 72 4 16 397 37 44 39 5 11 6 24 167 7 85 49 42
0 52955 49 204 2 51 34 27 27 38 127 48 2 55 127 28 103 1 125 18 107 9 119 81 45 34 43 59 26 22 27 41 214 29 76 32 204 7 93 13 158 151 49
0 53071 5 75 393 173 119 8 193 76 4 42 201 20 148 66 98 61 57 11 15 4 50 13 313 41 66
0 53106 87 30 74 54 142 62 6 68 46 38 10 194 46 25 48 73 85 147 108 155 28 29 219 115 21 79 11 116 64 6 57 7 223 5 239 4 149 39 66 48 2 48 3 52 259 137 31 48 29 116 1 66 68 141 273 19 3 34 92 84 45 38 78 15 106 36 46 123 187 24 222 71 106 4 252 41 55 59 113 20 249 4 158 4 32 81 51 1 91 35 17 157 36 4 323 16 183 10 147 19 26 198 385 72 171 46 3 38 219 17 19 7 103 22 163 91 4 65 46 53 7 13 97 18 2 81 7 23 18 206 35
0 53145 28 29 7 21 59 195 379 22 61 21 29 16 40 33 66 43 16 67 213 93 378
0 53324 46 48 63 43 574 2 249 44 93 51 42 51 3 28 14 87 315 109 4 144 384 51 4 13 314 17 26 59 303 63 45 24 15 58 238 27 79 57 22 180 8 158 226 98 146 24 6 37 47 10 225 59 12 63 190 24 149 33 118 135 101 3 3 48 4 6 38 60 32 128 27 61 22 17 29 68 105 67 57 25 56 7 506 59 20 64 11 5 85 92 102 6 27 30 3 56 396 81 20 60 89 104 428 38 55 10 122 19 75 28 9 12 2 17 201 46 24 58 94 7 81 1 3 29 33 82 155 2 102 54 13 30 144 48 125 16 63 9 14 17 127 164 33 1 29 71 123 35 32 223 3 3 85 21 35 7 223 8 10 89 17 139 149 25 12 13 145 46 187 28 94 1 3 99 41 11 172 9 196 7 33 2 18 53 34 6 104 130 45 46 27 39 22 153 211 11 54 8 88 2 139 86 44 43 307 13 52 89 118 128 75 24 6 7 105 34 111 15 89 126 2 62 67 157 26 141 93 109 94 54 303 12 12 3 199 20 23 49 81 13 310 109 141 2 95 76 160 100 118 7 129 43 47 101 163 23 3 13 19 13 116 76 70 22 240 7 43 28 53 13 10 68 1 209 106 59 134 1 135 129 32 43 151 2 60 6 131 1 55 50 116 16 237 17 62 7 168 6 47 102 16 9 12 139 230 20 196 5 142 9 169 3 70 23 222 51 53 4 97 79 50 7 31 15 22 162 113 39 327 3 153 44 16 10 42 82 6 31 33 33 96 55 20 36 11 54 16 73 57 17 8 12 28 60 42 59 177 17 188 19 8 15 195 101 152 28 20 26 10 115 6 33 19 27 125 19 13 179 47 91 158 49 100 44 23 45 37
0 53394 15 3 37 73 112 64 10 94 115 1 101 1 246 74 272 64 8 7 46 110 19 9 95 16 8 61 61 9 98 21 141 93 215 32 43 8 114 326 82 36 112 95 51 43 79 162 27 95 164 20 223 15 195 8 143 67 135 74 44 52 205 33 32 8 125 29 20
0 53397 139 67 78 58 2 89 324 109 160 72 61 11 11 1 2 162 90 50 1 5 181 60 24 43 4 173 127 9 102 78 13 325 93 49 192 31 43 134 110 49 10 47 5 30 324 59 95 42 12 18 1 26 12 1 176
0 53418 12 38 304 57 203 6 1 11 59 11 39 27 46 49 151 35 92 18 164
0 53663 16 332 135 100 6 48 268 25 136 19 86 7 21 2 154 47 75
0 53878 86 9 71 8 82 48 160 1 68
0 53920 98 45 74 11 25 1 84 13 1 9 61 16 305 30 49 107 179 61 54 21 20 57 52 96 91 566 276 73 105 30 49 27 68 16 274 16 76 73 190 44 169 97 1 5 456 58 92 6 93 45 6 21 438 10 20 47 11 91 30 203 66 84 231 79 10 112 90 21 110 43 30 25 37 30 66 8 15 114 393 11 33 1 35 26 228 95 4 45 65 58 151 62 160 3 31 10 72
0 54075 105 60 84 39 52 93 131 83 91 26 29 42 96 13 136 8 206 26 177 84 78 58 125 53 25 50 340 2 33 6 126 26 248 1 16 29 73 28 8 71 14 35 196
0 54097 252 45 90 12 119 63 225 71 90 170 87 3 57 16 61 76 14 100 162 107 253 64 88 123 7 21 25 80 17 114 104 21 40 58 120 8 193 1 117 174 8 141 142 43 11 11 207 27 84 26 12 10 46 83 95 50 81 6 122 12 124
0 54252 64 18 647 128 27 14 163 24 59 18 52 238 132 9 87 10 54 21 162 105 54 1 34 34 30 22 10 9 235 193 100 164 65 24 9 61 70 7 107 102 46 20 65 6 9 13 2 49 32 47 293 8 74 37 309 9 411 87 248 145 4 22 53 25 40 79 9 19 54 55 163 6 64 114 307 41 10 76 50 141 90 33 171 126 42 3 41 25 165 48 318 7 29 8 145 112 82 62 3 115 16 2 82 33 224 39 219 26 98 7 92 44 37 85 45 96 61 7 120 121 5 28 99 210 185 9 68 40 13 68 37 102 341 75 376 49 39 88 52 22 147 43 71 17 12 27 95 13 36 40 46 69 9 109 154
0 54283 95 21 124 24 121 32 56 3 91 79 48 21 1 75 27 89 320 12 214 8 46 6 16 33 171 16 197 22 156 31 193 22 15 103 61 32 95 11 59 21 17 42 4 3 152 70 97 50 43 34 44 131 113 37 435 24 86 64 477 48 74 72 128 2 24 39 27 95 299 45 70 101 31 7 169 173 49 8 126 1 550 43 13
0 54312 73 9 409 28 62 79 56 68 16 73 110 61 8 89 11 9 121 16 14 20 22 51 17 113 101 35 101 49 11 47 11 48 271 158 1 177 316 10 230 22 161
0 54666 145 4 70 214 54 15 5 94 342 25 8 37 171 97 14 2 167 21 2 22 7 9 234 11 9 167 301 61 103 25 150 12 216 96 58 72 90 55 99 138 293 17 95 38 216 64 90 81 165 58 58 56 81 64 11 124 61 18 106 17 165 155 115 66 32 44 54 68 84 22 46 62 41 135 15 1 14 236 89 14 58 26 9 16 254 15 339 2 49 96 118 27 84 11 58 42 58 48 133 6 119 10 73 21 243 31 109 22 23 7 116 3 44 45 200 42 350 46 27 176 165 184 119 100 16 87 451 3 6 5 51 136 84 17 162 43 181 406 42 69 307 17 121 25 72
0 54706 237 91 16 6 6 43 266 8 67 30 43 31 67 2 169 37 88 1 2 16 132 40 244 57 328 13 152 24 16
0 54837 18 36 98 42 127 7 2 66 21 26 73 154 50 267 227 22 5 10 50 17 47 104 281 8 4 7 237 38 25 34 59 5 72 48 33 47 237 21 113 10 179 35 25 72 42 62 48 24 95 29 2 1 32 18 142 114 49 87 40 132 127 47 48 12 76 147 128 19 10 19 55 7 30 13 21 14 82 8 28 17 157 70 1 117 60 14 32 47 29 44 133 149 117 74 85 59 118 25 27 19 73 26 107 6 54 38 2 132 8 108 53
0 54934 68 13 69 39 189
0 54942 609 24 18 28 263 46 38 16 134 133 9
0 55132 43 117 3 141 17 57 45 141 62 19 49 43 78 40 46 26 53 72 155 19 81 33 109 7 83 18 47 165 170 25 25 12 9 43 29 14 9 16 34 72 72 29 300 122 15
0 55312 61 79 39 92 225 172 122 13 410 87 176 8 158 2 33 52 63 96 2 126 192 23 220 7 61
0 55357 13 31 242 27 526 16 19 83 89 38 38 47 5
0 55391 34 51 84 131 30 191 11 36 144 32 8 1 231 54 33 88 32 72 117 12 94 8 46 225 143 164 30 75 64 65 38 33 202 18 90 13 167 55 43 8 14 28 171 21 38 167 12 78 47 22 39 51 66
0 55459 23 29 188 104 219 12 15 9 260 42 120 31 16 21 45 72 257 149 60 65 50 35 103 143 118 29 38 12 223 43 3 15 118 16 140 63 112 53 26 30 10 23 83 44 197 14 10 10 17
0 55607 78 70 16 15 116 74 20 58 71 81 28 125 2 2 60 68 89 219 14 5 333 85 129 133 452 10 38 49 244 52 58 2 124 32 55 1 18 38 30 121 16 52 100 61 56 29 301 44 5 10 32
0 55765 71 21 113 26 68 24 11 14 36 2 69 15 48 31 143 24 111 49 374
0 55944 298 187 18 150 88 11 195 114 12 35 66 56 7 14 73 130 17 142 7 156 30 56 233 38 424 8 9 12 10 72 17 4 356
0 55964 302
0 56012 149 19 45 12 100 63 17 46 81 86 51 191 264 31 18 19 52 261 43 4 63 132 26 52 55 68 155 39 2 96 110 16 67
0 56693 233 96 263 68 68 5 48 17 176 10 2 19 178 12 173 49 51 15 368 28 47 30 207 82 131
0 56703 13 35 216 41 8 21 16 83 83 132 7
0 56708 79 28 157 18 7 15 36 7 256 142 163 14 15 2 48 1 67 66 24 74 93 39 93 83 13 48 81 129 230 6 76 75 71 17 138 39 46 10 62 2 79 19 39 2 304 38 127 34 294
0 56846 4 11 57 67 215 39 108 103 269 22 11 43 124 40 39 64 39 94 86 83 52 63 23 16 157 17 4 194 15 14 6 147 49 78 368 1 1 54 43 186 326 31 331 18 62 21 26 76 9 156 126 21 38 9 82 123 23 92 158 9 123 35 203 19 41 163 25 125 132 47 6 111 49
0 57026 35
0 57034 38 81 259 16 39 72 40 88 113 128 6 71 236 72 5 8 668 22 79 77 45 16 79 10 45 166 76 18 124 25 11 13 24 20 57 35 130 1 20 3 127 37 161 109 25 41 95 23 16 72 32 33 61 20 18 50 25 53 275 135 43 6 41 111 178
0 57211 194 14 3 60 6 35 229 26 61 38 117 11 225 32 468 1 40 31 15 6 168 19 81 79 20 61 31 42 1 41 8 44 74 66 107 2 97 37 205 32 208 291 302 187 5 29 26 26 215 26 26
0 57297 136 55 116 26 114 2 4 2 123 65 36 34 79 1 11 2 19 74 83 112 179 23 133 144 261 46 52 21 281 26 21 56 217 139 81 79 32
0 57734 214 16 17 10 89 42 226 13 38 23 92 83 251 12 482 24 5 36 100 63 26 3 219 264 360 42 5 139 49 8 109 46 1 89 74 56 148 46 87 7 97 11 61 71 102 31 349 57 224 4 440 26 40 1 138 21 18 29 50 28 29 24 18 72 168 77 354 60 117 1 151 5 1 1 15 33 208 32 187 19 19 52 55 87 182 63 58 226 130 50 57 24 376 46 12 18 35 81 19 7 59 39 264 30 37 63 13 113 118 27 14 4 240 33 382 88 158 4 129 13 57 54 18 148 58 14 184 4 249 39 20 44 112 32 106 12 53 13 97 26 138 46 10 24 4 22 68 6 134 80 152 4 14 39 243 14 136 3 184 2 141 44 72 37 165 138 76 4 101 15 9 59 235 64 189 6 14 13 32 109 102 25 88 104 159 13 48 83 64 1 55 54 217 57 74 28 102 46 8 37 68 25 153 109 10 14 102 31 54 261 10 93 6
0 57842 22 139 25 113 53 9 33 52 71 1 18 150 57 6 63 1 48 45 34 68 190 25 10
0 57903 6 49 48 15 85 62 27 73 11 32 333 137 5 35 79 10 49 61 158 4 43 1 126 30 202 14 223
0 57985 87 48 157 53 59 63 53 29 140 86 239 61 80 2 107 1 56 36 44 109 25 24 37 162 81 3 53 1 253 31 23 126 85 17 159 219 153 37 32 37 444 7 3 8 2 39 118 106 112 2 34 32 14 64 182 47 198 16 11 12 58 51 143 48 274 18 27 5 139 2 51 29 53 25 62 6 8 8 133 85 147 39 40 72 144 5 95
0 57990 42 118 3 43 63 104 41 11 1 9 52 22 72 5 2 189 16 41 13 31 39 2 13 32 130 100 359 7 195 50 127 43 47 30 109 19 2 11 41 32 469 20 57 80 137 80 274 23 37 157 52 45 9 42 21 18 192 29 3 78 99 202 2 80 55 39 49 46 152 29 293
0 58013 236 24 12 63 167 52 245 42 23 148 389 3 92 66 43 35 12 138 20 37 13 95 58 32 50 14 53 18 85 26 155 163 72 13 291 44 16 39 286 225 76 87 193 57 45 17 46 35 13 32 302 79 50
0 58111 105 2 299 165 12 4 318 106 15 32 419 56 240 59 49 10 243 137 144 4 192 253 238 1 8 64 588 73 113 100 61 19 147 1 24 16 202 43 28 55 40 16 22 61 13 55 449 33 6 35 390 13 96 89 23 28 43 23 113 12 62 19 80 4 6 20 5 113 142 61 192 103 28 24 122 6 24 14 10 121 211 156 30 6 25 87 69 2 302 2 162 274 187 37 111 16 13 54 83 224 18 11 29 51 309 14 111 24 127 31 86 113 28 36 31 17 47 18 47 45 2 123 61 32 74
0 58200 95 16 139 109 79 38 22 83 20 29 64 89 90 158 53 93 138 14 223 7 7 88 243 24 70 20 26 27 31 2 301 68 23 132 17 23 254 42 246 13 121 26 59 1 124 30 98 37 52 21 121 16 85 5 210 220 43 74 50 13 33 79 232 123 170 30 17 222 99 50 61 6 97 20 377 104 15 54 136 23 52 69 282 30 21 36 59 107 122 1 52 60 230 42 52
0 58327 6 136 17 20 44 111 155 140 148 25 370 44 336 29 55 8 6 100 17 9 73 48 49 11 54 31 57
0 58693 45 33 143 8 8 41 11 44 104 37 326 260 129 187 16 100 78 31 43 3 3 7 84 9 13 12 145 17 169 76 195
0 58857 37 210 131 10 54 1 76
0 59060 23 57 30 11 100
0 59162 97 90 281 46 15 23 203 52 61 18 24 170 289 61 29 12 30 36 27 109 240 81 16 18 139 41 3 16 37 8 8
0 59231 66 47 292 12 210 40 38 84 38 97 390 25 41 36 24 27 221 31 1 117 590 80 44 37 136 5 4 32 232 29 212 50 62 19 60 82 47 76 48 4 16 80 16 33 49 85 122 27 165 89 402 103 13 10 67 86 381 18 8 32 47 55 43 13 145 40 81 30 453 25 27 87 14 72 192 20 60 54 46 27 25 125 92 6 24 28 153 43 225 18 112 18 77 99 38 38 229 7 11 43 223 11 93 32 26 3 128 180 7 9 76 35 118 9 228 11 100 44 506 32 128 154 101 123 74 77 11 27 232 49 212 41 103 5 7 30 163 14 368 77 221 32 65 7 5 106 50 52 7 10 108 78 124 70 32 13 52 88 39 25 86 124 66 4 190 14 121 57 110 4 9 3 23 18 320 141 20 36 66 136 153 12 58 41 170 17 111 22 39 14 8 2 357 7 39 57 10 66 16 22 51 57 102 100 85 74 3 103 27 6 21 51 20 12 128 102 98 3 23 11 147 45 43 53 15
0 59824 89 1 24 70 218 102 488 32 42 89 84 308 46 127 9 3 234 38 134 32 70 37 97 15 14 13 61 54 26 6 124 75 162 72 777 6 15 5 63 2 229 18 22 87 317 8 28 23 18 1 333 18 150 6 158 17 7
0 59907 419 42 11 67 81 27 101 24 129 118 23 160 6 188 21 47 81 4 187 163 82 2 415 48 201 54 265 17 473 56 6 18 245 58 12 28 160 9 271 2 4 54 187 163 52 108 49 4 19 1 21 71 348 48 71 6 59 6 41 32 253 136 261 42 7 41 73 77 235 17 17 156 96 38 104 1 22 145 46 12 89 22 172 176 128 86 11 133 148 64 119 31 16 104 117 5 134 159 19 37 150 46 44 23 101 35 7 23 25 112 51 24 361 27 89 85 279 9 152 24 16 38 169 27 35 45 12 5 183 57 91 52 100 81 171 2 95 145 57 175 74 35 1
0 59953 4 20 92 12 113 19 43 77 17 49 11 84 69 55 49
0 60330 66 24 8
0 60731 158 23 40
0 60876 38 32 122 48 291 61 407 13 24 6 135 43 55 8 8
0 60971 208 103 174 8 373 27 27 25 169 22 47 15 20 65 50 6 87 124 81 6 142 3 238 70 51 10 499 8 86 23 185 5 90 105 1 95 17 108 57 10 232 23 44 48 42 49 42 3 6 12 122 66 474 5 30 110 40 74 52 36 263
0 61713 91 8 33 16 80 126 74 33 5 89 88 32 82 31 31 28 100 12 135
0 61746 56 53 57 25 75 3 48 104 20 3 256 13 217 13 200 41 45 42 9 94 48 83 16 97 108 94 119 33 45 173 248 5 45 23 116 28 103 24 52 1 16 1 84 3 93 66 65 35 161 50 26 91 55 10 36 14 97 1 134 40 240 48 140 14 103 19 10 36 154 69 34 153 13 234 7 65 24 16 222 209 146 56 86 21 473 39 37 79 126 49 42 33 160 101 150 373 30 53 85 65 30 87 178 4 125 56 10 40 164
0 62414 70 8 30 6 72 50 20 22 152 41 177 29 26 5 180 27 161 4 60 6 11 32 20 61 62 153 30 25 95 117 191 149 89 39 1 133 62 133 95 105 75 59 47 18 269 112 31
0 62758 254 93 27 23 17 92 94 35 106 26 96 25 357 110 128 15 8 24 65 36 50 79 60 57 89 7 281 5 65 34 115 30 207 23 187 96 178 2 118 66 1 26 43 32 21 89 132 46 20 52 175 82 62 34 126 60 217 116 199 104 111 52 20 73 155 40 14 62 69 14 22 142 63 47 58 40 59 135 204 80 173 6 42 6 237 136 127 39 200 36 257 84 70 7 266 105 11 99 182 20 80 26 41 37 170 5 85 59 97 54 114 11 258 49 76 102 42 65 54 54 19 2 82 52 8 18 18 19 208 66 153 4 4 40 68 3 82 49 4 92 9 299 180 64 2 19 22 41 10 150 60 14 161 29 22 31 123
0 63140 10 6 370 45 14 4 61 47 17 35 148 90 84 32 8 100 95 10 85 77 25 13 95 11 97 22 35 171 6 22 318
0 63157 24 24 112 93 77 68 157 48 98 26 301 5 110 164 12 15 18 18 1 17 272 15 3 6 61 112 96 47 20 99 141
0 63542 84 36 4 3 10 18 118 11 37 138 66 7 147 129 49 103 50 66 104 4 185 90 171 44 75 60 75 35 60 28 159 14 15 8 138 8 176 50 136 5 16 62 30
0 64085 21 32 684 33 8 217 301 162 173 3 296 2 1 43 239 16 142 22 137
0 64382 21
0 64526 280 4 58 52 93 3 69 1 299 27 279 114 159 20 72 9 76 53 163 46 30 16 103 23 10 11 22 1 36 109 170 40 127 291 63 177 125 55 174 6 65 27 339 182 261 98 81 46 12 75 208 87 4 35 28 51 51 19 29 82 92 11 52 22 109 16 92 33 53
0 64622 40 26 19 54 64 49 441 22 562 98 195 7 2 172 54 29 118 5 64
0 65107 302 142 135 207 192 42 171 42 19 4 26 232 24 16 81 22 33 58 65 63 383 93 119 67 18 40 31 56 21 14 4 20 40 23 137 21 16 30 32 114 108 77 28
0 65756 189 5 132 144 4 102 20 51 106
0 65896 215 11 66 38 80 18 55 48 65 21 124 17 170
0 65916 175 220 222 2 76 21 73 68 21 112 4 10 78 12 236 9 46 36 6 11 64 44 341 3 44 11 153
0 66396 69 10 111 3 39 77 147 35 100 36 64 10 76 64 34 39 192
0 66585 18 57 9 68 111 209 1 130 224 70 49 41 30 17 51 59 82 55 35 68 67 30 10 24 172 35 53 13 112 13 176 57 12 74 110 90 24 117 96 185 188 70 74 62 99 10 60 3 157 128 57 10 81 19 28 51 196 3 40 9 88 43 30 61 10 41 312 137 36 14 141 51 110 2 59 39 7 63 76 43 9 13 53 10 22 52 76 50 258 60 49 72 121 161 191 79 167 9 75 126 139 14 111 49 75 172 143 31 53 111 1 7 42 30 216 6 57
0 66643 53 1 3 17 149 9 178 21 2 5 21 15 276 53 45 57 353 28 250 5 139 94 35 2 355 136 10 32 334 10 70 8 41 12 214 79 183 106 150 71 72 29 27 27 84 21 41 11 44 41 3 202 284 60 72 23 56 133 30 32 27 69 86 24 1 65 118 22 84 4 81 107 119 81 79 6 23 51 74 2 92 127 20 12 80 28 161 36 103 33 3 134 209 81 251 8 59 5 13 94 203 76 48 1 143 60 239 103 111 15 72 128 70 11 32 5 3 107 338 2 149 34 380 95 86 20 124 35 65 48 261 68 75 88 60 102 51 29 225 40 17 39 270 22 193 91 124 16 273 112 78 9 36 45 2 60 33 239 7 89 56 15 9 21 2 147 128 121 149 66 31 29 35 28 87 35 139 31 15 46 58 173 18 51 101 16 57 10 261 80 153 34 5 31 18 21 90 11 271 64 153 32 104 50 92 51 132 50 14 29 60 23 325 22 27 95 2 20 22 13 71 86 32 68 109 32 268 66 92 41 227 77 71 73 70 62 9 9 136 42 80 73 3 68 19 16 196 7 80 38 76 15 33 22 160 119 91 90 32 77 8 115 2 29 294 17 33 43 16 109 226 32 32 12 28 29 17 34 288 23 102 40 128 56 37 11 264 78 189 6 28 26 74 4 7 6 3 70 192 44 122 60 67 133 75 47 24 59 217 3 101 103 76 8 19 53 25
0 66690 37 1 177 34 113 3 37 13 139 81 167 14 290 45 80 9 23
0 66809 151 27 243
0 67276 65 12 87 62 12 12 68 26 59 27 178 109 128 51 217 20 103 146 3
0 67340 21 245 69 73 217 11 148 54 38 10 130 97 63 19 18 148 39 65 15 23 92 53 42 63 145 2 64 17 68 13 185 86 40
0 67664 10 31 51 34 41 118 117 61 17 20 235 7 95 147 29 143 199 134 38 183 29 11 1 58 110 81 379 20 214 25 32 43 123 88 11 32 11 56 142 203 174 40 23 6 160 45 33 58 2 39 37 33 195 4 93 3 127 82 74 13 245 71 135 2 62 14 236 31 86 34 19 55 125 45 150 62 65 102 162 44 8 35 172 66 208 13 119 111 6 33 118 8 155 24 130 38 6 137 329 57 166 4 199 69 57
0 67795 40 8 169 56 57 53 27 14 110 32 149 10 54 132 86 18 18 70 124 20 578 95 21 5 37 139 13 33 33 140 2 114 191 19 42 130 6 7 20 112 53 223 279 6 49 32 93 49 32 41 174 10 10
0 67931 10 15 16 104 12 73 52 66 69 77 40 2 51 2 30 66 2 51 69 6 12 12 17 5 33 4 174 85 130 42 23 49 60 8 187 65 35 91 34 26 8 37 32 8 73 57 21 24 2 12 98 10 424 11 75 173 25 53 124 29 116 86 34 26 14 36 15 12 42 7 122 18 248 142 37 104 53 13 78 8 280 1 93 5 108 5 18 31 7 93 137 153 116 78 359 72 124 26 66 10 169 26 2 69 192 10 15 108 27 17 174 15 28 9 96
0 67982 180 122 247 49 98 219 42 17 539 26 80 70 3 54 30 19 8 56 128 26 123 72 4 69 104 8 6 69 26 21 268 53 105 24 13 67 161 26 96 10 244 20 16 26 175 154 90 33 126 21 118 13 105 36 54 9 14 2 17 114 4 73 189 92 27 45 142
0 68398 65 36 87 40 111 16 32 54 90 67 35 3 22 66 141 20 30 49 22
0 68597 227 14 50 17 68 6 45 3 15 40 83 7 43 4 32 17 3 39 41 30 209 44 9 45 213 12 8 178 27 30 140 33 391 11 34 219 89 2 97 121 21 55 89 74 18 27 278 171 22 20 44 170 33 77 69 94 141 56 35 28 92 145 20 14 52 169 28 14 100 119 60 30 109 39 423 82 14 94 22 89 155 18 241 24 1 167 38 25 51 44 148 14 195 326 306 46 97 110 259 33 25
0 68680 164 54 174 69 15 9 74 5 136 85 73 7 14 92 12 80 7 23 51 14 11 10 32 43 266 175 179
0 68737 99 32 154
0 68796 28 3 14 80 22 126 19 22 96 40 82 35 101 46 150 8 70 10 37 17 12 52 159 21 387 27 184 51 52 12 249 92 17 57 111 26 25 17 21 90 9 125 213 6 15 10 35 56 51 104 65 13 15 49 95 5 164 28 19 47 46 90 30 53 37 69 100 31 119 34 154 43 268 8 42 86 60 28 49 17 16 68 93 24 11 75 85 12 38 45 35 78 262 41 147 167 340 48 57 16 1 4 49 47 78 38 112 109 217 47 16 64 560 98 31 57 241 25 151 70 79 28 12 127 2 38 69 31 17 3 295 97 60 54 105 55 148 22 156 70 146 34 90 45 49 84 18 13 2 14 118 34 33 45 152 3 6
0 69162 33 13 123 51 3 16 13 34 77 22 74 64 83 11 134 39 237 3 131 98 265 178 38 72 180 4 30 16 86 21 21 29 31 52 144 119 180 75 172 23 85 29 94 86 183 5 91 56 296 31 89 75 98 16 150 22 3 29 130 8 102 59 169 5 57 6 219 75 20 117 30 89 67 41 12 10 59 26 146 112 50 42 158 33 30 26 19 113 77 25 35 64 99 24 53 44 121 67 55 63 120 91 212 19 53 53 241 23 148 65 85 150 106 48 362 8 59 15 222 19 126 10 51 17 5 12 20 26 213 68 163 81 251 1 25 8 19 33 8 18 23 176 45 15 68 27 5 20 25 47 243 55 143 13 303 65 88 183 2 26 234 8 29 6 101 18 21 87 196 12 162 38 161 31 18 200 213 67 75 1 4 4 134
0 69434 52 1 38 28 10
0 69520 36 90 124 16 78 35 114 50 89 20 118 44 32 9 85 30 11 161 8 74 6 2 99 101 76 41 92 80 172 31 230 26 274 145 3 33 14 321 56 21 85 56 29 68 16 12 276 57 9 3 41 24 100 7 5 1 71 9 205 61 317 51 375 29 445 19 49 34 167 77 8 14 51 105 94 135 29 57 131 16 7
0 69978 62 6 130 27 144 27 51 31 242 201 28 219 44 11 42 245 11 22 91 39 74 43 309 41 268 25 99 12 65 25 138 137 91 76 178 1 84 4 38 6 62 22 84 33 62 17 1 2 122 27 57 42 122 21 16 70 170 19 42 22 89
0 70345 18 36 24 6 35 14 200 24 77 51 50 37 12 27 148 12 155 13 85 13 93 34 114 3 31 53 236 95 280 35 1 54 27 44 125 14 26 23 65 10 83 16 17 64 57 40 258 17 19 12 41 85 221
0 70500 1 16 55 50 130 3 83 96 50 35 100 7 72 7 334 65 54 34 35 30 253 126 34 156 169 20 29 45 17 75 225 108 108 4 29 14 9 49 121 50 226 25 239 78 111 41 51 76 20 60 98 12 109 14 205 39 122 44 80 15 143 20 34 29 208 23 166 65 182 29 137 131 1
0 70562 213 144 76 39 83 25 80 8 5 8 161 23 79 30 118 107 11 29 19 8 155 87 124 2 75 16 24 2 201 37 123 2 202 29 5 9 56 40 69 3 7 26 68 99 402 61 21 53 390 13 84 33 16 22 35 4 305 68 4 16 116 26 106 2 33 55 134 52 9 70 61 32 329 52 144 139 34 5 12 19 14 44 149 33 440 48 232 29 240 73 3 47 96 11 93 23 136 29 205 89 136 125 53 12 43 184 196 27 141 13 272 172 194 122 97 180 214 116 23 34 183 14 22 1 330 55 139 14 25 108 80 13 84 15 38 90 36 14 47 17 36 3 146 19 54 11 43 14 69 77 25 7 257 275 103
0 70663 165 31 78 38 185 11 52 19 4 12 4 12 21 1 409 29 46 71 114 8 520 65 4 115 63 4 117 38 77 152 118 303 308 20 111 7 52 13 102 15 80 40 16 93 184 49 190 32 107 78 65 93 103 22 232 7 52 259 23 125 9 88 83 12 25 37 62 5 140 5 193 23 47 114 373 59 21 35 174 3 10 29 160 29 123 16 117 149 18 44 156
0 70949 1 7 192 11 36 33 49 16 48 74 131
0 71160 208 36 4 103 59 90 216 6 37 89 121 85 40 133 77 16 45 31 78 27 37 2 170 97 72 26 182 29 37 13 174 57 7 9 20 62 7 36 167 36 45 5 4 58 226 63 247 4 85 23 14 42 30 84 106 22 42 60 59 123 29 26 98 56 19 63 156 68 41 1 3 22 51 69 25 17 207 43 223 51 1 63 216 12 40 7 25 13 128 1 1 101 19 60 39 77 11 63 6
0 71524 2 5 26 42 83 22 42 61 23 7 54 49 64 53 33 31 159 64 148 53 78 31 222 43 172 11 3 2 171 5 1 30 102 20 176 46 37 77 123 41 144 33 24 30 249 21 301 84 488 138 333 109 55 4 100 19 61 36 56 89 85 3 29 77 59 18 49
0 71932 12 33 48 10 41 124 72 8 130 9 84 71 59 32 111 38 4 32 30 8 61 33 69 36 87 36 67 57 108 21 16 206 43 20 23 52 30 34 5 61 62 8 6 116 1 172 141 32 43 36 23 33 56 59 9 33 53 35 67 70 25 17 66 12 59 5 97 35 183 14 249 49 41 28 10 5 32 72 109 97 166 77 2 36 66 37 127 13 32 6 14 142 22 8 184 28 252 48 100 11 164 16 42 41 161 184 88 14 111 37 19 79 54 65 8 29 12 29 264 8 4 8 44 27 159 46 183 66 212 93 104 50 51 18 165 14 143 38 46 3 103 23 9
0 72321 208 112 65 12 46 12 70 8 65 10 54 1 173 12 177 11 18 76 112 165 86 16 24 42 37 20 322 1 25 13 19 58 194 4 11 18 26 89 94 9 20 26 157 61 42 30 114 162 391 26 337 96 21 44 137 17 240
0 72346 120 17 124 36 128 44 59 25 8 104 270 34 159 8 102 60 174 15 103 25 25 45 213 176 70 38 28 3 31 32 146 180 98 124 56 178 8 67 60 72 7 11 168 55 321 91 68 43 5 60 113 24 238 13 115 15 166 3 29 70 181 2 84 39 234
0 72600 112 24 62 99 175 58 62 36 30 11 38 2 52 39 61 40 116 4 60 46 6 72 33 23 76 25 25 6 81 16 89 96 82 59 44 53 96 31 399 47 34 17 72 36 18 1 354 2 129 17 119 20 4 17 3 39 15
0 72630 111 31 128 78 38 56 87 56 18 162 68 175 39 15 22 76 49 43 1 34 76 4 58 8 24 23 42 122 87 40 4 55 53 69 72 15 35 56 62 75 76 11 25 52 165 194 24 52 65
0 72734 70 15 102 50 156
0 73443 42 7 13 29 151 34 24 48 30 115 252 46 19 109 40 1 51 50 128 57 38
0 73546 8 51 55 38 10 25 164 68 23 62 43 78 211 45 15 74 152 27 214 27 195 82 3 34 132 22 80 3 30 87 104 67 47 88 77 35 56 9 13 2 53 76 14 59 33 6 130 183 94 125 18 19 77 81 27 31 98 30 249 8 263 20 32 3 380 2 20 182 242 149 28 7 21 114 29 3 90 23 12 32 63 9 35 138 197 16 3 48 101 95 31 6 615 72 155 5 3 21 18
0 73579 46 25 31 41 152 40 23 72 92 17 72 19 8 38 29 255 90 8 260 17 68 34 36 178 236 4 150 2 123 32 314 61 146 81 46 44 16 120 130 28 30
0 73596 91 60 8 71 4
0 73692 200 88 39 35 17 99 271 7 520 24 9 11 169
0 73890 41 35 10 41 66 150 199 14 6 17 37 63 116 84 34 80 36
0 74074 166 4 35 74 44 40 94 2 111 61 47 2 155 19 121 76 79 11 94 12 57 43 155 24 63 32 13 71 62 72 24 11 106 208 161 61 17 24 109 36 65 6 122
0 74137 92 1 64 220 74 76 206 37 39 90 30 5 276 32 281 30 79 72 33 81 48 83 112 11 10 95 19 8 219 5 38 118 333 67 111 62 57 6 32 144 217 17 160 187 38
0 74391 239 108 156 136 108 26 39 197 167 106 30 52 279 118 92 6 80 53 3 23 42 59 25 72 24 59 253 21 52 6 34 7 1 70 116 29 95 2 31 90 166 10 37 42 17 38 7 10 95 14 99 2 57 19 55 94 53 8 15 4 69 118 15 91 29 21 7 4 135 15 166 8 72 29 3 43 84
0 74408 25 53 120 123 3
0 74465 102 49 310 250 118 54 52 30 6 1 5 72 51 4 171 26 293 49 22 10 65 40 33 38 87 97 108 77 24 1 42 73 100 33 106 5 214 2 125 137 55 57 89 2 344 70 81 80 36 4 134 15 69 4 151 30 20 10 75 44 34 76 56 167 53 3 268 10 185 47 13 43 65 13 211 17 1 153 7 47 22 1 72 23 112 9 25 8 38 57 128 23 19 25 75 167 260
0 74538 13 10 74 24 49 94 180 6 22 6 121 52 348 158 59 37 193 43 30 198 13 17 54 17 113 11 39
0 74598 5 40 75 14 141 20 61 19 35 15 26 75 197 7 127 23 74 218 162
0 74632 66 34 157 42 47 2 122 13 15 15 13 63 3 89 6 118 166 177 59 66 191 68 32 90 100 7 28 12 18 4 344 67 6 13 47 40 9 168 175 15 24 53 16 26 342 195 10 56 10 103 108 31 172 101 52 55 38 39 226 87 412 49 373 35 11 4 9 21 80
0 74729 23 72 85
0 74975 27 27 14 30 1 22 50 58 132 80 187 35 102 19 85 135 149 31 59 11 84 91 86 137 43 7 26 101 25 19 9
0 75291 5 36 185 60 5 58 33 17 38 120 107 21 41 94 65 15 122 20 41 34 8 49 86 3 16 7 36 58 392 4 79 99 47 106 135 32 56 37 147 21 99 39 76 46 50 16 83 94 28 9 2 33 13 4 50 94 85 20 34 76 48 55 12 211 106 1 115 109 72 25 92 6 59 36 143 34 89 11 77
0 75436 73 109 54 26 354 16 54 10 187 9 113 6 215 209 11 33 5
0 75465 152 3 101 74 37 116 100 46 11 146 35 25 18 114 40 33 349 5 431 5 288 69 180 24 242 11 12 39 78 77 266
0 75527 111 125 20 10 173 68 439 9 17 100 24 28 106 182 41 22 76 47 24 16 55 4 32 21 77 3 196 51 62 10 22 23 4 57 193 15 44 125 40 20 50 12 33 73 39 27 108 41 117 5 178 28 23 3 267 39 91 28 136 144 82 81 21 71 21 44 35 6 150 23 43 126 7 19 27
0 75549 20 89 47 30 20 37 39 11 11 9 64 16 102 13 81 354 80 2 12 13 26
0 75920 5 5 66 84 68 32 96 4 165 136 273 158 95 37 81 24 45 84 28 10 52 79 16 13 80 8 17 94 35 127 73
0 76025 80 79 49 20 202 204 36 41 564 225 95
0 76037 34 82 231 15 85 27 181 105 182 27 60 27 4 54 1 54 257 26 171 43 18 78 14 27 21 12 50 2 56 93 25 61 159 1 159 41 46 46 93 13 8 40 42
0 76083 19 127 52 47 40 14 74 57 54 17 155 198 180 49 2 86 106 13 9 71 39 56 106 70 159 30 21 18 75 28 1 110 249 23 87 37 17 3 117 20 105 5 145 90 16 55 70 104 11
0 76335 89 205 208 23 5 11 85 6 1 37 170 75 8 30 70 84 52 10 32 186 205 93 16 78 1
0 76342 6 53 13 20 172 97 37 93 106 18 101 50 65 41 325 16 7 114 165 55 335 78 92 49 158 6 87 176 148 102 29 57 401 4 76 28 324
0 76369 109 10 10 40 371 26 2 96 3 21 72 11 209 24 31 50 149 13 20 8 213 11 70 52 56 20 83 23 7 124 99 56 260 3 87 1 18 18 51 14 446 1 64 100 113 21 409 84 148 31 40 14 11 23 68 230 190 3 22 30 346 20 219 10 175 113 161 7 112 81 14 2 14 15 39 23 20 130 58 44 152 24 138 3 15 3 2 2 27 44 140 7 348 8 96 31 67 9 21 58 299 331 132 186 13 7 71
0 76445 244 31 17 2 88 85 51 27 33 11 93 107 58 20 50 111 36 44 16 41 91 24 295 49 190 76 315 16 212 28 9 74 10 35 79 4 61 31 35 8 47 44 75 50 34 182 15 70 84 17 69 3 9 17 171 199 216 5 72 54 102 81 132 1 135 6 296 8 97 101 96 25 35 7 133 52 14 71 138 12 116 2 34 30 105 19 21 77 16 11 91 38 18 20 22 7 52 65 37 2 88 23 20 42 23 6 124 28 150 134 195 13 137 26 7 1 144 2 82 11 46 315 94 169 435 31 117
0 76762 121 7 239 55 97 106 275 18 83 5 12 43 60 29 461 86 174 46 57 103 165 113 5 30 154 54 150 74 84 290 137 34 77 46 102 8 5 16 78 89 168 44 336 25 116 4 19 92 67 41 87 11 1 69 47 6 47 5 109 105 33 27 223 41 50 108 20 53 65 15 37 34 35 6 25
0 76844 72 16 133 33 71 57 124 10 94 6 211 45 26 47 29 5 203 4 22 103 138 20 219 4 8 29 246 51 20 3 101 4 77 20 159 10 11 46 77 49 78 6 26 152 62 40 67 11 57 36 36 2 43 57 66 35 85 1 79 376 89 95 95 9 227 118 39 102 76 33 47 14 3 25 7 52 59 15 23 50 262 24 156 49 41
0 76873 45 52 189 55 98 15 166 24 6 63 25 34 106 15 76 22 67 5 102 25 114 53 68 48 99 105 77 7 97 12 379 13 182 2 116 68 114 25 105 58 591 174 87 33 87 135 19 1 140 56 296 16 51 8 60 27 22 59 112 4 602 93 39 3 99 16 66 183 41 121 110 129 28 22 11 107 4 53 41 53 184 12 169 1 14 44 45 89 389 4 84 56 125 26 45 11 12 136 8 8 7 3 1
0 77012 30 48 34 24 46 3 177 82 75 25 87 8 72 27 3 25 129 52 79 221 39 136 57 70 15 3 92 15 35 11 32 10 17 100 21 82 101 23 17 163 335 167 47 108 205 123 102 146 28 86 45 85 138 67 24 84 30 97 123 276 64 114 227 17 9 130 14 40 79 17 37 12 124 68 6 25 143 57 117
0 77068 73 45 128 2 2 17 24 148 21 18 23 12 1 11 154 33 248 2 22 146 34 23 84 28 168 92 450 33 120 51 369 8 2 40 154 50 82 55 137 23 91 39 209 38 193 24 63 12 239 103 47 113 149 18 282 7 53 104 34 71 4 66 133 5 435 46 224 8 212 68 65 51 45 218 136 78 143 26 175 131 13 42 95 23 488 77 24 15 51 161 38 22 352 53 109 61 37 61 30 50 126 65 52 51 100 132 4
0 77329 11 3 78 23 5 34 24 6 25 35 11 2 68 2 122 28 35 126 136 7 16 10 33 65 34 27 319 74 247 44 20 143 135 14 8 58 116 1 46 34 3 64 47 149 103 166 10 46 254 9 136 8 79 2 19 31 66 25 17 326 92 8 12 5 110 101 121 23 269 17 37 27 21 23 9 28 166 14 151
0 77430 100 47 29 7 88 22 83 116 118 12 30 80 372 8 190 20 82 3 6 9 45 73 165 1 82 52 181 19 128 49 345 14 83 42 27 11 65 12 32 5 159 19 39 84 105 23 21 34 4 74 27 81 47 58 47 11 44 15 62 19 61 79 44 43 133 23 238 125 339 3 11 13 24 89 22 220 15 75 65 59 45 17 202 71 344 27 255 5 31 35 58 3 53 87 217 7 44 52 51 21 357 106 172 156 107
0 77618 79 8 575 78 518 27 216 24 669 120 19 223 27 4 25 1 30 26 199 65 10 9 113 62 85 20 85 56 113 33 11 28 98 51 11 27 279 48 5
0 77710 344 78 103 11 190 49 7 84 39 12 67 124 150 15 73 25 32 8 178 95 38 96 124 51 146 78 102 74 302 131 25 9 8 47 90 36 34 52 167 74 76 3 101 2 39 105 30 121 30 19 14 59 3 71 17 79 179 75 146 125 16 13 68 42 112 65 76 3 23 42 193 34 97 39 16 3 29 10 52 53 248
0 77711 11 95 103 9 313 57 58 28 125 10 18 7 35 27 61 62 77 22 229 25 8 21 2 27 1 35 89
0 77909 46 27 135 80 174
