0 0 163 115 42 84 73 13 53 42 69 10 12 91 117 71 388 59 160 175 42 40 22 4 33 8 240 29 9 12 131 14 71 20 70 1 398 153 70 47 15 73 32 55 8 242 120 53 88 15 25 2 52 38 318 3 126 29 37 9 86 16 155 23 112 96 92 4 253 67 223 26 78 54 309 39 523 112 222
0 389 132 93 114 29 108 129 53 30 247 204 20 37 41 3 19 58 54 74 50 99 13 35 68 10 145 62 110 11 16 11 283 21 191 23 53 1 117 1 17 48 192 32 324 69 96 73 37 4 17 17 26 39 10 144 43 12 76 16 84 81 14 40 54 160 21 68 78 23 84 51 44 110 68
0 451 94 41 58 7 7
0 535 8 4 83 5 92 18 267 26 47 15 63 29 1 60 49 77 117 97 56 20 317 33 151 33 74
0 606 66 2 143 144 30 23 68 30 170 1 142 27 126 177 180 62 110 41 46 49 448 37 124 94 76 81 39 29 128 29 79 121 16 1 42
0 702 26 57 12 161 80 87 2 55 61 51 27 31 118 9 41 45 123 141 42 77 193 53 23 13 31 90 109 53 71 54 163 55 121 23 252 41 179 22 175 71 151 58 69 57 125 17 20 113 23 44 14 1 148 55 53 12 23 33 13 53 72 2 418 70 3 34 19 21 132 55 94 7 114 22 52 27 178
0 747 184 60 18 6 15 50 85 65 50 43 29 18 203 89 39 59 108 15 174 11 51 17 108 61 26 99 1 3 133 49 64 48 179 22 46 8 366 156 167 12 151 4 39 48 1 64 25 16 33 10 143 68 30 89 22 12 267 27 212 54 150 64 168 108 163 85 8 36 33 271 81 44 193 22 36 97 248 59 161 141 109 22 55 45 2 26 115 22 117 31 32 62 429 77 17 22 78 27 69 63 14 13 58 76 296 72 71 45 4 45 44 87 65 35 1 31 205 22 413 11 11 8 236 30 116 58 196 5 29 58 119 31 73 7 85 60 203 33 68 54 3
0 824 41 57 15 22 7 92 34 37 70 55 132 46 77 97 381 61 67 25 6 16 200 12 22 73 30 78 137 82 3 61 67 2 139 34 50 76 91 64 18 48 245 72 8 8 1 10 91 14 283 64 231 17 4 100 22 2 110 24 57 2 174 10 10 32 9 41 16 12 30 21 122 9 45 140 31 34 57 20 163 35 182 55 123 43 147 21 125 21 390 11 189 4 119 19 134 81 17 29 48 31 18 245 3 27 117 28 86 5 50 35 53 175 143 90 92 6 80 20 216 42 188 18 145 49 39 23 238 8 254 16 162 94 69 15 81 14 95 94 96
0 845 26 12 119 169 207 4 134 89 24 29 160 42 18 67 3 15 200 8 204 7 131 58 3 97 178 7 36 92 35 73 179 37 47 58 144 6 77 157 23 36 17 136 158 22 160 51 25 162 200 102 22
0 882 403 4 214 128 54
0 981 77 95 114 13 67 244 328 12 439 57 31 60 62 20 125 107 12 31 7 11 33 35 351 77 39 62 173 8 92 43 70 66 79 2 154 10 34 7 131 97 51 66 26 60 19 56 15 5 88 23 183 31 85 68 140 19 67 37 64 16 86 6 43 67 30 3 4 13 64 26 38 62 138 26 97 17 245 12 36 8 12 174 3 130 119 10 11 21 555 45 49 17 20 280 47 79 89 42 74
0 1198 15 13 20 117 157
0 1231 2 39 86 76 19 134 41 29 25 6 13
0 1253 133 12 35
0 1279 5 65 109 108 100 41 23 47 199 30 282 1 3 96 188 15 27 95 21 59 327 88 150 45 35 5 109 67 19 20 26 1 20 41 45 100 73 121 108 17 81 50 125
0 1309 52 29 97 28 5 10 83 9 68 60 186 37 19 33 454 66 63 57 56 4 55 3 10 59 96 56 27 48 34 57 103 13 328 18 95 28 292 47 1 133 24 151 144 29 57 48 42 23 24 33 165 91 120 46 36 153 32
0 1640 194 7 317 2 35 5 84 11 14 22 86 12 17 12 37 72 275 25 48 12 110 8 54 40 11 30 110 3 77
0 1661 278 14 387 57 56 17 85 20 169 79 135 9 168 74 54 66 201 1 361 91 249 57 132 2 96 72 5 9 103 34 175 29 83 82 2 37 39 17 52 13 25 2 12 2 8 23 16 4 4 87 314 35 47 35 82 16 69 11 10 1 35 23 67 21 219 98 25 40 272 21 4 19 51 4 410 27 5 111 157 156 130
0 1758 30 94 10 46 87 18 89 48 24 42 6 15 18 58 53 5 36 9 49 116 20 126 24 59 14 11 142 166 421 72 280 114 94 8 50 117 1 9 79 24 6 2 2 10 206 20 177 54 8 71 58 8 27 26 85 117 5 12 5 74 13 24 28 133 7 111 106 31 150 98 391 54 98 12 93 20 90 210 165 51 73 139 12 48 54 18 16 28 112 151 7 25 42 39 11 146 203 16 480 19 301 74 27 3 89 64 146 28 53 5 73 147 64 1 30 9 274 111 303 13 8 113 13 101 91 42 336 45 292 66 32 150 60 152 53 60 20 62 255
0 1838 5 3 55 229 51 1 5 31 97 47 114 191 83 37 26 147 251 222 96 5 27 10 249 15 81 3 101 32 76 6 221 206 17 5 145 62 216 121 167 27 73 1 20 10 47 111 133 193 38 102 417 27 70 34 121 114 61 140 72 105 116 26 263 21 184 92 152 26 9 31 23 49 4 26 193 8 110 55 64 33 1 112 25 2 124 84 197 11 19 16 61 121 294 38 53 17 13 15 187 74 18 68 54 7 3 35 95
0 1843 192 10 39 29 27 169 4 19 31 25 21 170 463 14 23 90 171 51 42 17 50 48 86 108 60 52 35 2 14 29 37 87 12 16 117 163 75 111 113 8 100 21 57 17 56 57 138 15 35 200 283 87 15 1 246 73 8 80 23 76 181 123 14 188 316 10 56 3 105 65 154 76 128 67 54 22 16 20 56 28 13 22 2 62 14 29 162 49 46 36 25 209 441 1 436 3 43 143 141 37 160 53 72 12 238 53 41 6 8 20 137 4 24 89 156 77 301 13 500 16 5 26 179 20 285 7 8 39 53 164 16 9 151
0 1886 88 256 91 1 32 113 100 101 169 11 109 78 67 38 48 4 74 70 78 79 131 43 40 20 48 35 11 37 77 44 49 86 58 18 20 12 200 49 43 97 227 30 54 10 162 96 81 63 57 19 31 30 224 1 267 80 163 30 494 51 13 9 36 146 332 161 268 349 127 33 56 11 4 52 55 13 64 101 29 22 148 6 13 20 4 48 32 21 42 6 91 75 77 35 270
0 2058 89 33 93 29 5 43 73 54 33 33 21 29 116 18 242 71 230 7 5 139 30 62 52 8 14 1 105 13 312 38 97 16 4 102 33 38 90 27 110 17 100 72 34 42 1 43 265 3 114 18 41 10 154 151 31 38 296 43 83 12 135 4 83 56 73 15 94 79 129 93 251 12 220 3 2 44 153 154 194 200 322 23 64 56 145 41 40 74 12 6 175 12 155 27 68 33 295 67 265 147 26 74 67 28 84 8 113 17 21 43 100 3 23 83 171 29 67 63 164 8 139 36 58 163 151 42 2 38 74 32 11 41 23 159 37 91 15 38 19 172 135
0 2165 103 39 10 62 92 12 37 46 25 27 103 170 157 31 44 41 143
0 2177 62 7 57 12 2 47 291 23 6 12 160 15 14 2 131 9 79 55 95 9 54 30 3 16 141 30 22 12 79 20 75 16 6 39 369 70 27 109 44 52 155
0 2209 26 85 88 24 20 8 4 50 92 9 259 14 57 19 22 75 36 100 312 39 116 7 110 4 282 4 127 7 101 21 89 10 55 12 37 25 86 20 154 21 23 43 56 95 5 162 11 32 188 42 87 68 10 83 33 15 12 98 23 6 83 114 166
0 2240 472 36 112 15 166 54 34 99 12 68 121 55 165 57 38 69 161 9 36 55 18 9 109 76 24 146 10 42 463 99 45 56 7 90 16 6 35 21 253 3 9 11 93 39 192 54 122
0 3241 172 27 118 21 81 69 2 14 121 236 196 64 136 2 163 78 67 107 151 74 1 24 48 2 62 55 327
0 3256 21 78 44 12 112 27 12 65 9 7 6 19 28 12 38 8 218 34 90 61 99 50 23 2 57 20 41 46 160 89 214
0 3357 214 35 11 51 17 42 259 34 78 43 216 28 86 139 269 165 13 78 71 34 4 19 5 82 36 11 44 34 57 29 47 98 18 29 30 60 117 5 69 28 1 34 23 11 11 61 167 44 27 51 113 109 188 61 24 45 329 47 124 89 77
0 3379 93 35 143 39 14 117 97 16 83 137 77 25 50 15 404 19 585 41 114 258 155 10 27 59 4 59 249 60 162
0 3531 11 116 28 6 31 29 99 4 23 62 14 1 205 36 34 139 418 20 19 18 130 9 49 46 63 37 50 20 51 76 144 3 190 95 88 82 177 173 155 6 35 114 95 36 71 16 281 19 189 64 662 39 45 56 35 10 39 81 79
0 3586 38 90 117 1 152 7 221 41 131 75 14 58 134 103 339 2 80 22 64 6 175 38 23 43 111 72 17 7 73 32 45 87 19 10 179 6 166 62 29 81 62 4 58 5 8 12 221 62 81 16 118 4 58 76 13 35 51 24 195 20 258 90 15 5 86 46 51 43 103 44 8 21 557 7 151 27 166 24 210 19 22 32 122 28 58 37 154 11 55 32 47 72 210
0 3641 392 74 2 48 17 51 111 44 260 92 66 3 104 4 84 24 23 63 59 33 95 178 131 7 46 24 49 24 100 5 74 101 70 74 31 157 57
0 3674 292 13 1 8 27
0 3789 70 57 188
0 3859 32 44 226 22 87 24 279 169 32 77 98 24 140 14 47 8 34 62 172 38 66 102 10 13 123 26 9 96 25 29 238 17 231 64 58 12 63 31 406 18 69 14 98 46 28 12 66 71 32 2 319 17 11
0 4017 161 54 210 49 251 2 159 13 65 19 9 8 33 34 26 6 132 9 252 20 65 43 203 42 6 4 81 423 108 2 1 65 5 91 134 15 71 39 98 78 31 21 168 2 14 47 50 16 12 114 131 16 14 101 64 34 106 11 10 7 2 65 19 68 92 36 79 50 13 43 186 8 183 71 208 3 102 4 135 102 34 138 143 91 149 13 83 35 242
0 4783 125 72 8 167 81 13 130 41 75 19 90 20 36 39 91 241 149 234 153 26 173 101 68 93 349 16 9 79 79 13 202 10 26 25 192 21 157 49 142 23 149 28 27 74 27 13 100 98 34 102 174 17 13 13 43 18 17 98 315 184 130 45 19 30 21 110 56 8 63 50 192 77 43 27 4 126 56
0 4819 88 24 270 19 207 33 129 60 343 56 33 12 48 9 60 135 17 39 33 58 307 75 77 12 442 63 7 34 306 89 10 17 54 1 79 30 18 24 29 17 62 6 316 13 31 118 123 8 265 8 70 13 28 13 138 9 238 35 45 14 20 448 22 61 110 139 130 100 243 10 295 60 116 4 93 82 119 22 9 102 177 53 66 92 119 135 104 68 205 18 19 54 255 33 125 67 288 61 52 9 15 50 24 3 97 12 335 85 90 51 101 2 99 37 67 9 176 14 126 20 69 100 14 40 141 33 85 106 91 71 181 70 174 50 323 71 37 28 200 2 2 35 99 15 53 21 128 52 197 39 258 54 183 26 170 11 206 67 13 113 52 136 49 141 295 6 13 57 16 26 66 16 122 14 80 207 51 21 19 71 168 22 42 3 144 13 17 41 149 62 37 5 81
0 4905 25 57 30 24 62 26 38
0 5162 237 2 58 2 4 16 122 27 213 59 3 114 93 48 6 114 23 141 17 109 176 9 108 93 206 2 20 9 278 93 184 3 52 33 61 5 38 26 50 60 3 48 16 22 6 205 45 27 37 66 56 41 7 4 60 58 173 87 1 3 37 28 151 16 167 18 118 79 42 92 15 70 196 5 42 23 36 9 307 20 6 1 79 19 193 31 107 15 26 29 182 71 279 60 16 111 15 29 26 75 22 6 67 3 131 3 47 88 54 3 23 5 263 39 176
0 5272 23 42 8 29 37 134 100 62 40 109 173 40 32 30 14 171 274 71 156 5 161 260 17 1 76 47 282 88 27 106 75 17 47 6 21 124 285 83 36 57 246 17 7 32 24
0 5279 15 17 44 47 16 35 7 133 12 37 117 52 29 108 38 107 132 29 37 3 3 53 71 39 14 18 232 51 184 25 108 76 10 62 48 36 97 4 259 124 37 24 20 33 127 1 111 143 82
0 5286 84 152 71 5 53 82 696 178 108 57 137 18 145 2 200 32 11 211 36 3 33 8 71 27 76 30 4 48 215 31 156 1 47 234 78 25 82 32 3 93 159 103 35 15 5 182 44 117 1 66 11 103 6 73 28
0 5317 30 56 47 18 45 2 215 34 681 14 1 96 95 83 165 93 27 47 239 147 14 70 260 41 2 9 388 119 163 128 83 106 150 43 54 152 232 10 214 4 16 11 86 13 77 32 12 51 159 51 9 203 63 125 45 73 72 76 56 4 73 20 39 7 179 14 54 117 10 3 53 37 225 9 29 73 85 20 30 10 44 65 9 2 78 42 61 35 76 121 51 43 22 14 2 70 16 9 54 62 36 11 6 80 28 8 60 6 93 44 72 1 32 99 5 64 84 3 298 155 47 39 7 75 146 21 188 29 26 13 30 1 56 75 175 213 21 250 215 161 196 28 124 98 76 14 62 9 146 28 62 19 282
0 5512 3 69 35 18 59 44 41 19 35 26 179 44 13 34 2
0 5523 231 7 33 40 1 173 4 68 269 77 5 61 90 5 19 55 39 10 36 52 15 24 48 192 182 51 157 14 105 177 53 12 234 58 73 3 6 12 128 30 30 71 7 29 30 44 39 16 153 2 107 73 188 18 214 55 3 25 65 66 14 18 161 46 19 30 14 209 33 19 4 8 55 23 31 24 168 10 8
0 5546 162 56 240 63 75 20 112
0 5576 58 124 186 42 148 35 228
0 5577 15 43 61 51 39 125 3 7 125 55 140
0 5908 3 23 8 19 215 54 376 100 92 7 136 87 247 9 19 3 22 13 31 28 60 23 13 157 98 147 62 98 96 32 8 61 182 171 22
0 5925 36 76 106 154 190 27 34 50 35 25 46 21 17 38 374 43 39 5 129 52 86
0 6087 1 99 72 17 14 91 39 69 51 15 85 19 109 7 56
0 6261 20 5 253 19 39 29 86 39 70 32 48 25 65 74 187 2 22
0 6363 28 1 53 13 347 127 73 35 49 78 238 32 116 36 23 7 81 185 62 14 310 29 9 30 205 22 214 64 45 2 136 243 24
0 6818 11 25 257 78 8 27 713 49 4 100 18 14 17 199 65 131 12 63 172 29 11 22 48 55 12 3 4 49 35 119 106 9 49 1 3 36 10
0 6952 115 68 8 10 120 8 29 76 34 50 82 37 173 24 8 66 31 42 81 9 79 131 52 62 47 2 104
0 7354 17 15 151 37 33 1 252 115 54 17 20 53 211 96 197 44 79
0 7431 299 79 21 100 273 160 106 68 111 26 69 25 233 106 56 6 11 84 131 50 268 11 2 18 86 14 109 8 125 83 41 16 72
0 7600 151 23 119 22 145 93 11 20 62 37 143 18 90 28 167 22 5 134 45 30 46 6 27 3 56
0 7632 81 24 165 58 3 36 250 56 11 4 72 122 182 73 10 9 234 12 20 7 4 26 85 53 206 53 6 68 83 38 49 64 181 35 103 6 102 70 158 100 148 101 77 6 57 271 38 48 236 34 154 16 32 56 168
0 7714 31 35 35 8 43 57 174 87 391 90 68 57 88 13 22 11 16 59 220 4 95 64 48 74 84 43 9 20 339 125 190 83 12 47 141 4 40 67 3 28 130 45 166 58 11 39 28 173 152 39 31 27 71 22 24 14 28 15 58 137 36 58 105 23 15 55 24 18 34 142 178 25 83 4 16 26 24 50 23 63 291 52 260 24 232 63 51 1 66 55 53 26 75 147 36 18 202 20 8 2 50 170 230 7 145 15 194 133 145 35 17 24 112 123 93 50 72 174 9 70 9 60 74 63 80 22 186 11 9 11 66 32 65 3 64 83 211 1 6 4 192
0 7819 208 71 37 37 114 122 43 74 25
0 7939 47 7 160 21 585 86 204 40 297 115 80 48 3 57 144 35 31 117 54 74 133 4 201 61 20 126 25 96 14 73 72 12 55 78 268 23 680 6 169 27 25 182 82 205 19 51 232
0 8017 127 4 2 24 151 116 10 22 14 200 24 2 6 60 10 5 197 81 67 63 59 39 189 27 30 28 82 104 7 162 29 159 6 11 124 13 37 50 350 22 12 19 5 99 342 4 16 2 104 54 1 264 16 28 59 27 2 19 6 81 255
0 8169 58 6 34 58 165 218 78 199 79 50 38 19 1 97 76 144 144 6 100 42 32 18 90 7 70 19 18 5 3 3 67 29 7 19 75 130 20 6 326 94 11 44 120 345 117 158 16
0 8266 98 27 42 26 113 10 22 14 25 32 1 139 144
0 8797 129 13 97 132 165 3 60 36 739 26 131 3 1 7 80 44 7 145 27 40 159 7 162 46 88 31 31 122 52 59 13 6 19 45 219 21 198 58 47 39 35 70 40 45 24 75 118 31 65 30 11 13 139 151 38 30 38 7 62
0 8828 176
0 8906 60 76 94 87 110 1 167 82 97 31 68 18 26 4 121 22 36 47 24 13 6 84 155 89 97 82 39 11 89 113 9
0 9054 40 45 22 29 7 54 47 155 108 147 19 33 56 5 30 40 135 59 51 90 103 76 178 1 159 15 138
0 9387 72 16 121 89 3 81 28 296 461 53 98 13 5 25 251 8 24 30 143 254 83 13 113 156 160 80 60
0 9655 83 4 282 90 94 88 4 42 13 16 83 59 171 41 59 115 82 19 56 105 52 19 86 144 56 171 45 4 227 63 30 5 42 4 45 46 85 68 27 53 111 15 113 19 65 84 331 84 16 72 80 23 3 218 27 36 9 34 40 34 214 4 35
0 9689 85 1 176 11 65 85 14 7 29 23 21 39 37 128 227 7 76 20 76 8 159 288 26 84 34 12 272 7 10 6 27 33 57 84 42 243 34 11 6 53 81 93 174 27 196 26 455 172 8 81 34 10 5 10 30 17 140 31 120 129 222 208 45 84 33 58 36 87 208 103 155 50 650 228 70 25 54 5 161 78 35 13 31 9 114 41 30 187 1 15 29 200 53 294 205 28 286 37 4 150 164 86 45 27 50 127 15 19 89 11 37 85 14 14 135 140 170 141 144 12 65 8 28 15 11 3 198 59 17 42 7 27 25 5 2 40 27 119 53 32 50 53 52 3 39 21 169 53 93 91 276 19 135 8 130 118 156 11 144 309 55 200 58 47 149 50 7 5 129 37 15 76 30 35 169 14 60 43 201
0 9736 63 38 28 55 331 57 116 91 15 23 136 13 120 16 15 95 68 337 32 190 501 104 19 18 88 13 4 13 70
0 9799 58 215 9 13 133 42 126 24 68 5 10 59 50
0 9922 245 195 11 78 42 34 256 82 27 89 64 57 59 3 52 1 127 67 852 26 159 53 211 6 100 40 141 39 72 86 21 13 66
0 10242 66 61 220 6 185 10 9 50 29 37 144 62 74 36 86 16 29 6 21 93 1 154 23 63 27 48 43 37 53 51 158 10 6 20 215 57 876 112 32 90 269 17 133
0 10336 4 13 113 20 38 19 114 139 4 14 217 55 24 126 113 5 29 104 31 34 37 37 86 1 67 82 191 75 283 7 103 65 1 11 77 32 59 36 51 43 31 20 45 39 92 2 75 86 49 30 166 6 162 50 9 13 173 86 47 18 37 26 86 18 113 56 1 7 38
0 10461 112 34 138 30 44 73 47 117 160 48 38 28 15 7 89 81 103 35 278 9 15 34 23 12 54 21 75
0 10471 171 48 39 25 8 13 440 6 20 68 24 11 106 21 75 49 13 16 131 25 393 16 67 133 167 18 46 4 7 13 58 19 56 90 107 59 21 4 201 24 183 13 26 59 17 57 64 27 167 18 125 17 1 56 170 35 6 121 6 46 103 12 284 27 250 12 238 11 36 41 184 42 100 43 22 18 184 15 233 43 30 33 4 55 27 15 127 13 180 17 92 57 166 36 203 95 53 115 79
0 10474 87 43 57
0 10883 17 25 187 23 44 140 114 43 43 46 23 9 3 57 41 28 15 33 132 35 143 72 89 1 19 15 6 36 288 103 5 63 71 2 35 63 14 159 191 16 153 10 52 37 34 43 24 10 37 6 124 204 22 126 24 49 160 10 83 23 86 128 4 71 202 40 16 43 48 76 124 24 46 9 145 81 54 99 169 34 23 16 17 41 2 141 199 9 47 12 105 7 105 4 35 71 14 16 39
0 10992 90 14 43 51 176 16 26 48 19 46 328 46 23 79 13
0 11190 319 1 74 82 16 30 297 66 58 133 152 53 529 60 146 12 91 178 85 9 200 44 84 29 178 55 45 115 20 70 123 13 451 24 87 71 110 37 17 4 12 131 73 40 28 47 8 111 65 23 116 5 100 12 185 78 72 7 22 33 44 69 26 17 3 21 199 49 195 9 51 1 374 516 5 72 187 33 19 32 145 12 62 16 21 16 87 67 86
0 11322 220 104 302 52 3 32 32 10 75 159 27 3 66 6 53 9 221 27 16 205 106 24 21 174 151 20 29 26 78 21 231 187 197 202 40 29 19 2 52 42 12 43 36 75 369 31 11 4 41 61 52 12 95 28 152 72 48
0 11523 88 101 16 44 31 3 12 74 407 78 7 57 46 83 118 32 177 19 153 47 4 49 29 2 20 92 78 11 2 81 31 26 70 58 48 43 65 37 87 12 94 19 259 100 63 19 691 39 94 54 96 13 11 193 18 117 451 13 84 43 255 26 5 16 32 29 86 12 133 21 89 103 148 54 199 110 151 21 48 25 58 83 95 28 29 6 31 38 185 23 49 40 43 208 59 14 118 26 234 70 60 45 54 132 83 77 279 32 8 48 124 47 102 62 14 36 120 15 54 56 108 12 5 104 119 343 187 81 55 24 190 17 155 39 223 15 61 20 36 135 265 6 229 24 163 13 2 40 68 38 12 21 305 93 19 34 7 89 1 7 48 40 16 52 47 2 15 36 32 45 117 22 6 37 18
0 11589 19 57 72 19 58 19 286 127 96 41 116 50 61 33 23 30 116 158 161 14 18 35 70 28 155 10 215 77 9 40 45 22 87 27 132 44 123 44 160 85 57 3 95 19 37 15 71 23 67 21 43
0 11642 165
0 11725 58 10 43 85 62 66 46 37 30 141 73 74 39 24 147 42 48 60 1 50 47 62 91 120 31 120 36 26 16 86 12 41 16 57 14 17 8 3 5 40 68 15 10 1 182 57 27 46 80 5 16 101 95 60 27 22 175 76 15 112 29 149 36
0 11831 160 12 336 39 140 41 114 8 109 74 194 160 177 18 559 7 532 6 62 36 2 46 7 51 146 6 118 53 27 68 125 23 62 50 199 31 90 13 59 112 9 23 61 19 97 12 181 60 32 12 100 205 4 78 74 13 170 64 260 88 82 25 75 14 59 153 242 21 79 7 140 70 106 84 162 35 102 4 157 117 276 80 35 36 98 48 51 76 118 49 12 101 13 34 36 4 96 14 3 147 212 2 20 98 71 10 43 31 204 76 1 13 89 9 20 31 32 43 4 8 242 40 187 114 15 56 20 8 60 5 44 59 58 37 70 35 187 63 182 135 77 16 22 3 541
0 11874 137 38 15 7 205 147 109 75 148 100 25 78 38 71 403 83 57 8 36 38 47 16 47 23 45 11 187 1 10 1 148 18 110 55 26 43 115 54 9 79 549 69 119 64 72 59 267 88 61 82 293 6 14 19 50 64 202 4 3 57 222 56 141 114 5 39 520 69 9 164 111 33 246
0 12086 29 25 1 18 48 61 17 64 56 6 32 16 340 48 105 23 150 62 84 52 68 45 164 94 185 18 166 4 174 8 600 11 43 19 83 105 28 18 12 62 100 29 33 103 31 21 86 63 59 43 70 177 171 36 34 56 89 24 42 1 20 12 212 16 223 42 6 20 72 16 38 13 74 12 93 122 301 7 111 55 116 54 41 23 78 24 102 22 17 51 40 92 62 42 14 19 18 89 6 58 49 36 244 29 109 6 24 43 206 41 38 12 468 88 14 15 14 16 31 39 38 16 222 18 89 59 46 33 85 112 22 15 18 5 95 14 111 5 89 27 325
0 12093 128 12 70 35 205 1 12 33 113 120 31 26 86 12 84 433 235 55 88 69 134 35 127 126 49 70 60 78 88 4 126 25 16 48 135 18 58 186 34 110 23 32 88 58 93 52 41 12 333 21 1 20 76 164 60 63 246 35 15 75 21 2 132 186 59 22 83 25 116 81 81 4 13 9 71 31 89 5 28 8 198 21 756 105 45 72 133 1 130 164 24 156 330 1 150 98 31 153 81 108 83 8 13 33 125 209 38 3 162 5 163
0 12184 361 97 470 8 155 50 368 35 251 51 2 13 12 9 13 139 31 59 62 13 111 1 91 44 16 11 29 49 20
0 12427 39 8 31 21 8 98 37 15 170 29 42 170 1 5 24 65 100
0 12514 395 13 68 60 41 114 142 20 97 85 289 15 24 5 71 38 61 165 30 73 61 40 109 28 64 30 87 5 91 84 127 4 51 3 144 1 124 109 148
0 12775 11 7 120 129 458 3 6 67 208 33 216 177 67 107 146 26 73 21 179 188 297 13 32 97 160 44 16
0 12921 15 10 49 124 14 4 5 62 140 2 112 153 33 46 378 13 167 65 104 107 179 54 3 30 106 176 10 11 16 9 87 1 25 24 89 31 120 70 28 28 94 24 50 39 222 30 135 19 16 12 22 6 9 39 100 91 263 28 3 73 14 36 390 4 65 107 117 211 229
0 13088 15 95 2 22 70 45 30 8 92 21 242 28 4 69 376 42 30 61 82 59 50 21 261 117 55 26 13 21 45 18 84 15 33 29 33 26 207 28 25 29 241 60 227 57 64 27 11 70 11 134 79 18 346 43 85 29 5 54 121 17 169 29 72 7 64 75 104 186 113
0 13096 41 116 99 19 9 6 28 138 273 1 136 53 100 27 175 23 320
0 13215 40 17 3 37 1 20 104 68 118 53 4 2 75 15 24 12 57 47 111
0 13757 65 2 80 20 130 112 95 49 79 12 102 131 41 24 46 18 164 21 220 19 187 37 31 13 182 87 1 163 46 21 177 188 63 5 52 37 111 18 103 134 98 113 127 5 8 36 101 27 101 17 258 10 194 73 171 37 144 66 7 36 22 26 31 2 7 54 96
0 13976 322 62 29 104 53 154 108 34 12 16 43 32 24 32 59 6 38 159 157
0 14213 32 27 63 12 12 103 12 70 95 53 240 53 180 17 51 63 40 60 188 154 21 30 31 128 3 63 90 64 83 177 242 106 204 65 15 18 96 26 254 4 4 47 23 81 106 5 14 139 33 44 216 11 28 7 31 51 26 16 135 111 113 15 17 15 29 35 9 82 38 36 62 32 13 40 179
0 14221 1 31 217 56 57 15 231 30 153 12 77 18 69 19 124 15 8 4 24 2 41 52 20 18 19 48 107 18 162 12 76 4 110 11 165 136 140 10 188 27 1 81 90 92 98 59 207 12 53 167 310 18 13 30 5 95 114 90 15 2 68 21 157 2 62 56 51 34 40 31 81 2 339 28 101 71 116 26 1 49 24 4 131 13 7 33 49 14 30 138 54 258 95 27 6 140 12 11 5 29 48 45 88 32 14 7 118 37 125 81 505 21 18 9 25 87 1 23 339 88 179 15 54 22 44 71 21 8 75 50 48 31 315 14 8 21 17 90 77 53 25 10 95 55 125 13 17 1 208 195 583 22 13 116 25
0 14410 215 19 21 171 56 189 2 46 247 37 22 7 164 37 64 111 216 22 55 15 102 13 201 38 26 2 85
0 14507 360 33 40 121 181 167 47 57 53 69 26 138 181 10 235 24 104 4 85 152 79 11 115 21 22 16 136 6 19 2 86 81 12 181 78 10 93 8 589 40 67 9 32 44 100 1 243 120 215 36 61 71 123 97 9 26 36 44 66 2 52 10 2 5 154 76 144 6 58 68 32 150 148 38 14 41 137 12 340 2 138 25 82 4 14 21 139 83 204 83 59 29 45 59 85 13 85 98 4 24 174 6 260 31 40 7 138 54 6 35 73 5 12 36 55
0 14717 105 30 65 12 161 88 67 10 4 25 59 27 11 117 25 129 336
0 14797 134 40 84 69 67 40 6 95 33 111 10 102 30 7 196 42 137 101 42 15 113 19 330
0 15042 63 31 13 75 220
0 15120 46 35 105 114 43 121 158 40 38 1 36 18 53 138 47
0 15197 77 36 279 70 41 183 152 16 37 61 106 77 219 26 205 99 94 5 203 89 28 49 600 47 28 176 172 57 255 3 20 14 100 9 73 5 322 18 119 2 452 8 98 30 40 161 3 120 119 55 146 83 133 14 17 60 111 109 196 5 74 98 19 20 79 13 65 2 106 22 23 142 151 43 58 20 6 52 2 15 14 63 1 111 183 53 147 21 2 57 63 18 10 13 178 105 156 69 283 72 40 47 122 67 251 16 129 16 169 30 41 144 74 19 65 61 24 77 52 83 216 2 7 180 51 57 57 56 172 11 284 67 57 30 127 28 1 12 25 133 191 34 61 98 109 54 709 28 234 31 99 38 31 8 68 27 53 150 53 50 6 121 1 19 30 9 26 311 90 65 227 29 183 8 150 30 113 67 1 45 192 39 67 91 29 29 22 21 33 8 48 65 19 172 300 60 76 20 33 27 6 20 39
0 15198 45 67 136 30 21 34 13 40 53 14 8 1 74 72 7 54 29 32 14 57 16 181 10 15 32 88 133
0 15419 36 9 72 23 31 51 37 33 17 45 1 47 35 116 12 27 117 78 17 117 169 43 122 11 279 7 145 204 170 49 18 30 136 11 14 31 49 24 259 20 245 89 338 76 66 109 181 264 42 15 15 22 41 212 3 28 310 33 7 4 80 253 230 115 160
0 15435 16 11 37 37 33 39 105 22 194 33 38 6 123 13 78 73 126 80 52 26 50 11 199 28 16 15 1 11 127 13 121 17 75 140 234 15 115 46 254 162 66 38 28 20 77 36 27 12 65 4 7 4 590 122 15 10 36 160 27 11 90 302 223 41 240 34 4 136 166 54 188 30 117 30 196 58 25 66 131 12 26 55 171 45 131 95 134 81 550 41 12 15 109 14 78 30 108 165 58 110 27 65 72 33 192 84 3 53 117 89 186 86 104 38 142 117 20 61 42 19 7 10 95 46 11 17 365 3 42 51 74 11 74 125 108 15 185 29 12 55 173 25 115 28 142
0 15449 84 91 464 74 137
0 15664 31
0 16139 7 92 13 3 11 21 5 5 53
0 16164 63 6 5 8 46 9 128 1 56 28 33 22 11 6 22 3 97 120 30 49 27 82 37 35 12 59 194 35 47 51 29 60 17 37 108 64 18 66 21 62 9 1 57 2 81 48 69 10 122 208 307 149 27 81 76 73 176 6 65 18 28 62 15 80 213 39 31 67 96 53 97 35 136
0 16567 53 35 189 177 37 11 61 41 166 8 93 28 11 61 41 77 17 50 12 67 16
0 16718 60 147 51 44 150 18 25 103 38 54 128 60 27 44 57 34 5 40 186 25 91 30 140
0 16838 8 28 103 69 394 29 97 9 80 26 194 58 18 52 98 26 179 37 108 23 177 65 153 28 29 4 79 45 205 9 230 1 10 54 96 36 444 91 96 1 48 231 21 2 193 11 53 62 111 173 23 22 107 9 116 5 14 52 99 24 30 5 42 20 19 92 31 42 78 2 33 111 54 26 119 67 89 4 133 2 105 32 33 72 160 54 73 46 13 10 52 3 17
0 16912 57 25 114 32 60 8 60 15 144 37 73 9 179 2 167 92 49 18 68 9 94 60 30 10 88 68 156 16 193 137 37 96 314 21 274 54 129 6 236 109 126 27 147 35 79 47 116 160 11 59 98 33 82 19 123 329 275 13 36 107 42 10 44 38 73 88 88 2 32 43 32 15 38 111 53 41 108 197 70 96 24 21 179 47 43 13 29 83 33 92 67 252 244 21 277 90 27 74 25 176 177
0 16994 38 9 45 127 8 7 180 44 92 6 14 230 15 27 283 57 37 52 77 66 100 37 87 5 144 33 50 57 140 76 209 26 49 62 77 72 257 99 220 1 99 26 123 54 133 91 68 53 104 29 151 84 58
0 17655 36 279 215 50 590 32 23 183 186 123 44 28 39 56 332 10 15 193 7 228 10 13 73 14 25 17 95 58 2 19 70 123 21 21 95 88 69 12 15 70 122 25 130 42 12 16 299 37 32 103 168 158 79
0 17776 1 58 7 8 46 32 31 45 100 18 44 95 97 13 77 10 39 7 94 18 81 16 11 27 44 68 62 70 126 71 191 130 37 46 85 55 77 62 86 20 26 17 34 43 17 41 14 10 82 54 11 9 122 12 19 103 126 5 200 14 157 72 44 28 6 6 133 37 49 41 17 5 130 13 25 41 65 10 133 24 170 57 215 8 11 52 112 99 69 46 65 1 112
0 17835 152 17 71 53 192 59 18 9 53 39 29 33 104 12 17 25 101 98 8 27 11 78 154 63 35 207 1 32 105 48 6 137 15 16 599 60 13 9 49 105 67 1 64 17 26 36 46 87 1 4 19 88 68 18 145 19 6 47 73 45 8 58 31 8 101 109 169 101 133 2 42 99 204 27 1 55 4 11 17 8 69 126 240 24 24 20 49 49 209 178 5 11 77 3 53 29 54 7 66 23 9 285 29 18 64 1 54 47 13 9 24 76 14
0 17886 18 53 155 4 72 26 13 57 68 65 84 17 1 62 411 24 60 53 29 40 93 74 65 18 63 8 14 69 124 13 33 2 16 1 1 6 26 43 3 33 17 8 72 96 352 19 68 42 79 37 191 10 49 19 84
0 18042 185 33 205 94 284 59 77 17 253
0 18972 58 12 53 27 4 65 112 79 310 10 8 84 82
0 19043 28 31 56
0 19133 62 92 69 15 138 4 27 2 11 10 29 22 69 110 126 53 24 70 106 14 269 30 14 121 70 65 135 72 37 11 52 10 41 48 130 1 82 3 39 1 36 112 103 57 242 1 48 1 35 191 50 89 31 32 186 15 38 47 39 85 108 55 19 12 20 75 121 107 22 20 55 138 169 75 133 60 12 10 47 64 247 267 413 251 3 22 33 45 331 35 40 106 51 27 96 23 7 42 182 46 147 75 32 9 1 63 27 74 60 80 266 30 83 109 126 29 85 36 118 9 166 80 49 24 109 8 13 30 14 49 95 39 38 50 37 5 13 45 252 47 61 126 94 32 83 6 45 145 38 59 15 111 19
0 19220 79 14 141 13 97 65 472 245 108 58 52 25 97 1 46 53 28 19 44 37 26 26 91 68 52 96 5
0 19233 20 113 169 36 18 41 535 2 189 25 11 45 145 15 139 92 13
0 19362 26 53 651 99 5 14 23 37 7 13 93 27 10 109 4 48 99 51 129 61 106 74 111 8 9 116 69
0 19767 114 180 105 7 72 34 116 8 117 17 26
0 19871 229 168 65 46 53
0 19883 13 2 116 33 298 55 84 52 90 24 70 24 24 12 41 10 96 217 244
0 20165 89 46 32 45 250 105 28 31 48 48 113 63 175 36 169 12 12 37 53 28 16 17 47 13 5 47 36 99 43 46 1 46 57 5 17 19 29 39 58 19 37 44 592 81 34 21 240 6 309 33 40 16 40 73 70 9 94 11 37 4 56 29 3 7 3 62 24 60 67 95 273 80 391 165 114 113 191 47 190 52 190 12 82
0 20212 9 60 112 75 5 20 548 60 80 38 114 8 642 27 80 125 79 36 117 20 188 2 161 274 209 55 13 123 234 5 132 131 124 25 7 261 7 38 86 6 70 69 110 290 54 1 33 29 147 6 66 19 66 94 315 10 2 59 39 67 101 58 114
0 20241 307 271 43 8 15 27 20 39 2 103 48 86 79 154 112 125 60 15 24 27 76 5 5 39 21 132 103 1 358 28 136 1 50 32 210 20 80 42 43 8 70 1 2 19 12 46 62 61 162 66 1 84 51 3 799 20 25 9 23 7 233 79 62 139 29 3 19 19 220 35 93 69 22 39 30 13 239 78 63 34 5 57 8 8 33 1 170 27 141 55 371 56 46 18 45 23 166 19 17 16 109 24 35 90 15 48 227 35 558 29 12 107 325 31 18 156 43 73 118 14 7
0 20360 55 5 2 2 5 37 98 11 121 67 80 15 13 162 66 22 19 20 201 70 77 90 202 44 5 12 49 30 277 18 111 70 217 87 196 56 5 57 3 25 142 40 35 9 12 43 230 1 21 1 15 4 29 12 34 50 160 16 11 1 9 26 53 13 26 57 252 50 438
0 20471 18 62 85 85 14 97 23 1 274 31 190 43 138 17 319 151 38 77 28 28 15 33 18
0 20489 55 91 26 9 57 39 73 5 106 2 78 42 478 46 34 51 18 6 100 26 305 48 94 16 104 5 77 27 48 55 29 7 127 27 105 38 104
0 20607 278 40 189 40 30 177 80 124 37 16 81 120 129 31 218 20 419 11 1 106 57 89 196 3 139 17 93 6 23 36 27 14 2 25 211 23 142 46 98 14 16 22 116 35 230 131 69 47 27 70 196 4 41 21 56 7 175 6 14
0 20711 147 57 75 68 145 22 353 153 165 9 86 1 106 19 74 17 163 13 122 75 169 58 1 34 140 124 56 14 27 86 215 18 58 56 19 29 72 44 4 140 104 36 31 22 44 18 321 19 48 11 30 17 194 43 27 33 52 6 135 140 14 43 56 6 79 32 50 30 147 151 51 6 86 36 250 13 14 44 127 52 104 33 12 44 63 67 93 22 70 46 16 15 49 31 92 25 6 50 243 26 20 6 201 38 341 17 381 77 306 33 269 49 44 94 51 2 122 106 13 5 152 69 102 20 97 9 10 1 12 129 17 97 46 29 21 35 213 10 67 109 16 10 76 119 47 99 271 18 127 67 8 16 47 63 7 126 112 41 3 7 56 37 115 3 122 68 34 29 8 1 13 151 110 37 6 25 27 10 139 14 89 136 57 11 372 101 28 27 2 62 202 10 9 28 347 1 33 15 168 267 31 45 63 7 109 3 123 23 609 3 376 7 62 5 56 130 25 25 56 2 54 164 107 10 48 9 41 103 13 80 183 24 108 32 85 50 31 15 120 162 36 15 266 5 211 8 67 148 39 10 229 30 216 21 52 16 12 59 19 29 120 18 225 136 125 102 124 29 106 6 149 73 120 325 60 82 55 108 37 72 364 104 260 26 178 11 156 33 1 45 54 362 108 30 24 5 17 1 55 8 39 87 5 78 28 21 71 32 79 123 33 123 69 23 222 87 67 6 13 85 50 36 33 29 163 60 25 21 25 41 152 3 105 126 6 45 39 54 3 157 121 48 6 14 24 16 124 3 88 6 71 36 25 84 21 34 39 32 34 57 27 21 313 51 122 31 9 61 123 41 2 17 120 39 66 17 10 123 66 20 32 131 34 44 22
0 20718 46 17 93 71 22 18 51 172 14 16 86 61 40 130 176 101 38 18 429 60 12 53 46 27 84 18 157 67 95 17 91 54 86 25 8 9 222 23 24 66 49
0 20766 98 11 165 81 480 59 13 97 71
0 20781 200 142 51 29 28 1 159 26 14 33 307 114 324
0 21024 68 10 41 5 140 28 129 78 40 111 104 2 109 62 2 70 121 26 21 24 13 18 33 13 44 16 91 1 288 52 19 22 42 21 84 3 164 3 49 61 113 27 2 26 150 7 72 4 62 44 87 34 55 98 30 30 5 1 235 37 332 18 98 166 321 28 129
0 21124 194 2 44 47 97 46 301 11 29 42 45 205 164 72 338 11 49 86 25 161 61 47 35 30 77 148 220 80 6 47 327 57 612 178 206 210 3 67 291 25 127 30 129 49 82 74 29 34 133 162 87 88 19 140 36 135 64 12 41 164 29 88 44 38 12 30 32 53 287 38 220 74 103 60 38 105 8 28 30 14 47 236 13 46 247 7 319 13 184 28 156 70 19 20 52 15 82 143 205 33 38 106 1 134 1 4 202 2 20 264 218 12 131 171 79 54 84 43 127 111 73
0 21287 53 6 20 18 19 1 142 141 121 66 200 127 42 15 91 27 4 29 11 81 11 105 49 29 27 17 56 107 1 11 202 6 15 67 91 119 497 10 170 52 71 78 39 50 18
0 21288 27 55 71 101 51
0 21367 12 19 19
0 21397 109 6 47 11 11 24 89 13 408 27 166 66 19 95 88 57 107 25 79 19 16 122 135 22 12 12 92 43 251 88 201 66 77 31 78 133 219 20 168 55 71 99 6 7 22 40 86 4 80 10 63 68 254 47 9 9 210 80 167 13 136 18 102 40 148 40 112 117 65 57 19 18 40 42 240 9 67 46 91 61 76 33 238 80 4 20 17 27 263 9 13 10 183 102 54 10 34 71 245 54 79 56 30 14 5 99 1 26 215 71 22 24 63 120 8 58 106 38 111 94 152 14 28 11 189 67 32 127 123 28 80 167 80 21 3 61 18 65 112 98 53 24 18 26 7 87 51 123 187 157 574 15 70 15 109 97 34
0 21768 193 57 5 13 79 3 3 36 67 30 85 9 34 61 67 22 105 19 123 92 21 4 30 4 13 13 88 3 401 6 76 48 2 30 131 25 11 21 19 82 138 42 39 12 144 62 10 65 283 10 146 38 70 118 217 35 82 103 498 109 44 29 17 24 202 59 1 2 77 15 35 22 8 212 111 77 68 41 162 58 91 40 168 40 84 1 31 114 57 14 2 26 101 61 90 22 6 41 135 51 68 22 34 26 129 6 108 8 218 66 98 46 36 30 43 3 49 24 15 43 161 9 103 55 81 91 180 43 41 3 53 22 9
0 22164 139 11 91 32 5 98 73 3 94 11 57
0 22304 18 78 28 20 77 4 29 3 43 100 25 90 171 34 84 39 202 123 102 69 406 7 60 23 52 51 50 62 26 23 167 70 52 40 22 50 30 81 136 100 62 58 250 111 58 32 93 26 18 15 70 40 97 7 58 82 49 9 45 2 133 18 139 99 40 32 97 135 66 35 3 11 65 5 100 110 107 87 120 187 64 29 76 44 312 2 38 126 104 61 207 26 37 60 18 12 61 5 80 21 3 135 104 8 35 6 77 3 59 346 9 24 37 54 23 20 120 48 143 27 31 81 20 9 196 102 61 21 71 10 8 27 116 2 121 8 85 32 70
0 22412 93 35 24 8 108 10 28 10 95 22 105 10 93 7 24 262 115 55 92 37 47 13 48 6 81 3 112 30 62 40 240 70 28 203 37 55 83 25 13 26 97 88 59 117 154 84 38
0 22514 35 2 26 19 10 27 292 13 124 8 55 130 71 2 387 43 153 56 37 223 26 30 40 14 105 4 135 60 42 54 102 22 54 30 115 63 34 18 42 109 77 2 89 44 5 15 228
0 22672 132 174 53 6 30 24 59 80 76 161 154 157 105 22 60 4 130 8 271 34 33 32 5 8 27 4 78 86 14 19 65 18 138 3 137 15 6 15 25 86 12 28 33 22 496 36 165 89 59 11 112 27 23 40 97
0 22952 106 6 281 43 94
0 22976 83 51 25 53 11 144 58 7 12 24 7 13 368 2 27 62 120 6 298 122 195 126 466 15 253 88 158 57 46 32 43 18 81 6 61 23 213 1 3 38 235 41 224 9 3 88 70 12 22 32 42 25 95 35 24 46 122 105 116 28 168 88 165 77 177 72 181 3 194 8 36 4 24 28 146 53 76 140 175 72 85 6 58 29 32 27 74 1 1 23 216 113 103
0 23190 5 64 262 7 111 31 212
0 23194 90 84 95 34 208 85 75 15 2 8 93 58 22 137 16 33 187 90 46 42 25 67 36 55 62 8 29 46 39 68 38 15 30 59 23 18 143 149 418 159 7 25 254 1 117 46 29 46 46 60 387
0 23687 131 9 45 10 119 36 173 82 54 66 114 4 27 18 42 71 123 99 91 65 6 30 249 44 103 14 13
0 23782 149 76 5 82 1 12 8 22 182 32 121 21 116 10 166 9 12 58 11 29 73 65 154 32 106 6 14 53 30 229 138 11 72 68 36 38 8 8 265 22 60 44 28 31 8 37 142 15 233 30 145 78 123 21 53 23 23 30 12 31 262 29 6 7 62 27 51 80 230 58 146 60 114 8 45 18 146 71 50 13 325 27 141 21 81 62 440 7 220 5 25 19 48 30 72 57 60 58 39 43 64 124 186 49 10 19 16 11 129 66 62 64 131 101 109 28 128 41 23 35 210 101 103 17 70 27 7 45 17 14 384 87 69 67 200 21 172 182 98 96 49 103 27 60 27 52 66 12 199 21 49 30 20 121 388 130 62 4 60 25 93 56 23 76 566 21 56 4 21 36 131 8 40 14 6 138 134 35 105 5 40 114 9 14 50 42 39 10 58 51 156 5 4 1 207 24 14
0 23983 32 40 146 41 11 6 189 4 216 57 101 24 25 5 39 120 218 52 76 51 66 54 34 39 8 102 48 26 331 15 131 45 14 25 48 94 28 27 22 20 121 83 91 9 53 182 4 50 128 102 27 24 34 53 158 47 44 3 389 22 39 15 27 42 42 59 28 66 6 33 5 139 88 49 34 50 22 4 21 35 34 15 69 22 97 66 60 71 330 39 32 27 182 6 106 33 10 37 38 68 177 55 73 65 40 2 42 46 22 30 28 93 65 148 53 99 1 78 30 16 106 9 58 46 458 61 108 7 38
0 24122 3 53 50 21 240 7 28 55 43 56 9 91 223 110 11 32 5 57 34 20 174 92 87 5 95 4 259 25 22 10 188 31 202 62 26 30 19 55 376 19 23 29 12 121 213 32 3 231 68 117 71 42 112 78 103 14 86 9 363 55 79 107 197 3 51 81 36 62 257 26 182 38 38 107 19 3 48 24 124 67 17 64 10 49 1 3 221 29 315 20 250 33 94 44 49 13 99 9 263 3 171 9 606 5 138 24 25 5 205 6 80
0 24197 153 71 1 53 19 23 37 67 11 39 143 8 126 64 44 54 55 36 119 40 241 7 214 72 178 24 2 47 235 18 144 28 84 22 79 117 85 48 26 90 27 23 36 8 61 8 165 11 355 50 143 89 197 34 129 24 78 11 2 58 39 19 9 102 134 3 8 69 167 3 29 85 97 4 3 8 65 14 38 16 59 33 1
0 24411 66 32 18 18 7 111 46 8 5 63 115 89 334 19 23 184 52 20 161 38 280 36 82 166 63 77 28 35 64 129 20 31 20 18 40 67 234 51 121 37 132 3 26 9 151 5 1 25 90 76 104 5 152 53 70 96 10 21 10 106 11 1 113 65 38 20 1 113 17
0 24473 37 26 570 52 288 96 118 34 74 61 416 25 352 145 116 60 41 14 82
0 24636 15 19 53 19 54 29 159 6 258 8 98 61 11 28 71 73 57 52 135 14 38 20 235 29 111 29 116 46 26 237 26 87 299 14 66 16 28 21 91 3 63 110 254 8 45 73 105 11 21 38 1 10 3 28 203 30 102 71 37 94 24 143 356 228 20 49 59 35 56 108 102 9 189 34 26 28 246 147 37 55 285 12 41 29 30
0 24994 29 83 41 27 80 2 65 66 69 46 464 3 88 28 123 84 12 139 181 186 4 63 67 33 128 62 31 31 89 15 43 3 403 33 93 85 243 18 114 65 106
0 25012 40 88 101 205 22 78 82 182 17 100 13 130 79 21 265 49 483
0 25099 170 25 137 50 3 35 112 67 22 31 33 112 165 81 90 94 81 113 35 156 52 49 439 24 59 7 99 251 72 75 26 113 65 3 141 30 81 5 7 85 347 61 68 33 1 3 196 116 27 4 40 35 128 61 195 25 142 14 126 258 97 41 202 10 179 18 183 12 48 42 10 45 33 75 132 13 2 32 3
0 25175 28 76 93 31 3 53 104 17 89 131 134 38 216 20 47 5 6 9 34 128 25 1 154 1 397 3 90 6 35 178 183 83 205 42 327 13 90 119 62 32 33 10 607 24 30 4 43
0 25288 16 37 5 105 11
0 25307 51 52 157 16 216 26 12 61 17 64 319
0 25332 49
0 25442 95 49 4 77 74 122 39 38 17 78 155 41 42 53 25 34 192 48 41 19 27 23 8 6 7 73 49 97 139 13 41 13 28
0 25505 4 37 98 52 55 76 4 75 273 6 26 76 211 9 4 146 8 72 12 38 56 56 32 24 122 45 32 68 14 37 123 55 68 224 244 93 149 5 78 6 41 22 15 25 23
0 25543 122 6 39 6 78 16 118 64 92 32 11 71 97 115 14 22 29 15 127 48 236 42 32 52 102 80 12 13 68 3 143 14 52 19 65 25 229 38 36 47 134 29 36 8 93 1 320 14 45
0 25971 12 85 259 268 87 2 135
0 26270 12 34 43 63 25 8 4 8 137 62 20 74 16 97 42 14 154 42 22 27 5 63 435 3 45 50 80 137 80 63 125 9 106 255 91 99 84 79 178 28 71 36 176 226 160 82 52 48 114 39 124 20 13 141 20 13 16 73 33 26 23 22 52 38 5 84 116 71 27 77 126 21 7
0 26289 182 37 36 64 21 31 7 57 38 30 104 189 177 127 120 17 118 243 106 33 49 3 54 36 213 76 143 100 34 8 284 5 145 26 111 171 14 26 15 29 21 29 80 26 212 5 34 19 180 36 53 16 19 142 35
0 26612 19 40 34 40 2 52 3 31 69 7 171 170 111 34 97 12 173 26 106 101 64 19 460 43 149 270 71 45 29 156 84 51 101 29 94 4 47 1 139 27 158 58 157 187 30 66 70 10 102 26 3
0 26702 23 14 15 17 39 17 16 156 25 17 71 91 131 5 87 39 14 10 166 24 25 21 161 11 143 50 217 36 254 4 4 8 621 120 17 19 7 13 188 82 120 104 215 14 81 107 185 91 2 6 85 116 185 10 40 5 46 61 154 7 44 137 53 237 74 76 289
0 26734 4 14 237 45 107 172 127 112 94 16 35 132 37 69 33 39 206 83 153 9 112 93 6 22 14 14 86 95 119 130 245 52 14 50 94 60 39 82 68 111 8 61 74
0 26989 8 47 367 61 29 25 109 6 134 57 20 17 91 47 3 1 46 35 48 51 100 43 107 33 82 13 52 20 69 121 167 33 179 27 111 61 4 31 156 93 31 37 64 27 58 14 1 14 43 3 79 46 193 8 71 24 6 25 155 127 174 2 432 71 318 3 37 2 153 38 51 81 328 63 10 15 5 50 185 4 385 33 2 29 326 152 56 121 80 163 326 29 27 19 1 80 46 25 47 42 68 81 25 9 8 73 41 138 118 59 22 31 210 54 10 56 220 73 135 101 151 16 118 16 64 123 4 66 78 93 453 59 247 7 1 54 105 45 39 103 94 9 315 5 208 37 73 99 44 44 25 26 27
0 27013 107 40 300 65 26
0 27108 7 29 20 13 242 19 436 64 121 122 18 95 34 3 751 24 115 88 95 234 82 74 113 7 115 119 4
0 27155 35 27 62 48 159 53 25 8 18 17 205 43 138 17 31 69 154 59 70 8 14 30 151 11 49 148 73 124 519 53 13 65 44 92 191 25 38 6 32 85 70 36 108 51 81 10 35 82 32 15 233 20 138 28 147 14 423 214 192 364 33 3 10 50 74 32 57 69 246 2 103 10 17 52 99 51 218 13 41 37 55 50 61 38 9 26 283 92 18 6 25 10 82 138 26 82 21 22 362 68 1 21 201 104 19
0 27259 2 95 25 38 64 77 34 11 16 7 34 74 108 6 81 46 89 20 34 37 55 78 333 53 67 79 18 15 133 50 230 60 193 32 147 20 2 33 70 99 20 156 476 89 94 46 28 38 36 19 1 4 44 120 72 73 153 113 4 49 81 80 103 4 5 22 2 17 125 22 175 77 263 29 139 54 235 13 181 153 95 13 113 7 144 41 77 56 323 9 28 14 33 35 86 171 120 46 73 3 1 30 146 114 4 9 84 94 40 130 1 25 98 92 112 8 224 61 148 160 552 68 63 6 51 60 84 27 175 142 72 74 25 54 158 5 108 59 629 25 129 59 321 18 556 12 57 13 21 8 26 148 208 33 98 25 83 26 97 57 32 8 36 33 133 54 77 71 1 2 15 19 160 42 28 57 4 11 5 94 87 33 74 21 22 30 5 9 74 75 166 2 193 50 303 253 62 5 32 52 4 17 196 33 11 114 132 2 315 17 6 60 13 36 71 10 4 80 159 23 24 33 55 58 183 30 29 142 74 1 99 115 65 57 44 70 38 93 373 29 63 45 74 104 143 63 10
0 27270 187 22 9
0 27328 47 10 84 21 201 1 26 39 83 27 3
0 27609 34 74 9 57 260 38 12 22 38 31 8 21 75 118 57 30 392 13 13 94 132 25 19 85 75 15 160 44 44 99 117 47 19 12 178 34 20 29 31 86 54 35 19 84 196 63 65 12 5 16 158 14 18 102 99 7 25 8 13 12 5 23 47 11 33
0 27622 8 21 11 58 61 1 7 28 20 136 10 89 71 39 78 75 32 72 16 3 164 17 303 30 124 214 13 178 390 22 38 5 40 11 89 12 3 31 10 64 4 31 17 23 101 16 227 46 56 50 110 44 441 51 27 1 5 12 14 22 211 23 250 7 360 38 284 10 245 8 37 9 2 26 238
0 27644 3 39 142 47 18 4 102 27 70 15 38 6 156 18 70 22 13 48 63 19 150
0 28108 99 5 96 8 16 64 205 90 295 21 193 99 2
0 28185 67 5 20 27 27 11 150 12 25 54 11 29 97 15 244 68 120 54 183 48 101 27 31 120 202 78 61 45 354 21 9 32 20 14 6 180 71 61 17 3 12 24 94 56 197 46 82 71 48 37 128 32 170 50 649 23 26 72 75 12 27 8 174 43 112 34 295 2 49 8 26 114 148 6 5 25 259 47 49 7 8 4 20 168 150
0 28276 53 125 29 7 83 66 79 59 55 17 40 47 106 45 32 10 20 16 77 45 22 2 129 70 54 32 6 31 200 51 8 26 105 68 3 205 154 50 10
0 28325 33 69 74 27 63 61 182 26 192 50 498 16 15 52 84 12 103 169 79 31 174 7 174 1 13 51 251 26 75 144 62 26 162 13 289 3 57 33 206 9 219 10 126 45 46 45 61 47 11 4 36 27 110 13 9 79 22 3 12 67 7 16 265 66 3 107 24 27 103 8 451 23 12 36 31 35 190 93 11 6 2 65 228 87 16 57 50 7 15 32 79 44 171 125 59 76 77 156 27 61 290 121 84 60 6 38 163 31 103 38 242 38 171 143 64 45 710 178 68 32 152 38 149 3 50 18 25 87 856 31 43 109 4 8 62 25 152 134 1 1 465 51 237 31 221 13 4 152 600 18 99 41 54 52 199
0 28568 78 44 40 3 12 19 58 114 10 4 22 93 134 8 14 90 39 87 115 52 84 54 42 36 60 62 62 115 95 51 11 5 309 17 94 31 86 46 31 34 183 59 94 34 2 29 119 39 55 37 3 77 212 106 59 19 194 72 368 193 76 8 12 12 96 155 150 33 184
0 28955 110 39 3 23 12 121 125 14 223 14 92 26 171 29 43 40 103 370 109 12 223 111 50 8 8 19 226 107 85 143 23 4 46 101 9 10 572 98 20 1 43 46 37 6 193 71 149 6 68 155 4 32 22 169 42 7 5 60 8 22 28 114 23 11 5 73 18 59 29 7 84 12 72 4 107 25 94 52 7 46 21 15 64 21 188 30 10 108 58 58 49 56 27 105 30 33 40 25 30 79 2 39 67 34 227 45 161 11 113 37 138 40 18 228 382 4 83 17 53 106 60 8 18 18 219 56 84 8 488 22 85 1 351 33 2 75 246 8 117 15 8 139 107 119 6 8 113 11 48 105 51 289 30 62 279 82 177 22 5 76 11 8 45 18 388 10 84
0 28972 220 138 48 1 65 82 97 178 20 66 39 35 47 39 139
0 28986 59 24 184 13 46 7 61 122 1 1 12 7 344 43 105 23 326 1 202 65 91 30 9 117 83 22 50
0 29284 106 24 42 107 52 2 802 15 438 16 54 21 16 82 261 92 73 5 9 24 2 42 105
0 29289 49 42 34 67 12 55 64 96 75 44 54 31 22
0 30251 60 6 24 10 161 24 29 10 95 22 29 44 119 255 14 15 31 79 19
0 30280 224 46 26 3 17 120 302 30 78 12 35 20 7 9 22 140 118 4 26 14 308 102 134 8 186 73 130
0 30365 11 74 51 217 24 72 91 111 74 7 3 35 45 13 220 10 14 172 47 9 23 40 187 38 318 79 145 47 470 9 5 11 296 74 42 69 366 58 286 19 17 44 33 137 6 44 152 7 311 18 375 125 1 28 72 42 13 143 8 98 39 230 286 37 98 73 62 170 112 4 26 76 124 32 112 37 113 27 29 10 120 80 23 19 58 26 113 23 38
0 30566 152 148 37 47 73 57 161 23 63 34 20 11 98 12 22
0 30641 57 80 93 19 8 57 155 45 31 12 20
0 30968 58 114 279 42 121 67 22 129 78 58 265 26 59 21 60 122 61 61 5 16 216
0 31154 20 94 142 110 87 73 69 30 193 13 116 18 54 30 65 4 30 33 15 238 165 57 33 79 128 32 166 34 4 11 207 28 67 14 106 29 84 55 38 1 58 36 5 37 91 140 72 137 144 23 310 43 53 44 55 157 198 34 90 52 386 8 27 16 4 23 2 229 63 53 27 50 183 5 142 29 102 20 47 149 7 125 58 33 40 30 176 9 152 46 196 229 49 95 2 4 265 7 15 46 199 40 168 31 34 41 149 113 40 31 4 125 232
0 31434 23 32 16 24 224 18 110 43 64 38 19 21 861 1 269 1 70 9 41 95 126 18 48 66 130 67 1 71 198 322 106 34 7 10 43 9 75 2 102 34 99 100 361 20 46 120 317 48 51 22 68 101 54 14 44 70 5 42 264 7 171 8 193 7 69 4 2 5 22 1 4 7 3 34 124
0 31528 17 73 45 105 444 50 233 21 7 10 74 72 121 6 48 113 73 119 67 55 27 6 164 122 104
0 31863 205 75 20 37 156 67 11 90 15 34 39 37 36 26 46 40 47 2 33 4 87 21 78 16 36 37 83 100 258 92 239 40 288 24 82 13 61 78 373 78 289 43 23 4 107 79 50 66 320 32 17 79 35 53 207 6 141 13 84 3 43 27 50 90 128 21 136
0 32198 83 202 50 96 7 21 23 338 27 2 19 35 43 120 37
0 32291 202 2 51 126 369 5 3 69 11 30 156
0 32557 268 72 102 101 113 54 194 82 108 11 430 1 20 22 237 76 213 14 5 1 7 8 106 4 63 54 125 87 18 34 139 139 96 8 53 22 38 7 22 43 31 48 84 168 95 4 17 2 183 34 91 16 563
0 32599 69 53 16 83 28 18 168 60 28 20 277 80 23 42 236 8 89 10 94
0 32686 53 23 225 3 53
0 33661 36 49 131 145 89 28 27 44 18 23 83 10 31 71 99 12 83 41 172 24 13 33 33 50 46 24 66 4 218 82 235 233 204 1 6 20 130 39 46 17 6 206 138 1 52 32 13 75 70 64 31 8 48 90 59
0 33834 30 47 38 73 78 144 63 42 18 22 49 9 99 86 136 76 8 13 178 69 41
0 34087 197 42 272 36 46 47 239 6 22 1 131 70 12 1 34 5 132 86 295 128 223 20 5 46 98 17 89 2 10 14 142 39 37 51 162 138 314 4 281 5 131 23 98 5 111 23 173 7 120 52 70 11 3 57 36 49 80 49 46 178 27 3 237 3 109 75 38 133 34 130 2 7 71 48 15 119 277 34 102 41 20 38 46 66 16 72 76 29 118 29 47 22 74 90 60 38 64 44 189 6 40 6 167 42 149 58 126 14 167 29 6 25 583 13 15 40 6 44 63 24 15 39 46 150 103 15 37 66 178 10 61 29 138 67 62 20 122 26 19 23 74 150 282 18 4 11 77 28 168 13 1 62 261 56 322
0 34246 39 58 119 30 14 77 120 1 62 2 8 36 7 60 213 75 37 16 57 27 124 31 96 115 29 83 341 18 14 74 27 17 44 73 124 173 150 19 38 72 237 15 212 94 26
0 34253 23 26 231 37 296 16 39 57 129 20 24
0 34289 133 85 77 31 17 51 77 41 108 84 31 22 68 42 252 28 139 56 34 196 7 60 27 93 16 57 92 22 10 18 14 7 347 9 58 6 66 32 213 58 30 3 51 76 54 19 76 119 11 13 6 79 100 70 137
0 34334 848 12 60 24 35 77 263 28 156 9 21 65 282 7 31 162 137 119 133 135 29 36 6 116 185 110 324 87 1 47 52 19 173 67 86 36 19 29 39 30 181 23 523 123 293 14 221 23 167 5 372 102 34
0 34346 130 89 117 103 141 2 178 11 13 2 152 46 531 37 596 13 11 114 94 58 203 34 13 33 115 77 37 130 51 33 43 18 17 16 41 52 39 4 27 64 31 36 44 31 55 57 44 42 36
0 34350 6 57 222 121 7 39 81 21 74 2 34 3 2 2 155 30 5 67 43 2 42 109 215 18 13 42 10 42 38 15 12 16 99 27 23 93 188 122 37 69 40 133 4 5 107 7 101 35 101 25 114 55 23 102 123 110 168 86 249 13 118 7 5 56 215 2 227
0 34471 52 74 140 102 47 60 62 9 132
0 34485 25 130 22 172 137 9 133 70 75 82 258 9 134 260 12 70 189 58 161 17 381 60 102 9 30 40 189 40 87 144 9 38 67 39 58 27 42 22 78 137 124 17 87 19 2 162 17 90 192 3 31 26 177 19 37 46 4 42 294 8 1 78 165 52 267 45 116 73 34 49 41 20 30 18 58 119 111 50 13 1 90 6 92 5 152 42 178 6 30 67 160 71 110 92 262 99 1 28 62 124 322 76 7 15 135 37 137 98 100 69 36 22 51 4 145 21 160 93 15
0 34793 7 19 13 22 1 66 67 43 61 25 366 19 102 68 49 109 434 19 55 10 16 50 36 81 95 18 121 64 7 32 254 20 3 33 352 1 89 35 34 37 61 11 96 37 103 2 174 18 222 53 11 53 234 28 52 18 38 31 195 4 53 7 4 24 91 53 14 52 80 17 37 61 23 3 111 169 124 7 73 30 152 18 163 35 151
0 34829 51 20 126 16 11 19 54 47 28 34 433 63 60
0 35151 260 7 29 8 351 26 44
0 35440 201 138 65 16 73 100 263 37 273 24 53 9 22 60 185 59 256 63 27 66 22 31 24 10 39 3 56 30 56 3 70 42 114 1 312 62 45 38 35 68 85 149 106 69 44 33 96 159 176 18 121 83 192 126 125 19 4 13 133 34 19 83 99 89 35
0 35465 119 17 87 31 104 48 140 40 129 3 32 19 296 47 38 35 32 35 19 13 91 8 26 3 68 13 10 46 109 23 508 35 44 12 118 133 34 3 51 45 275 20 48 106 82 15 22 4 51 27 156 157 51 85 10 3 141 99 211 22 77 4 44 5 140 112 8 59 18 86 49 24 50 2 6 85 163 31 20 92 310 35 10 73 65 122 84 192 81 33 5 42 30 40 84 36 82 38 50 47 120 24 33 37 63 36 308 53 168 15 13 22 457 114 17 60 87 57 53 48 65 17 369 18 11 50 76 372 303
0 35930 11 116 68 11 173 24 42 112 108 5 155 35 48 96 213 6 138 13 100 240 100 2 26 27 145 9 187 48 150
0 35947 13 449 38 14 58 63 202 28 173 81 489 35 114 34 66 188 122 117 142 70 12 9 69 15 84 34 534 48 6 57 298 31 335 70 22 20 83 147 30 19 8 160 72 27 55 73 284 22 11 25 125 105 7 37 439 58 69 45 75 67 89 2 13 20 28 73 323 51 66 35 87 76 170 25 29 82 112
0 35980 63 116 26 21 48 1 53 91 292 62 48 6 16 23 142 44 27 35 10 110 3 167 151 6 105 93 57 58 446 41 273 8 253 33 362 25 8 35 8 9 72 254 23 168 177 3 142 27 54 41 39 2 39 20 5 350 190 35 65 54 62 53 150 112 98 36 149 16 51 23 264 65 11 44 81 71 14 17 72 110 6 8 126
0 36135 52 4 50 69 354 9 16 14 73 121 40 9 143 49 29 78 129 24 3 7 62 22 71 8 25 161 19
0 36395 99 31 282 65 14 35 125 64 205 14 63 30 239 91 55 8 215 5 51 25 164 50 46 1 89 60 74 37 98 9 69 11 15 67 152 217 11 8 287 15 51 27 32 32 85 25 71 2 9 99 368 26 350 80 292 106 14 54 50 30 306 61 32 17 333 84 50 73 326 31 77 6 283 1 195 55 55 80 185 73 252
0 36401 176 34 34 37 4 79 21 49 30 183 327 61 24 46 70 136 60 29 200 81 7 19 447 98 101 30 28 42 72 38 61 18 259 55 67 63 21 67 57 16 177 8 10 25 19 64 33 4 62 124 36 96 102 24 345 153 33 5 9 9 30 3 106 18 52 41 130 85 46 263 1 21 93 29 17 58 75 90 341 68 117 60 107 26 188 80 55 61 182 32 199 20 13 19 228 24 2 15 241 68 158 21 49 66 111 74 28 60 36 10 121 11 26 21 76 99 17 175 23 54 13 156 91 10 236 220 103 76 53 34 39 12 431 21 68 34 22 47 263 43 157 95 9 17 34 25 21 50 124 15 36 65 4 82 39 37 254 70 139 6 22 24 136
0 36422 133 49 30 2 153 115 441 40 30 51 2 29 39
0 36598 204 27 182 67 50 13 183 43 426 101 9 167 29 34 160 58 107 2 79 3 113 55 197 126 69 63 71 21 5 54 136 28 228 22 39 22 196 44 162 90 140 135 36 114 42 11 77 31 17 15 206 10 37 36 123 51 52 23 47 10 334 33 126 59 317 4 14 5 31 126 302 10 29
0 36934 75 127 21 17 66 30 17 61 66 16 9 123 390 37 40 53 119 37 4 17 12 23 186 17 149 6 119 55 29 58 63 42 442 13 35 67 27 132 60 33 203 57 74 12 190 35 12 134 249 59 136 19 121 2 136 31 5 21 141 70 17 33 41 67 89 44 73 20 57 15 62 8 358 18 60 33 401 48 26 57 56 42 35 28 101 16 36 10 32 21 93 30 33 44 32 24 125 2 47 70 605 5 255 30 17 59 45 122 295 8 13 9 60 3 15 55 43 58 66 24 99 13 205 70 57 1 368 4 1 5 54 125 25
0 36950 119 68 107 13 54 27 2 20 90 8 177 9 74 99 75 124 14 30 40 5 236 16 102
0 37016 153 106 7 150 25 29 10 34 68 81 46 17 107 85 174 58 16 41 82 6 39 3 42 52 189
0 37165 24 102 31
0 37202 113 32 103 43 103 132 60 145 38 32 80 4 37
0 37405 24 20 38 6 107 99 45 19 74 40 112 2 5 57 216 61 377 43 50 61 123 48 54 200 3 16 199 26 156 24 156 12 3 99 40 40 27 52 37 10 29 228 273 25 15 45 32 57 38 73 77 42 36 127 93 103 21 78 66 267 36 37 273 40 25 38 233 13 121 11 156 17 333 61 32 12 15 23 137 79 91 25 21 7 57 32 117 236 28 8 120 62 322 34 82 51 84 13 102 5 279 166 23 29 59 104 125 18 44 14 27 4 56 3 46
0 37565 347 152 70 34 16 61 47 39 447 97 84 13 144 108 179 20 19 11 91 22 28 104 9 81 188 41 105 32 149 28 58 46 226 51 116 5 25 47 95 24 92 28 85 48 240 29 46 29 182 48 218 72 17 14 7 34 36 1 209 37 17 92 100 78 112 3 4 64 71 99 68 80 8 135 15 64 116 34 57 3 17 85 143 110 336 49 84 165 95 6 70 81 146 21 153 76 14 126 87 25 59 111 44 67 187 2 57 28 230 97 89 18 1 4 65 5 92 1 134 3 39 58 29 38 187 10 75 31 20 1 67 46 56
0 38048 119 75 78 127 26 136 53 24 28 90 39 85 13 28 81 79 293 24 17 43 139 11 143 9 112 77 355 116 136 85 54 95 191 10 199 19 24 79 157 65 67 56 27 3 103 22 148 35 58 15 9 61 47 21 62 10 7 9 66 1 117 9 220 157 71 3 111 53 23 25 45 58 24 35 39 7 332 11 18 134 64 24 322 108 68 142 114 8 16 10 83 26 115 58 13 33 124 49 165 77 25 4 51 19 46 80 75 9 5 15 238 30 285 60 35 136 356 36 22 56 115 6 26 51 63 198 143 1 21 5 66 145 17 31 85 94 18 22 224 7 136 10 247 136 120 51 184 1 27 15 130 71 29 42 39 6 102 2 77 103 67 45 112 60 129 26 98 12 143 23 89 92 40 4 8 21 183 11 25 46 39 17 156 22 11 52 99 5 38 26 101 76 51 41 170 4 104 22 42
0 38097 131 7 17 13 178 77 42 15 33 56 193 13 1 68 17 15 59 15 12 180 139 22 111 45 14 64 272 5 198 70 53 188 107 87 52 192 162 61 55 24 65 6 8 32 166
0 38260 178 65 23 38 91 37 352 94 79
0 38461 123 20 49 43 89 69 59 48 19 46 79 76 5 15 153 29 68 95 337 18 65 57 192 17 46 2 274 126 40 58 25 11 22 68 36 135 178 89 85 145 22 171 1 37 22 84 180 4 34 45 162 7 206 10 1 10 51 53 28 9 67 82 191 3 153 156 26 18 53 75 3 4 92 49 175 33 10 24 30 68 210 44 12 12 89 22 95 81 64 10 17 78 219 64 8 98 161 18 81 61 5 57 203 35 48 75 434 4 22 32 37 44 57 1 167 9 224 13 7 160 14 95 96 2 59 9 16 101 22 31 25 11 14 49 5 72 8 39 99 41 59 87 140 24 108 5 211 6 215 25 101 9 52 77 135 15 142 167 47 37 57 34 142
0 38478 59 31 49 70 56 9 37 71 125 1 12 83 22 35 115 3 223 62 136 156 93 4 61 68 58 24 8 50 263 47 14 11 105 20 12 13 15 50 41
0 38560 72 82 327 10 64 138 6 17 22 14 45 19 5 98 69 3 87 42 336 17 99 19 36 56 120 27 67 38 34 3 167 3 48 39 82 95 239 74 178 176 30 181 129 27 131 85 55 19 1 138 40 57 218 61 22 20 37 11 61 93 68 17 23 45 31 68 18 118 13 34 202 99 25 145 71
0 38783 308 45 333 14 69 12 183 65 346 155 75 52 163 124 33 74 78 57 15
0 38994 67 115 153 46 137 8 166 124 99 116 110 41 45 23 119 43 195 15 3 73 102 16 31 16 136 56 21 40 20 30 74 51 111 46 47 137 353
0 39118 151 74 64 12 24 15 16 11 60 60 95 71 264 12 191 23 140 22 77 135 589 87 138 25 20 83 78
0 39649 3 1 78 10 1 86 22 62 4 7 88 38 263 34 149 148 132 19 96 20 52 18 24 40 18 70 173 14 124 93 47 25 105 48 33 20 93 51 69 9 17 29 246 68 66 20 185 54 154 11 24 133 164 83 37 7 108 123 24 17 296 16 228 120 58 7 333 12 15 7 19 29 35 2 84 15 15 38 288 12 18 31 23
0 39963 10 145 56 30 1 3 15 6 77 9 49 48 110 123 181 78 187 1 132 17 23 84 48 125 2 82 24 76 160 4 4 91 39 118 108 19 209 46 11 20 227 36 14 5 5 14 246 237 265
0 40081 19 43 86 63 145 90 117 19 212 256 83 9 71
0 40382 94 141 64 62 26 4 266
0 40474 153 14 162 60 24 23 68 70 106 16 57 49 54 6 58 71 59 63 125 19 34 1 71 100 53 8 388 90 13 48 218 44 18 21 55 5 6 53 11 3 101 14 208 93 82 15 149 30 214 31 26 19 40 13 201 22 277 9 18 21 265 53 25 51 7 41 38 2 99 62 65 38 15 2 166 33 28 24 168 6 327 72 479 5 6 48 278 6 201 37 151 17 7 1 45 2 134 50 150 2 9 144 228 52 48 42 40 6 72 1 211 60 442
0 40974 31 91 1 38 32 121 268 213 112 1 132 33 1 8 49 9 15 32 115 32 39 12 57 62 31 19 2 38 25 14 88 11 36 141 96 22 47 53 16 69 63 13 6 48 70 39 94 2 389 96 143 23 39 48 20 58 6 52 159 98 86 49 258
0 41108 152 103 51 94 34 31 21
0 41171 104 3 23 15 12 53 15 47 54 17 262 66 5 133 13 149 120 2 167 54 114 15 5 22 45 37 154 45 71
0 41185 147 13 454 109 138 6 110 72 2 26 20 84 183 86 191
0 41411 136 2 85 47 118 98 148 141 10 17 370 13 36 36 22 28 41 38 459 148 137 2 55 7 47 16 21 79 5 43 81 56 77 86 160 124 58 7 10 7 3 5 16 7 67 31 12 75 60 70 59 72 6 13 26 86 74 13 20 49 49 11 97 21 65 33 114 124 351 28 135 118 157 35 70 25 250 65 111 5 28 9 141
0 41842 114 11 16 27 112 36 51 18 40 159 446 10 192 102 134 9 325 26 33 61 207 33 13 26 163 15 408 11 45 20 434 47 74 89 245 10 229 20 47 142 167 27 10 8 35 130 67 9 69 25 197 1 22 70 148 65 233 2 22 22 365 3 131 4 63 2 79 82 189 26 38 21 142 8 18 75 123 2 120 6 66 59 204 24 20 38 92 212 10 42 91 30 153 7 95 5 3 8 14 94 43 37 17 75 157 18 403 32 201 117 446 7 48 8 45 60 95 2 55 5 116 40 64 11 18 8 102
0 42425 48 77 29 42 5 91 60 43 219 213 12 128 9
0 42533 23
0 42699 1 276 39 44 70 102 240 3 171 68 50 26 10 3 50 15 65 75 267 29 52 38 7 110 134 12 36 46 26 22 52 7 166 23 26 15 46 44 8 16 245 20 68 22 19 94 14 58 258 18 143 41 108 119 58 47 72 16 26 15 96 63 263 1 74 24 119 91 120 56 76 81 67 1 19 30 60 5 388 81 70 68 21 111 99 221 166 25 206 10 56 76 44 133 25 78 32 61 30 84 351 15 96 21 32 64 44 88 92 215 11 10 75 34 86 9 153 49 8 14 409 2 78 14 122 1 150 41 199 49 166 53 209 20 84 6 35 63 75 226 39 3 4
0 42995 52 101 17 40 423 24 81 29 155 72 10 150 14 55 133 3 190 52 10 23 137 89 103 59 99 16 3 126 237 46 14 16 178 71 20 32 85 46 2 10 33 38 119 8 126 31 8 1 108 61 101 126 27 45 164 71 83 6 21 10 92 136 131 4 170 3 98 46 65 142 138 57 70 32 262 3 145 34 171 9 26 4 32 6 198 44 10 17 80 44 126 27 380 138 8
0 43124 41 90 22 104 252 64 55 9 102 8 51 27 43 13 5 14 157 34 38 50 14 5 9 10 94 103 193 27 171 114 24 14 185 15 88 86 70 24 80 33 273 21 38 67 89 11 125 70 188 37 198 23 60 22 196 38 1 15 27 64 435 4 381 78 99 70 43 12 79 44 169 11 175 46 7 101 137 20 14 17 58 80 22 101 23 20 26 22 49 23 91 27 17 54 403 22 252 18 122 5 60 61 145 109 36 75 4 17 80 4 311 8 70 72 66 17 34 53 3 29 17 24 60 4 115 22 43 49 157 74 23 6 13 4 21 36 6 27 259 24 53 10 84 5 62 79 45 66 200 69 238 21 246 13 7 7 26 166 136 48 5 7 89 20 9
0 43365 18 183 241 13 37 10 65 16 17 16 68 217 23 63 70 8 27 1 249 5 122 42 34 70 101 21 131 276 22 159 106 10 18 88 634 141 2 5 153 92 125 54 17 19 113
0 43430 104 7 48 4 46 123 129 11 72 35 92 254 41 88 13 18 273 19 24 24 85 47 4 7 27 114 109 37 97 38 119 38 46 14 84 59 11 15 39 231 84 2 108 14 277 36 91 46 24 28 138 56 38 108 5 10 99 9 46 74 35 8 59 46 155
0 43455 36 7 33 12 306 2 146 8 168 36 59 16 37 18 18 43 89 39 22 225 6 51 13 162 145 101 158 2 26 70 65 14 20 35 98 18 24 112 322 43 62 14 152 17 142 47 3 1 47 35 63 46 21 93 123 168 78 18 164 22 24 39 57 23 313
0 43475 116 85 140 77 204 145 27 94 130 2 204 57 79 33 42 42 118 42 75 32 150 3 70 121 256 70 20 104 69 25 36
0 43480 8 45 170 99 233 9 117 40 38 40 63 204 70 15 186 53 24 55 21
0 43504 15 112 241 181 1 9 56 29 1 3 15 8 289 75 30 193 17 81 131 48 80 13 371 21 2 182 19 105 23
0 43629 188 48 64 32 122 31 92 19 84 44 89 85 196 18 67 73 21 1 18 63 91 8 36 56 108 54 2 13 2 40 30 83 172 28 57 14 69 12 105 40 36 4 103 2 183 53 13 34 73 38 63 4 146 9 188 58 79 31 129 19 377 19 36 10 12 50 2 12 238 22 38 74 3
0 43974 22 81 63 53 81 87 26 53 57 98 57 25 37 30 15 9 298 35 37 56 200 9 107 41 120 1 12 83 32 3 70 64 190 9 137 48 4 140 25 54 104
0 44072 82 151 46 25 59 27 48 83 16 21 2 22 42 59 20 41 65 38 241 32 6 34 194 28 6 3 3 23 54 12 5 30 23 98 29
0 44430 118 33 8 46 69 100 24 73 46 7 120 155 3 126 170 54 111 31 376 76 20 12 127 8 320 97 35 48 6 66 63 23 136 120 5 23 31
0 44977 129 134 14 81 92 25 392 97 78 24 67 21 166 7 61 8 166 157 86 13 12 41 1 1 113 199 68 26 191 19 84 24 26 49 99 144 14 50 102 12 104 50 1 228 14 41 105 14 262 59 181 25 159 85 4 16 94 1 67 73 45 7 37 9 33 1 268 91 81 86 50
0 45230 44 30 41 52 34 1 65 40 68 8 181 51 58 236 42 105 93 39 28 13 21 42 52
0 45374 33 106 43
0 45413 82 175 68 65 44 29 108 59 107 36 23 2 105 61 13 117 43 33 292 115 16 7 89 16 2 11 91 6 65 91 70 32 198 43 42 40 59 12 20 51 71 230 10 33 58 71 197 48 103 15 12 110 2 65 132 52 77 39 205 41 95 115 202 75 72 18 21 2 89 2 52 61 99 12 7 35 1 1 57 157 28 62 166 46 183 36 48 39 18 177 53 18 102 96 175
0 45519 2 9 65 59 41 6 6 51 59 2 13 17 21 3 20 46 12 23 202 46 214 111 178 1 77 71 64 23 100 130 24 32 322 20 79 13 11
0 45723 84 23 95 33 74 77 46 50 73 77 263 33 432 39 149 13 130 89 185 3 43 11 60 37 125 10 8 37 10 23 82 46 80 28 8 14 138 52 101 57 56 56 3 48 54 2 56 11 16 53 4
0 45825 24 70 12 49 27 62 284 78 263 49 42 59 125 31 26 28 128 11 248 81 22
0 45970 31 55 18 17 56 99 59 51 168 142 173 4 25 9 41
0 46161 45 81 316 15 260 3 45 26 15 8 84 126 33 10 223 26 84 33 88 18 80 28 67 39 57 8 59
0 46303 255
0 46617 23 64 36 3 97 2 147 6 63 22 20 83 128 74 16 117 7 41 59 42 49 31 141 27 240 64 1 7 51 63 5 59 60 21 364 6 135 24 23 173 31 45 81 33 129 66 182 5 31 4 69 142 30 5 26 14 63 32 48 40 11
0 46883 18 17 140 30 85 23 10 60 18 102 3 125 47 67 31 127 132 127 15 108 6 11 42 25 137 162 144 16 203 3 2 20 28 4 60 28 193 61 83 28 60 31 287 23 14 36 9 73 93 38 107 73 126 28 20 29 87 10 29 4 1 35 1 78 58 37 95 29 7 26 34 130 61 18 105 39 68 30 99 26 22 58 147
0 46982 186 21 78
0 47030 340 51 43 7 100 102 130 15 156 76 105 225 144 27 7 18 127 40 86 8 81 148 131 58 109 26 53 46 46 27 158 25 101 25 11 53 77 7 102 31 158 39 35 59 112 36 13 96 56 9 39 13 66 23 51 24 82 31 12
0 47473 3 21 95 15 84 104 207 3 214 55 255 90 3 5 51 19 7 22 158 32 27 13 53 162 49 113 30 323 42 1 75 26 117 28 15 153 162 37 153 15 41 103 24 121 48 151 292 14 49 44 136 108 49 16 184 64 131 7 192 22 53 133 69 38 33 11 103 1 262 14 6 24 195 75 19 31 55 15 98 14 84 9 101 19 263 11 105 8 88 15 33 45 28 75 55 48 151 22 634 15 5 118 130 27 97 32 110 14 150 69 249 29 21 49 68 26 7 140 151 1 37 108 12 18 199 56 571 71 8 2 18 45 159 63 19 137 51 217 76 31 31 64 78 80 21 57 69 36 35 24 6 34 46 54 72 133 32 10 30 28 306 79 44 93 326 151 28 14 113 179 170 13 65
0 47643 131 1 46 15 126 6 31 35 43 46 251 39 43 8 190 121 25 25 2 30 191 14 16 76 123 204 70
0 47657 120 48 69 3 3 35 40 150 240 32 253 32 96 72 157 44 204
0 47661 272
0 47735 105 76 35
0 47782 51 32 27 1 4 171 119 119 12 11 46 4 70 13 59 65 84 43 31 13 171 71 159 99 217
0 47991 59 61 10 125 155 126 144
0 48137 84 34 100 43 36 99 101 46 117 6 315 182 19 5 483 17 128 40 53 3 54 12 20 62 59 29 2 13 79 2 48 15 12 14 67 9 102 4 88 9 188 76 5 66 212 30 142 13 229 9 113 131 123 90 29 9 99 70 3 62 83 20 107 10 104 82 6 105 131 94 74 49 69 55 26 48 174 8 93 67 118
0 48407 26 92 129 54 549 3 23 72 36 107 23 104 64 51 83 72 20 150 196 31 31 89 65 211 95 28 66 5 168 11 80 39 256 5 126 1 187 12 275 5 293 123 69 14 4 7 403 85 179 94 45 5 170 25 117 36 22
0 48551 126 85 70 11 19 23 59 69 180 114 20 56 123 59 108 31 82 82 14 18 103
0 48814 35 128 158 1 24 46 87 70 132
0 49096 29 50 42 57 60 8 1 21 108 34 45 6 9 5 8 12 43 20 71 29 7 67 148 184 13 20 357 21 172 36 39 22 46 37 120 26 25 7 23 1 39 112 9 147 128 57 106 112 300 52 59 128 120 36 55 14 3 88 106 13 55 95 41 169 10 27 312 20 137 45 151 20 47 7 184 12 77 63 11
0 49342 220 26 86 13 11 41 84 74 77 68 22 8 169 22 98 15 25 10 124 32 16 84 55 26 128 22 22 2 237 86 16 87 58 56 63 11 158 162 47 1 227 23 160 33 198 7 237 70 380 15 87 1 47 27 92 29 33 12 6 49 83 59 31 48 28 37 31 6 10 181 1 15 299 116 122
0 49394 110 53 48 90 162 27 40 22 37 193 35 43 22 29 24 9 19 1 48 141 11 176 98 22 16 42 30
0 49485 76 258 311 35 153 79 34 5 1 109 58 47 51 8 164 116 61 6 17 61 236 3 30 49 318 179 118 11 280 86 85 42 254 38 28 7 61
0 49650 43 48 38 18 257 45 46 12 84 100 6 9 38 19 119 45 140 12 93 7 21 4 107 2 20 100 100 15 175 23 192 122 42 20 14 8 107 49 89 84 18 37 119 9 71 113 13 119 32 90 14 182 421 38 102 46 210 16 160 18 94 24 199 39 10 60 174 19 81 35 5 38 132 5 9 12 47 29 160 88 345
0 49752 75 142 33 15 284 21 143 7 87 34 45 10 212 162 109 9 2 39 17 7 56 1 300 47 18 218 116 1 3 89 6 26 237 84 130 18 21 4 163 20 22 1 38 87 90 116 100 61 45 71 79 16 40 17 60 4 202 2 123 13 175 28 83 190 30 172 2 81 77 21 357 103 34 139 118 6 51 284 212 49 92 120 14 146 87 24 36 3 55
0 49800 132 5 78 3 123 7 172 41 38 14 60 40 94 42 39 2 37 4 29 12 138 63 160 33 9 7 17 18 77 82 75 50 80 20 16 49 89 5 74 87 31 73 20 21 50 212 122 79 122 57 95
0 50095 16 9 27 45 153 1 33 74 118 32 63 41 2 35 173 43 118 108 51 65 24 35 130 6 126 52 60 104 8 16 45 15 174 57 26 10 201 63 33 22 80 72 16 109 43 45 210 13 91 46 29 22 1 39 4 128 44 30 199 10 112 8 73 34 62 25 281 33 247 44 3 47 351 13 20 44 279 68 24 54 276 52 33
0 50366 184 4 130 25 23 107 79 25 126 28 73 3 18 9 43 80 130 45 23 16 30 159 62 4 93 11 119 1 391 6 9 86 151 119 246 124 450 10 66 121 7 58 236 55 78
0 50459 581 65 48 224 37 14 128 17 336 13 17 18 19 37 14 32 301 19 6 22 87 27 46 21 23 6 57 28 63 85 49 6 20 28 34 8 86 11 155 7 70 38 111 15 311 15 147 16 144 151 119 44 168 20 44 85 27 8 149 91 382 21 247 20 385 2 20 34 81 44 5 1 507 117 3 3 72 71 8 4 32 174 33 24 34 97 258 74 321 53 48 135 98 3 6 10 9
0 50579 17 17 69 54 186 23 19 209 12 13 177 31 6 8 208 22 52 46 108 49 20 46 41 24 191 34 41 75 43 37 11 37 45 10 2 4 75
0 50769 182 10 101 32 139 53 16 8 97 16 36 25 178 30 9 22 71 48 44 5 91 252 23 14 416 49 20 83 21 21 154 109 95
0 50900 1 36 70 86 15 18 122 1 63 8 217 94 230 32 244 159 793 217 161 72 83 5 3 2 7 120 85 11 109 47 26 45 98 38 107 25 55 50 9 251 10 126 75 77 388 46 21 38 13 2 37 44 47 106 247 99 80 91 65 8 83 8 104 39 357 53 6 187 15 68 15 72 67 13 10 36 54 63 221 43 115 22 72 7 13 21 113 6 5 13 43 3 160 42 78 40 16 86 21 1 146 64 326 6 47 93 36 91 18 16 7 100 21 14 109 31 36 35 233 31 277 15 267 89 114 38 49 8 187 20 10 117 12 127 28 18 146 58 44 40 160 63 11 70 115 8 47 4 81 122 133 22 11 30 8 96 34 34 151 47 197 24 79 1 64 38 127 36 288 24 123 23 45 11 188 56 41 15 265 181 464 23 64 29 4 33 97 1 42 28 95 64 124 119 68 75 18 26 321 46 123 5 12 11 40 20 186 121 30 32 214 126 160 81 57 31 24 4 76 5 54 139 66 41 94 42 151 11 23 7 39 275 212 55 193 47 281 29 238 54 84 38 200 2 8 39 7 23 138 17 34 27 35 27 46 63 103
0 50917 58 18 45
0 51437 7 209 33 51 122 114 251 15 116 31 114
0 51850 117 20 93 14 301 40 119 52 89 41 109 13 91 12 212 4 45 32 6 52 78 42 127 11 138 103 129 125 24 49 2 96 220 14 134 118 57 1 17 151 35 89 56 69 204
0 51882 64 97 36 80 3 18 130 139 6 47 19 41 31 47 6 22 28 13 164 16 322
0 52015 206 50 63 98 63 43 221 134 156 46 9 4 113 7 159 116 79 21 152 10 123 32 61 16 95 20 52 7 125 14 318 71 60 32 51 111 171 10 48 50 81 44 14 52 43
0 52122 183 58 415 58 2 125 43 2 74 66 24
0 52299 380 5 43 14 177 15 30 57 76 48 36 27 127 90 64 89 10
0 52386 120 26 96 29 92 11 46 58 47 41 28 29 7 119 64 30 205 30 121 91 102 16 20 50 7 4 76 96 15 39 89 195 4 93 89 68 324 45 53 75 36 10 90 15 117 8 41 99 143 45 100 43 35 15 50
0 52791 49 19 35 68 91 3 1 5 178 15 9 75 32 109 193 32 59 6 1 3 20 16 40 54 517 20 156 128 50
0 52799 171 5 29 31 137 63 186
0 52853 74 35 3 10 132 2 6 102 190 28 46 162 145 24 21
0 53064 23 14 71 53 10 88 24 11 11 11 101 19 98 87 6 30 77 122 139 22 59 75 96 35 29 4 33 27 44 8 218 26 147 81 207 74 74 64 133 35 131 23 4 32 4 14 131 69 240 62 283
0 53512 87 37 66 3 233 54 36 147 18 1 37
0 53638 17 6 8 28 198 315 198 140 121 146 32 19 270 53 169 9 68 126 97 23 289 23 163 90 130 19 69 84 38 15 43 3 57 77 7 54 190 43 5 18 127 22 168 52 5 15 92 9 36 15 12 77 193 4 19 37 56 24 200 53 54 23 29 56 111
0 53949 115 167 252 96 154 2 100 29 24
0 54038 84 27 57 19 23 125 19 100 151 187 100 6 78 191 26 9 23 47 217 23 108 6 250 64 49 42 16 67 58 9 13 15 446 15 64 35 107 9 40 62 199 37 400 45 3 91 7 197 36 60 87 19 33 122 88 5 334 56 14 52 19 149 153 12 52 101 655 35 26 28 13 79 9 203 4 33 60 13 471 42 50 74 51 76 63 75 294 16 12 20 197 38 148 64 77 14 15 47 61 40 724 37 149 22 97 8 90 20 61 38 78 134 136 7 7 86 38 43 37 33 145 39 66 13 19 97 5 34 11 54 15 129 346 91 33 62 77 26 40 11 40 22 79 36 238 19 77 28 235 11 131 13 139 106 17 186 43
0 54053 130 80 239 39 159 87 30 164 92 23 162 52 62 22 49 18 65 127 10 31 53 19 78 72 93 36 93 2 43 82 62 95 135 51 10 97 21 2 39 20 124 130 15 74 308 32 125 164 53 59 137 83 87 62 226 24 10 3 279 39 64 23 283 23 11 30 18 87 32 8 104 5 67 33 60 8 27 6 29 10 16 52 87 87 13 118 49 9 50 11 109 75 69 8 150 21 19 14 282 68 223
0 54183 95 12 3 63 3 12 46 32 334 102 112 52 21 14 302 84 176 54 1 130 41
0 54402 61 10 40 18 441 74 44 16 14 22 28 113 152 18 327 21 53 116 76
0 54638 59 3 13 56 184 120 83 21 27 30 324 45 22 32 49
0 54742 55 8 13 77 118 50 86 57 195 70 197 32 54 86 228 54 166 4 61 28 128 108 28 10 56 13 35 12 145 22 233 64 93 171 89 29 11 2 80 210 190 109 207 60 7 41 49 23 21 20 23 71 17 10 46 2 8 92 134 12 98 96 7 35 118 9 71 14 85 42 45
0 54757 102 33 10 20 16 253 129 1 231 16 53 128 31 41 80 18 19 3 61 154 56 45 57 36 43 50 9 3 232 92 39 73 261 54 133 76 2 72 283 6 38 22 7 93 48 121 49 4 14 23 135 55 140 75 31 161 61 61 112 109 150 10 61 9 40 44 125 22 137 19 310 37 126 91 61 35 7 4 37 47 227 15 183
0 54788 22 47 34 202 197 46 103 6 45 11 3 128 9 65 15 56 42 22 180 22 35 46 22 27 166
0 55049 684 15 43 33 80 23 5 46 90 18 103 8 34 109 25 7 62 23 523 43 183 25 74 104 29 15 24 5 84 90 24 4 69 68 108 17 17 46 54 52 246 10 51 71 193 61 147 9 119 1 53 72 18 98 14 44 17 19 60
0 55123 202 147 10 35 6 14 89 5 19 21 195 47 158 3 3 17 52 68 121 3 22 117 13 79 27 63 20 65 43 90 68 32 381 33 25 143 173 10 51 73 117 3 90 58 3 38 50 3 107 3 121 30 19 6 27 86 99 60 80 163 11
0 55471 40 8 62 99 81 45 189 118 110 63 54 58 7 131 134 17 11 141 30 161 68 181 29 190 16 39 66 118 228 161 72 31 220
0 55526 20 7 106
0 55740 52 55 29 11 47
0 55777 57 18 60 26 1 78 57 15 218 55 186 124 115 40 513 88 24 12 23 12 10 1 18 20 78 368 285 92 62 3 234 133 54 20 40 7 20 49 45 12 147 54 6 157 115 4 29 249 61 27 27 24 60 97 64 10 69 27 37 79 45 47 121 23 61
0 55787 5 165 150 4 252 44 60 93 89 33 29 17 67 50 391 31 63 37 105 73 14 42 37 38 3 88 29 62 186 35 141 15 44 44 128 4 207 38 39 79 694 4 16 168 14 35 15 60 52 58 251 112 110 45 13 15 10 51 100 84 13 33 160 35 109 89 279 4 42 32 110 26 1 73 4 35 161 44 97 24 35 27 31 31 64 85 38 8 132 28 323 23 21 144 60 46 15
0 55916 17 74 69 26 42 63 43 49 131
0 56212 106 88 117 32 10 11 272 54 241 16 111 163 36 45 49 76 350 3 191 211 38 22 61 85 96 235 64
0 56308 112 1 112 8 183 5 48 52 81 147 106 18 130 53 119 7 29 60 39 76 109 25 46 33 33 25 207 33 17 242 33 57 38
0 56678 15 37 99 7 22 43 239 68 25 41 133 34 15 40 44 50 3 46 124 66 63 8 59 64 52 6 180 24 173
0 56898 64 47 42 7 14 48 333 241 137 6 174 104 113 21 40 53 8 30 66 16 4 18 725 66 100 31 166 2 244 9 248 38 212 22 64 14 59 5 64 55 11 43 5 57 40 22 60 3 14 32 233
0 56907 78 11 29 161 1 33 4 256 3 17 123 17 26 21 4 15 11 32 59 102 24 79 65
0 57304 65 29 48 37 10 59 3 30 8 80 33 48 36 106 44 47 64 17 95 55 61 58 74 66 165 137 340 49 95 48 41 97 89 87 266 56 197 25 57 17 5 5 130 15 59 48 27 74 213 128 361 20 68 29 3 7 308 4 110 62 14 1 65 139 136 3 197 31 170 126 12 203 124
0 57460 98 20 310 40 41 107 311 25 12 46 198
0 57497 36 53 42 11 56 135 253 22 10 156 9 142 159 43 87 3 50 3 57 118 14 14 29 33 40 40 114 24 339 22 20 84 148 6 59 24 128
0 57547 21 51 104 26 14
0 57552 108 47 188 40 110 45 81 45 5 27 44 8 116 27 110 97 51 74 124 32 147 15 23 80 159 17 18 6 148 35 135 14 31 102 31 38 65 57 169 18 25 24 56
0 57712 11 62 177 54 74 146 134 138 117 10 148 22 33 25 5
0 58043 6 34 72 59 63 12 18 4 252 40 173 67 101 15 326 190 44 37 160 88 18 18 15 2 64 59 148 135 51 121 10 41 128 88 7 33 50 91 4 14 18 19 9 36 23 73 2 26 125 27 59 74 69 67 12 97 5 23 41 56 33 18 18 42 20 51 120 19 183 46 93 7 227 41 3 1 39 1 59 293 79 196 135 1 51 91 55 372 225 172 78 28 6 31 204 20 4 34 18 20 56 63 190 18 75 47 49 77 16 34 76 31 41 59 36 19 124 104 258 97 17 55 17 56 194 10 61 34 26
0 58086 36 89 201 131 41 76 200 72 174 7 3 110 54 48 23 28 27
0 58103 73 112 73
0 58193 141 20 191 26 4 37 82 7 91 15 178 195 79 13 129 1 399 35 244 26 139 39 203
0 58223 54 39 14 31 183 59 149 32 32 75 75 44 19 10 308 14 19 23 34 87 352 66 218 56 17 23 51 238 118 33 4 51 394 171 342 75 6 32 34 88 97 71 32
0 58532 10
0 58586 33 22 96 83 154 2 354 82 86 13 7 5 21 14 314 57 32 13 3 15 31 5 1 11 77 144 30 18 345 42 19 38 136 12 189 19 29 243 155 178 25 164 18 20 332 270 69 61 64 57 155 2 20 27 7 34 203 112 10
0 58910 56 36 27 57 63 94 348 20 23 13 226 221 169 127 93 23 136 19 60 3 6 16 129 59 144 16 227 81 232 31 138 89 136 45 52 95 141 42 15 4 85 9 12 5 33 16 210 136 42 15 29 44 50
0 59003 163 15 162 41 149 45 42 33 139 56 445 4 120
0 59089 7 63 158 24 214 177 163 10 198 42 71 24 71 116 44 51 23 69 40 22 112 52 130 56 108 36 80 1 287 37 26 167 34 90 2 71 60 70 139 31 3 63 6 5 64 26 127 36 26 23 81 18 183 6 38 5 23 21 33 2 39 154 52 48 34 134 136 44 51 51 89 45 165 4 45 51 26 55 17 85 309 66 114 15 88 23 233 165 59 42 249 8 17 69 16 129 53 9 4 15 51 74 45 154 8 19 14 95 301
0 59131 134 150 8 130 228 11 570 11 156 63 68 40 188 31 115 29 198 1 40 119 22
0 59178 45 15 190 12 45 3 54
0 59371 21 13 209 38 249 73 24
0 59532 25 55 51 21 271 90 261 31 218 11 3 148 55 34 15 11 34 115 88 17 130 21 5 38 127 15 81 21 76 11 81 6 12 16 19 57 194 2 77 56 209 114 92 51 157 45 104 25 210 41 44 80 42 18 11 44 21 50 252 1 54 70 54 9 182 99 120 32 19 48 49 34 178 91 91 42 5 21 132 46 265 6 343 71 35 19 30 104 13 43 127 29 194 21 62
0 59741 33 71 103 114 45 124 42 67 84 7 17 16 9 88 13 17 41 33 18 66 128 49 12 5 299 71 134 98 8 35 130 133 197 12 91 66 145 17 106 7 13 7 6 153 13 118 59 18 31 111 13 51 32
0 60129 31 20 42 156 38 18 26 68 35 115 44 34 290 34 467 73 141 33 34 45 74 12 115 15 2 50 120 14 185 65 64 110 22 43 43 44 80 6 69 14 253 19 77
0 60232 9 86 4 32 48 14 46 144 38 5 76 65 146 42 51 17 114 73 134 90 146 35 40 11 49 162 32 58 97 1 46 27 440 125 23 27 32 154 21 63 129 126 6 45 109 22 120 33 125 11 201 94 37 130 15 7 220 97 383 4 11 2 10 27 139 13 2 25 94 28 24 1 35 104 4 55 32 21 105 19 124 18 9 6 40 170 63 156 119 6 49 15 34
0 60383 147 34 12 4 79 22 84 21 21 225 118 3 13 6 114 52 1
0 60420 86 35 36 12 175 29 194 49 59 33 94 20 189 33 105 15 356 16 124 31 203 24 115 49 32 56 3 12 117 26 78 64 22
0 60825 142 38 41 20 260 22 109 25 127 49 92 142 153 58 45 11 113 26 73 11 16 82 45 22 40 21 53 24 56 131 141 20 197 67 75 7 299 5 21 326 202 186 200 47 120 8 53 77 4 154 65 44 243 32 61 7 43 117 181 51 43 48 375 17 99 64 31 64 12 16 3 21 78 27 93 105 64 7 67 44 65 29 77 56 296 53 133 72 237 167 37 80 103 240 48 3 13 25 144 69 109 8 12 37 56 33 179 61 346 22 3 27 28 12 4 103 13 41 241 81 123 2 86 2 109 114 47 7 101 3 486 112 29 119 215 77 1 49 105 65 86 117 1 160 39 2 46 10 166 41 47 1 75 34 428 15 21 76 41 24 30 32 149 3 141 20 18 70 106 17 189 38 90 80 37
0 60841 30 6 69 126 299 8 127 30 223 15 82 144 58 6 72 53 13 4 141 24 60 14 176 1 23 81 9 105 198 30 106 18 11 31 18 2 181 7 41 19 44 29 142 26 2 88 101 7 122 38 188 136 130 13 251 48 4 44 68 68 198 28 133 6 56 2 134 97 40 36 27 36 33 12 28 67 28 116 17 114 268 24 47 35 35 47 46 56 22 21 358 5 202 107 18 58 84 48 6 276 334 45 152 132 39 24 11 10 266 21 254 59 81 23 147 9 72 10 17 17 216 138 9 78 199 41 71 70 70 40 69 91 53 52 116 11 95 42 64 27 124 14 96
0 60988 22 15 16 84 5 21 133 37 166 10 45 50 230 31 84 15 2 40 150 22 23 40 16 12 34 7 66 2 94 23 91 2 1 38 16
0 60989 151 7 26 6 17 84 189 196 84 4 72 84 87 58 132 33 115 46 169 10 40 59 53 26 105 144 34 12 102 108 20 9 4 13 144 2 58 90 66 55 30 19 89 15 213 45 14 9 25 20 128 31 350 132 231 69 54 51 70 44 22 145 8 64 91 45 76
0 61024 16 24 2 6 15 36 49 175 105 31 36 24 28 3 133 103 19 100 80 32 133 65 77 69 196 5 17 21 244 167 18 93 19 8 291 18 12 30 50 7 44
0 61153 8 179 20 196 55 15 301 12 11 20 55 62 66 28 122 33 18 53 10 6 116 117 34 7 62 53 45 18 14 178 12 70 133 38 68 75 52 104 42 60 1 83 30 73 11 19 84 109 3 101 48 57 1 4 77 8 97 36 221 137 54 15 90 27 45 18 40 88 15 105 26 88 44 29 15 32 4 93 504 43 8 22 174 135 27 35 70 114 63 27 73 5 29 24 54 109 190 19 18 60 145 71 92 75 26 7 65 201 160 7 158 95 9 190 33 32 55 82 74 18 202
0 61614 264 21 23 9 79 43 120 7 182 138 56 11 205 14 67 60 61 62 40 20 64 13 39 2 99 209 24 79 14 51 217 81 149 42 104 2 21 11 56 52 165 46 28 66 101 25 18 3 169 72 40 82 27 136 69 61 171 59 143 64 22 39 44 29 291 5 59 24 173 66 37 34 156 7 32 32 6 16 40 43 181 90 64 98 182 8 36 13 21 97 110 42 155 38 132 11 483 47 10 20 93 117 23 123 42 53 155 108 12 21 71 32 61 3 116 20 309 67 81 17 60 94 338 16 36 17 66 58 14 100 5 61 7 56 77 8 51 61 6 59 86 57 98 36 41 37 166 20 90 13 121 90 7 82 54 50 14 168 39 43 260 35 18 13 88 4 1 5 72 2 44 4 4 75 37 109 113
0 61641 80 57 117 61 428 43 96 48 95
0 61674 109 23 27 3 55 145 11 19 90 20 46 64 26 12 17 63 56 13 35 136 48 84 242 1 12 3 26 8 56 1 102 23 33 45 49 14 221 123 10 2 148 14 74 38 1 147 30 39 210 93 224 14 68 109 193 16 60 130 220 60 93 17 218 4 26 14 102 41 229 7 158 157 2 46 53 36 83 116 6 111 111 17 118 41 28 38 33 35 175 48 15 77 109 60 16 170 1 22 182
0 61781 111 54 100 38 16 46 185 23 90 61 227 10 9 10 54 60 157 70 83 76 13 53 6 4 114 15 120 2 348 25 10 13 24 5 81 13 104 17 343 62 767 6 35 66 161 11 70 2 90 35 54 26 71 88 79 41 59 75 21 14 29 28 37 123 96 27 67 149 8 3 237 14 34 25 173 24 36 17 11 49 71 34 71 58 31 55 19 106 192 52 16 2 211 14 59 5 268 3 514 1 5 89 210 62 161 72 192 140 31 10 142 28 173 72 68 9 193 116 56 45 79 3 177 36 130 414 71 14 75 5 38 95 89 14 17 3 37 31 33 22 333 56 24 33 196 3 21 62 85 22 48 15 34 52 5 80 134 55 134 55 79 98 48 5 4 217 16 39 66 6 99 7 37 61 71 75 71 49 136 67 97 44 221 80 94 109 52 76 9 10 215 22 87 4 21 69 37 59 155 28 112 12 67 14 8 45 66
0 61788 44 7 64 32 140 5 22 55 139 94 2 40 216 70 20 47 198 20 113 19 181 6 97
0 62159 9 8 65 55 48 41 21 5 138 48 55 69 15 19 44 48 50 110 24 18 1 27 18 28 164 24 121 4 10 68 376 6 26 1 264 3 148 65 52 14 74 10 60 42 13 4 113 26 16 4 39 138 20 24 148 48 21 130 163 50 157 24 30 51 48 25 5 65 136 129 60 46 286 50 36 139 48 103 48 2 80 7 58 43 576 27 102 171 164 14 192 11 113 48 14 102 11 113 290 100 35 4 22 35 95 12 166
0 62529 18 77 2 121 73 98 109 116 11 42 236 28 77
0 62780 26 72 14 32 100 22 142 24 448 15 114 6 222 40 72 27 17 26 299 29 17 66 29 1 181 56 16 13 2 6 30
0 63013 57 9 59 87 2 27 124 125 39
0 63620 208 43 61 72 231 8 1 2 171 59 78 72 35 75 20 75 175 15 389 4 118 72 375 25 26 9 100
0 63868 113 107 5 43 80 19 18 44 66 76 101 20 63 5 72 47 49 22 68 67 84 44 31 44 273 166 6 36 190 15 15 33 52 33 77 22 69 56 15 63 105 58 207 34 18 5 168 34 1 12 82 79 51 64 44 2 324 5 14 5 5 66 133 33 85 28 59 53 151 61 316 51 264 83 1 16 13 11 184 83 18 16 233 3 86 34 10 24 116 8 29 150 171 108 88 1 165 9 8 121 296 121 520 35 159 18 12 80 37 25 39 54 6 34 248 51 55 22 226 108 6 17 35 119 340 160 204 7 16 98 222 75 218 16 46 31 36 191 68 46 3 15 131 48 80 179 54 5 312 23 81 1 103 67 245 103 149 111 63 4 10 14 97
0 63891 82 83 21 64 25 22 15 88 25 66 37 24 190 102 197 27 109 16 5 26 150 20 78 4 174 34 3 143 106 45 187 40 257 80 91 29 4 57 82 53 39
0 63919 86 33 196 16 277 8 213 371 112 1 38 15 78 111 14 213 52 21 39 49 10 67 246 79 11 34 49 62 34 3 62 38 22 114 168 28 98 27 50 55 69 100 81 10 29 14 121 119 47 1 48 18 1 57 71 20 449 17 146 24 4 38 227 98 30 31 333 54 120 3 117 159 9 17 12 45 62 17 303 9 5 55 65 13 15 4 74 55 116 50 14 83 102 99 302 20 348 79 85 2 4
0 64048 85 46 145
0 64208 112 15 102 10 28 51 156 25 84 32 109 125 293 24 112
0 64292 193 40 92 9 637 26 24 108 55 286 151 9 95 27 20 123 1 20 42 185 208 44 46 32 65 70 164 94 50 61 11 73 199 56 196
0 64299 54 30 193 28 81 42 18 25 90 80 37 144 64 12 36 39 5 33 22 106 45 117 20 7 475 91 129 158 84 7 224 31 154 2 17 32 30 154 123 59 154 24 187 25 125 113 44 72 47 18 111 135 113 6 9 41 63 108 523 20 19 66 179 17 9 62 7 78 72 53 58 7 163 47 62 3 62 63 137 71 13 18 376 194 104 24 301 14 9 10 7 123 159 13 116 11 141 55 117 3 49 96 78 39 37 130 38 97 112 7 8 5 163 85 28 16 40 58 83 64 2 27 104 21 10 17 445 2 186 32 275 22 12 24 393 43 9 48 39 112 337 110 155 13 136 15 122 4 81 16 65 7 7 19 41 1 23 6 212 23 319 29 139 31 163 328 7 21 88 12 458 71 219 35 32 23 16 35 14 169 143 6 110 3 31 8 79 45 25 101 37 35 69 13 91 11 73 4 19 28 117 6 60 3 71
0 64324 63 31 112 23 65 9 95 28 106 100 55 59 81 109 89 33 111 6 102 11 23 30 45 75 19 74 71 67 13 12 331 113 91 156 3 16 219 3 117 35 8 28 1 44 18 36 14 43 50 27 112 36 278 32 16 69 15 150 63 23 19 71 94 49 58 48 15 64 40 40 201 32 404 15 35 6 89 9 63 57 25 274 210
0 64571 182 47 166 94 101 21 10 31 103 14 23 7 19 27 10 6 44 90 56 35 6 69 23 19 10 17 3 49 88 119 7 56 29 24 45 78 37 26 2 87 93 107 86 17 63 63 153 21 277 8 172 18 187 53 262 69 69 62 51 13 80 21 168 42 6 28 62 52 81 61 179 37 62 3 39 22 9 22 11 59 241 13 99 147 12 8 397 12 45 26 215 9 97 71 5 49 149 10 10 85 43 14 49 10 20 97 69 7 14 16 49 43 101 39 132 45 21 27 40 211 114 82 160 83 183 3 64 20 178 78 123 7 85 21 67 6 18 31 133 41 51 31 44 28 12 9 88 69 304 19 14 79 263 61 228 68 163 3 25 150 87 98 336 88 169 15 287 87 197 65 78 88 106 63 122 17 10 24 7 33 128 193 253 25 126 1 181 90 13 12 77 17 76 12 146 103 52 4 206 86 77 7 210 53 32 39 1 53 67 80 106 65 51 207 3 35 132 84 197 70 14 101 172 44 209 207 72 23 113 98 27 44 43 127 2 82 5 22 152 46 299 35 161 150 208 34 29 142 280 52 150 48 197 26 170 75 25 3 95 20 71 2 101 103 111 43 94 188 39 121 206 3 152 36 86 214 128 85 143 3 2 3 16 125 35 111 14 144 87 42 32 58 12 185 48 15 105 26 407 77 36 4 7 26 5 42 84 10 6 9 39 19 2 24 133 66 150 124 250
0 64735 175 34 74
0 65232 144 94 2 35 148
0 65398 105 129 46 150 8
0 65572 127
0 65729 29 23 138 14 13 77 97 145 142 21 50 22 81 44 31 49 50 9 252 63 88 29 119 136 5 32 39 11 26 59 66 8 95 222 63 12 168 99 5 70 271 25 55 34 220 3 74 8 66 26 5
0 65846 423 110 179 16 24 241 9 86 129 57 151 69 152 31 30 10 200 58 20 87 80 18 253 1 183 27 199 7 97 19 32 123 70 15 28 9 82 101 24 164 32 45 32 14 34 6 85 19 54 20 10 114 122 29 3 2 32 36 5 31 4 4 206 50 68 5 70
0 65854 163 101 551
0 65858 77 90 105 18 74 47 99 6 43 80 56 29 159 10 322 29 19 105 30 74 2 8 109 13 173 28 420 171 54 63 47 34 38 44 152 55 117 18 9 97 7 40 125 27 52 36 41 12 131 11 93 27 19
0 65860 43 46 60 19 38 216 27 155 124 7 25 86 22 2 63
0 66006 11 208 461
0 66374 405 25 260 20 27 60 17 9 8 10 187 3 46 66 37 23 12 57 45 31 191 81 339 23 23 99 79 69 76 23 18 22 96 69 96 115 87 14 28 62 76 247 101 5 64
0 66722 11 63 169 6 15 84 95 12 4
0 67031 229 75 11
0 67110 235 2 280 24 44 50 10 13 33
0 67192 54 23 13 9 151 136 190 2 166 3 187 10 90 122 105 10 55 49 42 35 3 37 17 130 146 17 172 44 32 10 191 41 11 67 10 5 164 28 94 1 14 1 68 101 144 40 129 138 207 122 8 48 134 46 33 105 56 3 23 5 290 96 19 1 75 76 23 1 150
0 67294 58 11 5 67 28 8 113 12 200 109 19 2 175 9 7 14 25 194 14 10 165 3 64 26 68 24 121 5 14 25 39 80 6 50 109 119 293 156 212 62 241 1 160 79 16 100 87 132 226 9 80 38 211 81 152 12 119 24 58 21 61 32 24 13 15 98 103 91 246 38 85 10 28 2 43 2 3 79 13 3 269 9 153 65 105 16 17 3 41 80 1 80 106 29 143 63 15 42 239
0 67538 180 10 175 32 86 191 294 23 164 58 12 11 43 73 56
0 67542 280 13 74 4 15 11 17 4 1 51 88 32 127 26 116
0 67680 44 7 222 11 338 64 82 23 104 25 8 10 27 29 5 2 18
0 67892 11 123 78 27 217 5 29 20 9 1 407 57 276 20 38 142 166 68 211 46 84 65 60
0 67895 136 46 224 60 358 75 166 94 19 12 13 56 78 39 26 28 51 55 123 26 194 84 129 15 43 39 130 41 122 141 99 24 172 7 16 55 36 50 264 23 32 10 155 41 128 9 5 37 182 56 32 42 92 10 184 181 130 22 88 13 22 133 109 37 13 152 4 30 38 3 38 17 26 17 162 47 124 2 26 56 34 48 50 76 199 13 38 13 56
0 68004 6 21 410 9 13 89 43 22 238
0 68008 87 60 91 33 30
0 68064 58 84 13 12 123 12 221 4 184 55 3 40 61 56 66 16 62 36 229 72 2 55 14 2 30 197 45 44 82 11 128 57 59 56 123 81 348 17 23 27 182 14 52 156 29 22 40 101 3 59 41 41 50 57 59 109 31 91 350 21 279 4 100 10 76 1 180 19 104 8 115 91 28 69 228 69 295 50 94 74 63 100 147 16 23 131 157 46 120 14 170 42 182 39 276 37 76 10 93
0 68402 5 25 19 69 15 16 331 55 19 38 90 59 31 57 7 18 114 18 131 165 379 50 49 51 39 2 11 72 91 15 135 70 7 12 87 28 97 32 79 61 46 75 55 2 43 13 43 55 12 5 332 3 151 57 47 36 78 70 102 29 9 87 135 17 44 78 28 62 3
0 68519 38 57 1 44 144 9 6 145 170 64 50 149 100 62 19 128 35 8 3 3 44 20 10 23 7 54 141 16 92 21 8 45 125 14 97 45 227 217 46 56 37 203 179 20 54 108 167 90 96 54 136 38 135 57 130 3 170 9 17 120 17 40 195 49 35 55 162 30 24 13 20 6 77 17 6 3 129 29 124 8 33 7 272 183 66 6 133 1 51 32 17 161 21 63 1 81 18 15 144 5 73 36 217 44 187 2 72 127 44 57 62 13 211 23 14 42 64 38 13 21 335 158 3 31 27 16 12 72 204 14 30 8 25 7 8 38 170 11 85 29 111 42 71 4 113 32 438 52 37 14 154 23 53 16 39
0 68775 100 7 8 28 61 23 261 4 92 39 269 88 155 88 165 131 52 72 524 66 61 15 167 9 131 72 55 3 12 20 245 96 349 8 262 38 17 33 123 13 101 47 14 107 323 60 31
0 69000 64 21 33 21 172 21 400 58 84 51 88 19 149 69 53 20 39 7 11 7 94 9 70 12 118 89 107 3 27 51 119 68 36 52 42 17 20 71 197 13 266 7 30 5 170 102 113 109 20 16 1 3 213 6 283 141 6 28 174 3 24 8 208 18 130 144 99 7 3 62 125 26 114 25 38 45 22 31 18 49 5 14 7 5 36 42 83 79 214 30 97 14 61 30 152 3 96 25 104 4 19 7 19 1 265 189 112 66 121 14 21 2 164 114 37 74 141
0 69079 218 44 51 53 13 28 346 8 20 7 6 4 128 56 70 72 84 36 44 109 19 121 285 45 35 111 6 33 4 20 79 87 110 19 143 144 91 2 57 109 103 70 4 25 26 14 100 17 77 49 7 19 99 6 1 61 67 35 116 73 99 71 37 253 33 83 30 18 44 62 114 19 92 73 157 73 176 94 47 36 226 77 17 41 56 34 61 43 31 5 46 89 124 15 165 64 23 26 50 81 79 82 130 20 14 74 126 9 80 56 170 1 197 181 145 9 33 50 11 28 94 7 3 3 114 31 69 30 16 21 24 58 122 4 6 8 16 43 444 62 22 11 106 29 234 5 12
0 69141 22 298 47 141 5 105 367 18 155 12 83 10 38 21 43 121 79 11 6 50 36 55 47 42 89 73 166 1 83 40 20 31 208 5 56 27 72 51 19 1 209
0 69516 7 16 28 63 23 49 68 42 7 73 485 78 279 27 15 14 22 24 5 4 148 46 17 56 66 106 432 8 93 25 65 47 423 33 147 73 27 25 23 63 11 4 3 25 158 28 262 82 29 8 142 24 61 201 396 71 142 145 37 46 2 354 65 369 46 72 239 22 25 9 145 57 80 29 58 82 159 85 204 70 140 42 2 28 146 3 173 47 6 135 90 213 60 63 8 2 2
0 69775 32 3 51 26 101 42 50 49 63
0 69883 210
0 69945 14 25 167 23 17 2 50 63 128 63 23 62 40 5 139 36 74 7 90 72 114 94 171 4 6 2 69 28 207 122 8 11 434 8 273 84 25 3 148 10 41 95 96 92 26 120 5 91 194 23 20 9 13 35 232 32 151 68 174 44 84 6 74 88 20 96 96 25 20 37 40 76 112 11 38 147 50 70 131 17 46 110 80 68 215 54 84 46 2 20 85 56 124 8 79 4 435
0 69955 13 56 150 18 229 36 312 48 38 57 15 84 78 6 151 117 225 4 10 23 227 26 224
0 70123 30 85 21 22 117 81 6 5 611 34 84 11 120 37 155 72 37 55 3 7 138 10 61 16 143 96 156 113 18 34 143 103 106 266 164 10 53 10 49 124 41 49 189 12 122 143 9 13 106 159 90 208 119 71 521 30 41 22 108
0 70283 101 15 87 62 109 1 223 22 197 39 107 11 88 11 22 18 109 203 95 16 314 17 52 18 89 60 240 4 97 57 177 19 17 83 12 72 39 81 136 9 82 52 130 4 113 54 22 40 60 57 301 6 48 60 12 28 7 11 13 1 232 17 109 56 37 98 1 3 87 227 7 53 60 54 31 37 153 22 40 5 96 90 116 6 63 72 115 18 28 99 1 131 58 70 98 81 10 40 72 23 8 92 179 60 87 78 105
0 70332 85 27 82 35 93 18 219 256 81 11 73 21 55
0 70567 78 41 3 102 187 93 39 143 76 241 52 28 76 13 33 34 26 21 130 23 16 98 18 88 71 20 3 20 68 68 256 15 212 135 17 1 8 114 75 45 19 47 77 49 34 247 99
0 70804 7 7 111
0 70983 109 17 157 67 13 12 183 101 27 37 5 67 70 32 81 60 200 6 37
0 71135 52 27 31 39 195 153 87 22 94 42 23 36 14 54 66 15 106 65 49 21 51 23 77 12 236 51 245 11 213 13 23 17 18 29 116 70 53 26 34 47 154 170 55 25 73 117 387 65 27 17 320 23 107 149 354 64 5 104 6 12 184 18 6 184 121 37 14 60 16 63 118 21 2 41 107 71 241 42 62
0 71450 16 8 80 46 411 20 158 38 180 84 60 40 44 10 15
0 71508 90 38 19 95 9 24 35 28 249 1 40 26 26 1 55 41 58 39 201 19 49 52 3 11 126 32 90 17 62 25 47 10 56 30 23 69 72 12 5 120 124 74 199 57 22 10 53 41 103 60 81 13 76 28 89 3 556 25 33 131 76 3 45
0 71716 19 76 36 2 81 46 6 1 80 32 10 54 58 8 83 24 184 36 75 5 210 15 87 62 80 30 21 52 211 149 54 8 167 63 76 6 23
0 71774 82 40 287 4 44 112 737 7 221 6 283 84 223 22 284 76 11 40 118 26 171 8 63 51 83 96 164 2 60 4 109 40 35 81 27 15 123 14 266 163 21 9 24 4 22 130 72 49 33 29 116 124 33 78 328 58 89 31 146 47 188 40 29 10 17 35 266 12 51 5 36 12 30 41 293 29 114 118 18 24 3 11 197 2 10 2 14 13 165 2 62 16 67 1 75 59 8 46 3 32 13 55 266 168 120 30 44 19 214 34 3 10 321 33 35 4 9 3 65 65 74 147 41 21 48 63 51 21 24 60 308 67 95 52 47 4 72 36 160
0 71971 136 2 210 129 92 90 136 258 5 69 49 58 114 7 298 5 174 95 10 33 11 92 50 155 36 34 13 9 5 51 30 27 142 2 15 44 125 37 152 104 64 47 32 6 2
0 72146 123 68 19 109 32 12 3 14 11 111 25 64 208 31 35 15 66 8 15 70 37 21 20 83 144 42 81 59 181 50 215 38 7 57 57 2 64 5 180 34 103 18 105 4 30 119 90 25 18 54 37 15 37 4 47 31 85 3 9 107 294 103 104 1 23 34 29 177 124 22 86 2 196 119 38 54 4 11 41 83 450 15 36 61 1 38 70 63 31 15 15
0 72219 161 4 125 6 121 69 23 97 26 90 214 252 129 63 45 10 280 7 52 50 18 56 197 54 113 12 87 15 27 68 121 11 64 57 189 52 234 78 76 75 299 169 341 77 152 9 110 11 4 32 130 206 57 12 58 14 20 243 226 2 49 182 120 164 68 74 33 87 30 33 69 20 42 106 10 15 145 70 26 51 28 3 430 37 84 38 131 42 22 10 68 9 18 5 28 34 158 98 107 14 43 113 12 49 110 3 21 62 229 73 94
0 72248 51 24 210
0 72594 59 54 48 148 76 19 10 186 97 68 115 25 190 77 29 4 155 36 132 70 172 5 8 8 42 101 54 47 97 63 140 27 155 24 5
0 72620 144 1 168 10 4 7 112 52 105 94 21 47 42 15 107 122 58 14 30 10 215 140 74 79 163 166 35 79 39 58 36 20 4 52 605 59 62 18 15 55 74 26 20 63 336 28 71 69 120 1 8 49 122 83 434 22 45 35 75 129 241 58 104 168 146 16 39 5 95 22 125 39 6 23 39 5 402 83 22 13 145 47 39 62 92 3 65 33 107 28 129 114 157
0 72646 36 128 146 25 31 33 68 46 45 44 68 20 63 14 58 268 37 70 277
0 72647 88 93 222 44 192 66 27 75 62
0 72749 70 9 263 16 35 52 26 11 43 8 12 36 84 46 15 6 177 38 643 81 262 61 258 54 19 6 135 33 36 7 62 20 78 33 216 34 159 72 265 16 148 43 125 21 82 119 15 27 60 35 72 85 26 46 31 3 184 114 177 48 68 92 20 14 39 12 240 6 93 11 102 33 18 9 159 5 143 16 276 32 222 49 163 11 148 21 312 69 101 52 46 21 63 116 94 92 3 2 55 13 103 166 8 2 118 9 228 111 95 42 54 83 61 67 289 1 91 34 55 64 83 38 226 1 77 29 155 13 135
0 72788 88 6 400 138 107 125 293 144 361 108 16 9 60 70 4 7 23 8 49 78 30 28 94 48 8 40 36 69 72 22 134 4 83 85 57 31 147 54 12
0 72803 15 113 6 51 119 113 35 45 158 65 87 18 210 8 4 40 61 11 28 91 98 6 39 18 261 33 19 241 24 196 16 18 58 30 24 118 137 106 5 14 113 26 93 3 121 13 318 1 19 4 121 29 89 54 8 6 150 14 334 83 138 21 57 140 39 60 346 17 53 2 139 126 104 36 18 70 50 39 105 49 105 60 70 2 17
0 72864 25 4 216 24 77 2 46 21 196 225 77 20 215 182 55 132 436 44 125 26 191 161 90
0 72984 26 46 50 39 376 73 80 47 25 12 14 37 40 121 29 121 159 109 69
0 73090 217 117 48 113 155 3 27 175 263 59 72 11 17 16 196 46 5 24 27 6 18 116 92 45 234 6 113 139 251 77 17 5 12 56 262 21 57 16 191 99 161 12 121 51 296 7 12
0 73623 117 30 187 151 50 83 213 6 72 31 57 43 113 25 39 109 5 121 596 21 202 41 70 206 363 94 80 31 35 161 15 31 174 53 5 6 95 20 7 6 380 38 38 18 23 68 7 50 2 94 84 33 116 9 443 108 38 47 16 99 214 19 2 9 12 15 17 137 52 57 135 30 82 43 12 3 76
0 73704 23 28 79
0 73904 31 71 122 102 59 9 58 13 87 9 92 24 91 75 10 18 28 12 53 13 103 33 80 42 174 31 410 117 162 25 132 50 153 22 100 108 61 4 11 82 84 69 33 14 11 23 23 30 32 67 236 58 4 17 73 92 43 125 44 75 79 126 154 30 21 48 220 16 62 28 77 75 145 163 31 4 57 25 47 15 98 44 11 18 35 27 31 111 166 30 183 7 32 45 352 37 102 2 83 105 7 7 26 1 39 165 64 7 255 26 56 55 230 64 164
0 73946 21 114 138 177 5 33 40 31 180 141 167 9 20 69 53 4 85 19 28 20 10 50 51 10 36 79 44 1 28 168 17 106 79 3 125 35 114 17 172 21 48 99 123 40 43 93 1 25 67 27 65 81 405 52 184 4 144 25 117 12 7 5 54 23 3 105 196 4 75 60 55 1 144 30 11 42 40 8 11 17 4 72 79 120 1 13 145 3 234 72 239 21 217 127 70 27 625 15 151 60 75 27 186 99 17 12 114 19 72
0 74054 157 10 68 3 60 96 129 34 86 12 78 42 60 25 50 2 153 10 24 45 50 6 31 33 17 25 609 38 282 14 183 75 52 17 29 28 84 32 40 13 297 57 2
0 74160 120 76 208 11 34 63 20 167 30 43 57 154 32
0 74499 75 22 112 73 4 230 3 25 145 9 41 18 32 19 9 18 67 4 16 97 41 9 83 61 15 66 82 81 26 8 121 19 29 1 50 35 26 20 28 35 9 2 182 33 127 64 46 34 104 98 2 67 21 104 101 23 225 47 14 13 28 49 26 87 179 83 124 18 84 3 9 4 96 42 82 57 7 5 106 143 7
0 74558 56 48 31 20 46 7 3 99 98 12 127 86 108 9 10 83 3 26 33 6 32 13 89 189 209 28 35 35 10 28 10 42 63 11 117 17 23 25 30 14 34 7 11 52 315 14 72 49 166 76 41 1 80 35 43 62 26 16 56 10 81 5 164 15 134 14 363
0 74583 15 109 17 7 1 51 89 101 41 110 52 79 106 101 196 11 3 135 12 37 105 22 144
0 74644 19 44 56 12 112 81 1 149 54 51 21 8 23 40 195 24 33 38 31 19 24 15 30
0 75016 15 74 157 62 92 17 268 4 46 15 17 40 146 5 24 164 203 32 157 66 325 17 114 17 81 1 11 200 3 53 9 14 71 12 144 3 244 60 265 32 27 153 110 18 464 37 286 20 54 145 12 36 84 10 156 53 72 96 41 163 7 42 20 22 1 25 76 17 124 24 116 8 3 169 200 42 139 60 222 12 124 92 23 64 56 23 117
0 75116 93 37 21 22 5 91 98
0 75242 23 19 283 62 17 36 71 29 140
0 75257 4 116 157 85 17 42 28
0 75438 23 30 50 3 162 20 44 106 108 150 4 29 82 1 221
0 75528 3 16 50 75 52 18 467 36 57 26 63 57 124
0 75716 108 79 6 23 102 16 89 73 179 56 65 187 149 22 176 5 93 31 258 17 106 15 84 20 155 65 1 144 257 78 145 23 171 16 71 54 147 1 60 50 11 63 43 49 62 86 239 20 100 58 84 51 58 94 2 40 65 75 68 53 122 69 190 7 2 70 76 100 51 72 37 17 2 173 24
0 76064 17 20 129 81 104 26 5 96 402 98 135 18 112 93 5 87 26 102 36 47 2 35 167 52 31 98 36 25 273 11 375 44 22 61 63 11 72 58 51 92 79 114 71 43 36 6 165 7 40 26 86 44 3 24 84 15 63 56 15
0 76211 11
0 76620 10 70 127 33 19 156 43 27 27 12 28 5 41 57 172 25 198 35 192 40 68 5 4 35 41 4 71 61 116 74 259 22 132 9 96 176 226 26 2 58 87 7 98 12 68 73 69 28 289 75 34 93 144 2 169 29 1 12 493 28 166 63 32 28 51 72 56 109 43 41 442 14 15 27 48 9 11
0 76669 69 72 99 50 337 95 203 16 37
0 76733 323 97 46 174 37
0 76909 229 292 259 67 33 36 110 244 161 17 130 80 14 29 305 50 153 69 29 75 108 108 30 20 82 53 7 18 26 5 47 62 13 31 3
0 77206 296 26 73 48 50 2 91 106 12 5 33 4 70 72 18 4 207 16 61
