0 0 43 86 4 47 73 30 54 114 38 108 4 92 24 34 24 2 22 120 229 57 27 64 42 10 29 19 160
0 147 68 48 64 39 23 41 83 82 19 14 107 64 106 27 30 5 11 9 116 81 6 97 2 270 198 15 131 138 64 8 245 1 631 45 21 25 573 75 12 56 499 42 117 12 37 2 12 206 40 81 45 21 451 16 8 73 152 196 112 13 56 53 21 16 47 4 122 225 24 37 77 3 89 44 127 85 50 38 336 21 143 68 32 15 5 12 151 260 161 115 37 21 427 65 52 110 97 32 339 138 92 150 39 33 255 4 2
0 155 409 86 120 15 279 8 128 29 195 33 83 28 84 52 44 50 12 23 4 77 26 231 14 85 41 23 10 91 212 36 84 1 318 9 2 18 63 11 14 6 194 72 53 39 153
0 668 13 41 87 23 306 17 62 88 164
0 764 187 90 88 13 43 73 212
0 799 99 35 33 64 112 188 83 24 148 112 155 37 36 80 21
0 900 98 38 3 31 10 3 1 8 58 90 91 3 94 53 243
0 1027 46 48 140 2 76 20 30
0 1060 26 12 153 7 10 36 21 116 506 34 11 8 195 219 81 47 373 36 35 2 87 80 5
0 1467 64 214 91 34 68 40 32 66 47 7 79 11 104
0 1490 11 47 115 39 130 11 42 35 34 69 59 10 133 25 235 21 38 12 60 94 8 40 170 109 191 32 180 30 65 2 57 14 231 112 12 24 19 148 19 40 191 28 34 18 76 70 125 9 86 52 28 49 12 34 167 114 86 3 30 50 138 33 7 27 62 30 132 78 66 97 42 34 17 77 46 42 76 90 206 34 110 2 40 90 89 3 2 26 44 65 37 86 12 6 35 14 266 17 58 109 55 15 28 55 129 22 43 98 153 75 14 12 216 60 379 48 152 40 87 15 86 28 307 5 95 134 95 103 46 34 65 1 20 71 155 7 33 104 16 101 9 15 38 9 39 86 20 7 201 6 45 77 48 1 223 40 20 137 287 62 162 47 63 10 100 3 12 215 11 40 29 20 73 7 41 32 78 31 29 53 152 268 29 97 96 6 79 11 156 18 29 7 90
0 1657 155 84 440 35 17 59 60 19 81 18 27 28 173 43 172 77 479
0 1739 129 5 16 11 30 6 203 99 54 48 354 7 80 56 101 82 85 6 105 17 442
0 1950 99 54 35 4 147 79 3 39 44 53 42 22 267 76 246 201 233
0 1955 211 160 71 14 215 71 123 2 165 19 6 51 108 84 109 13 145 48 10 43 31 69 43 38 188
0 2489 43 69 11 31 26 3 11 140 339 30 203 70 36 49 82 60 62 73 58 52 49 12 12 173 64 2 382 122 85 44 92 74 26 279 147 3 171 18 8 36 18 79 2 131 342 81 34 9 178 46 13 50 75 59 142 5 306 11 69 70 115 2 27 27 90 12 48
0 2543 18 31 111 106 122 13 4 71 25 58 74 100 67 45 315 149 53 17 107 14 25 71 54 95 134 20 211 7 17 15 372
0 2711 9 30 23 15 18 108 13 2 200 101 130 111 4 2 76 203 61 74 46
0 2791 103 47 6 9 105 85 182 44 43 13 59 25 64 56 6 4 359 55 7 1 80
0 3155 127 17 204 7 6 8 37 25 128 55 3 11 64 50 196 56 115 19 1 1 11 14 2 61 107 28 143 30 229 90 270 6 190 34 143 41 21 177 39 140 27 81 388 30 66 24 173 101 58 38 21 23 8 57 19 41 77 10 54 38 80 62 145 36 118 13 196 18 158 4 76 49 130 13 109 64 31 47 7 7 8 53 34 93 71 103 55 58 117 26 55 201 25 238 27 160 257 45 105 239 52 20 158 71 45 2 38 19 39 88 46 38 14 68 36 9 34 8 297 6 38 13 128 12 94 56 13 49 31 14 95 67 20 18 154 11 12 42 27 116 52 24 232 75 128 104 83 65 104 16 75
0 3439 93 3 375 19 66 68 149 21 101 59 265 9 17 22 52 32 465
0 3683 94 49 41
0 4454 1 79 29 4 12 33 178 18 86 81 36 35 144 66 209 70 73 167 77 79 169 7 238 21 7 12 72 63 51 16 7 114 11 27 81 30 30
0 4565 145 52 19 43 301 39 8 93 77 55 93 35 135 23 40 80 25 12 141 29 139 70 215 20 17 35 16 52 55 9 31 35 31 34 74 200 19 104 50 46 111 111 6 32 180 59 265 50 106 88 35 136 184 111 215 136 68 41 145 2 11 25 192 72 147 107 4 7 232 29 67 98 2 18 65 66 51 25 316 39 207 105 32 41 33 28 96 63 19 34 28 20 220 7 3 119 73 111 82 106 178 23 12 11 51 71 61 26 132 129 11 43 141 52 68 43 204 77 71 19 111 36 2 2 119 152 36 6 82 19 151 45 75 21 3
0 5050 111 130 252 128 4 42 40 182 179 96 132 36 490 63 11 64 24 42 113
0 5431 187 20 80 20 82 28 109 143 33 44 173 164 47 59 174 25 20
0 5519 200 22 31 568 91 3 57 37 19 14 7 121 154 13 176 88 63 45 402 32 29 64 217 113 40 16 9 23 61 61 48 218 57 22 17 10 215 7 306 14 168 18 222 17 79 19 210 59 167 17 30 30 101 87 90 2 131 72 92 1 125 34 63 16 40 4 104 12 45 73 42 69 85 17 89 50 27
0 5726 320 24 191 63 36 117 119 115 43 8 104 21 97 1 34 84 339 32 40 2 16 31 115 11 89 13 74 23 16 130 122 139 150 84 143 60 23 48 47 23 233 40 72 60 51 12 44 36 23 15 98
0 6017 73 24 25 16 74 203 74 48 4 93 108 54 48 18 6 10 113 22 112 36 23 13 38 10 17 80 8 12 8 17 3 1 327 17 98 57 8 21 10 20 184 7 83 79 9 33 6 108 20
0 6222 189 5 86 16 364 72 22 77 32 9 3 60 58 86 28 86 238 31 33 44 21 15 80 65 93 8 20
0 6330 66 38 314 104 130 17 80 61 58 26 39 112 95 64 104 71 50 4 38 10 94 4 12 8 181 50 210 39 95 34 12 1 89 23 133
0 6348 17 65 29 69 122 46 27 69 47 33 16 15 74 110 8 27 48 60 175 7 1 111 14 29 52 11 90
0 6498 40 133 443 33 255 63 37 7 198 75 97 25 103 32 58 34 3 6 88 23 198 29 13 33 69 17 72 48 69 22 4 136 193 100 44 85 1 131 265 2 9 15 189 4 358 43 267 21 81 23 181 139 58 109 6 12 35 97 21 63 45
0 6502 171 46 149 11 208 2 28 3 407 37 165 57 47 28 249 23 92 46 81
0 6577 104 13 62 11 262 28 258 40 11 35 72
0 6702 6 32 125
0 6818 47 102 98 33 34 135 9 23 636 115 129 14 94 10 54 13 56 1 103 22 30 92 108 54 62 8 28 79 50 11 96 34 134 11 9 83 42 18 61 17 262 5 47 19 241 224 378 21 14 68 317 6 284 4 64 54 129 8 111 101 229 56 178 7 41 61 29 82 163 27 316 100 80 59 73 63 191 4 111 89 90 17 112 80 55 50 98 52 19 61 136 19 53 132 321 35 7 15 113 7 2 29 116 68 33 37 90 34 71 82 3 8 140 66 10 164 69 10 27 10 1 18 131 165 165 24 80 95 24 112 4 31 363 58 56 76 74 48 106 164 223 35 11 40 124 8 71 52 30 14 8 61 47 83 9 16 127 36 35 73 38 11 20 16 240 130 264 11 209 27 160 15 189 32 2
0 6865 73 132 115 17 21 33 32
0 6925 63 29 349 41 26 68 48 97 75 54 10 97 51
0 7067 16 95 1 8 46 93 115 62 683 4 30 3 31 33 65 17 16 4 171 24 62 12 289 13 93 52 90 115 208 17 183 24 67 15 52 101 133 49 69 82 48 45 125 51 2 11 114 49 6 9 64 58 8 39 29 9 26 7 36 6 9 16 54 10 68 15 46 2 173 63 107 8 154 39 88 56 233 29 60 1 231 84 7 110 83 2 65 122 274 58 316
0 7183 76 132 83 67 41 5 58 54 48 5 90 58 13 120 66 12 104 18 229 23 6 169 113 8 12 151 127 345 72 47 64
0 7237 30 8 140 93 122 96 46 45 117 8 9 56 157 40 14 293 90 30 320 4 103 11 480 19 29 77 81 110 44 38 63 41 42 14 106 148 50 19 133 6 127 101 4 108 21 11 20 82 174 120 50 80 27 1 62 151 25 126 125 2 145 7 100 5 6 113 8 80 69 71 3 84 59
0 7292 34 156 73 87 15 1 21 2 118 29 59 34 13 16 57 130 27
0 7395 113 67 32 6 39 133 9 162 6 17 3 77 54 189 20 40 41 67 62 59 126 79 97 212 44 92 190 18 84 8 89 23 2 122 20 13 159 153 112 45 71 48 112 37 168
0 7568 133 141 14 54 56 82 1 11 7 38 78 17 78 78 64 106 3 79 45 109 136 50 61 12 89 33 67 3 39 24 102 108 88 12 3 39 42 31 105 11 7 154 135 65 247 48 144 11 121
0 7595 30 12 97 11 36 86 43 36 223 4 12 70 158 48 112 151 228 111 15 15 21 39 58 2 66 79 35 41 103 1 23 2 403 30 49 30 136 134 148 73 270 11 17 54 43 40 116 9 17 125 62 42 46 68 43 12 67 19 221 64 98 100 12 70 238 4 144 81 24 31 8 59 3 24 369 2 307 62 90 62 28 62 20 135 237 22 87 89 12 78 17 3 1 31 28 3 101 9 68 172 34 14 147 5 81 62 198 71 34 72 9 134 211 23 65
0 7729 68 65 163 9 47 45 16 39 100 35 70 21 22 6 429 56 301 25 64 4 223 51 56 22 93 85 2 186 43 38 36 55 268 37 53 9 273 87 69 40 51 18 204 95 46 6 106 59 12 39 114 10 148 49 4 74 86 21 235 24 48 15 161 179 103 40 65 98 29 12 203
0 7946 8 43 2 139 46 10 3 4 29 53 129 7 229 314 43 101 18 29 163 34 53 58 35 35 17 87 1 23 101 105 260 80 3 33 28 2 154 5 129 34 73 37 15 61 133 22 199 14 20 68 7 24 152 9 327 18 114 201 48 16 119 98 47 123 15 101 44 42 26 30 50 100 14 152 10 32 42 16 14 121 35 99 75 181 169 155 143 1 208 8 6 86 330 188 78 32 58
0 8113 65 52 26 67 67 61 117 30 20 88 132 17 163 16 106 78 41 22 60 238 29 46 38 125 189 52 88 35 74 34 53 21 20 37 483 16 72 4 52 19 12 29 93 22 257 118 250 57 111 56 223 104 6 69 183 29 92 24 168 11 300 8 2 115 34 36 170 18 43 73 147 36 14 1 151
0 8124 45 80 59
0 8359 350 8 199 33 6 58 47 26 60 96 128 40 155 10 87 24 62 11 31 125 146 11 305 65 119 89 146 92 50 12 52 207 95 116 145 50 29 48 56 84 4 64 62 27 24 15 26 6 147 97 37 15 34 67 111 3 8 10 59 29 113 56 67 44 2 75 690 27 190
0 8381 29 11 263 16 73 38 315 13 46 24 62 22 59 129 236 38 340 110 19 108 33 48 11 97 502 164 28 62 45 117 8 24 117 19 120 71 55 38 35 8 17 45 56
0 8553 10 13 330 33 91 17 213 112 83 34 148 1 42 14 250 37 139 85 24 42 37 72 52 39 77 23 9 58 86 61 192 34 36 51 212 18 100 28 23
0 8888 7 32 42 143 7 82 231 220 337 72 13 77 5 4 41 59 57 109 87 76 23 2 149 74 50 10 180 7 30 73 116 110 323 1 47 38 63 11 16 55 108 25 344 26 89 82 195 32 28 46 32 44 89 54 18 15 24 34 52 100 139 3 232 108 21 23 26 5 1 14 68 65 151 4 2 28 126 178 69 26 99 11 104 14 27 38 80 4 106 20 128 46 309 90 67 53 179 70 6 29 114 42 337
0 9505 8 32 107 33 65 178 16 19 74 215 3 32 38 140 67 77 21 49 59 5 7 32 4 40 27 40 249 75 45 84 157 174 184 17 64 21 45 46 127 2 86 6 112 5 50 35 32 4 28 2 101 80 8 88 178 12 80 69 81 1 312 11 144 229 19 53 25 2 101
0 10330 167 113 154 2 5 204 210 34 67 1 20 38 146 3 92 153 271 14 8 16 188 42 15 63 101 45 303 83 195 17 163 35 97 19 50 1 67 39 146 48 436 31 9 83 63 52 33 78 25 120 90 32 19 16 123 48 183 2 156 44 544 52 149 27 16 117 182 57 396 20 132 98 8 11 31 236 27 174 58
0 10424 263 45 154 6 30 33 34 9 125 23 53 15 224 134 158 113 28 63 150 235 40 16 126 68 10 70 15 40 140 45 113 51 20 20 23 7 43 12 93 19 38 3 4 139 243 7 19 40 164 62 39 50 48 7 165 45 485 15 182 50 152 24 269 14 20 4 31 32 121 76 326 118 47 16 123 6 39 46 26 35 138 16 80 50 69 104 302 15 152 58 62 11 88 98 182 41 58 27 114
0 10719 50 140 66 132 91 2 234 78 262 99 136 89 71 5 97 39 125 34 3 51 179 46 72 24 27 77 4 2 163 5 102 157 3 17 161 29 7 2 39 47 46 29 229 53 46 20 86 2 80 104 132 43 50 93 138 12 107 13 7 29 34 6 43 14 9
0 10781 249 82 88 4 66
0 10829 90 5 5 11 85 24 38 31 288 13 16 67 64 32 52 84 225
0 10964 98 51 151 27 31 4 45 106 355 75 94 131 61 1 8 47 284 76 12 37 97 18 190 30 1 32 65 13 157 101 67 26 45 48 76 27 24 32 47 24 138 26 326 33 162 72 68 189 57 61 96 5 4 12 100
0 10974 162 36 1 50 192 12 202 51 80 37 78 81 170 6 144 94 282 107 27 9 241 27 2 33 107 153 55 19 112 12 96 62 12 129 97 120 360 22 59 30 477 24 329 41 121 22 68 142 38 100 20 99 45 48 598 39 73 273 122 70 78 27 187 8 18 48 6 32 81 80 205 60 16 3 74 5 149 2 184 3 85 49 112 45 55 11 25 54 125 79 64 33 161 23 5 9 102 59 182 74 40 9 69 89 62 92 248 98 155 69 1 25 37 26 74 17 97 52 303 46 61 12 61 64 33 59 37 55 25 28 93 43 241 21 161 41 76 50 17 2 200 82 63 34 42 38 22 32 170 225 87 17 26 69 93 28 74 6 48 26 185
0 10977 156 34 44 10 262 10 48 14 150 1 29 42 77 53 29 21 134 37 34 1 59 38 140 30 7 152 14 130 252
0 10985 226 51 149 33 338 47 177 103 9 50 246 22 48 221 75 70 71 37 65
0 11054 89 107 127 50 118 14 17 151 159 1 17 43 3 15 76 74 59 8 125 76 31
0 11088 154 29 3 35 27 7 67 52 187 6 3 130 141 19 412 67 82 8 10 160 78 10 87 36 311 14 171 44 318 25 34 56 189 58 98 74 23 124 73 52 254 61 59 20 55 27 84 5 242 20 96 16 41 42 43 25 60 84 166 66 74 234 180 38 50 8 19 36 170 159 1 8 135 8 11 53 83 88 40 99 62 147 26 111 106 166 1 15 152 16 89 65 87 69 81 93 195 29 5 20 254 55 64 4 156 2 53 77 2 73 318 13 52 4 231 21 136 138 8 49 46
0 11345 57 52 139 64 106 26 21 43 188 86 193 19 56 79 13 34 53 20 20 8 7 30 129 1 143 2 51 49 1 2 45 12 34 4 60 8 194 14 27 68 33 37 3 129 66 111 103
0 11619 175 20 54 43 126 46 92 6 354 39 306 86 182 104 89 75 129 99 107 24 27 113 9 11 30 92 2 16 5 1 14 10 279 42 50 371 6 3 734 42 30 152 85 26 6 25 43 12 430 248 330 40 164
0 11936 88 12 250 11 36 58 122 4 103 72 70 5 120 28 42 42 34 6 2 25 52 36 121 227 104 109 86 44 160 139 185 45 24 43 171 79 69 52 73 87 31 103 27 47 47 61 11 71 33 141 81
0 12000 8 113 1 15 83 271 16 37 89 4 69
0 12198 40 164 61 18 212 20 114 26 355
0 12356 87 3 57 45 32 58 40 34 68 30 2 63 325 35 269 14 32 15 114 37 177 154 1 99 655 46 254 18 42 98 59 84 184 2 54 77 164 246 119 118 48 31 10 1 150 50 96 1 234 26 16 62 67 61 305 15 126 66 43 56 14 2 97 99 171 11 32 42 181 122 248 88 77 14 53 24 102 153 36 6 238 27 35 38 178 5 51 167 304 77 282 5 62 171 47 75 12 29 49 71 205 22 172 14 62 6 12 51 81 311 150 92 81 12 84 96 129 23 85 21 244 7 16 33 41 2 88 3 83 17 28 33 73 42 16 59 18 24 47 50 96 30 8 88 85 3 48 26 35 7 121 10 240 50 28 36 51 22 43 32 68 58 491 44 92 22 66 30 20 65 175 149 250 45 20 18 395 13 39 81 110 137 84 36 3 52 43 250 72 81 41 8 17 26 30 18 83 25 72 78 195 60 16 285 148 2 13 77 23 75 78 124 502 32 43 36 1 6 110 32 78 29 61 71 64 25 17 15 8 99 58 44 241 35 250 11 15 49 19 2 53 70 63 24 118 60 120 65 66 220 285 5 61 247 142 8 1 40 100 40 245 26 119 10 21 3 137 30 37 62 55 9 13 31 121 27 287 28 9 41 34 203 27 71 98 69 83 3 22 70 682 17 13 11 263 29 126 16 98 190 212 36 75 1 3 6 25 111 64 2 47 150 22 25 206 33 52 42 200 6 156 2 136 11 42 22 20 8 411 49 81 15 244 108 136
0 12378 104 73 108 37 82 52 49 83 35 68 416 129 30 187 23 49 5 42 94 34 84 22 74 34 280 26 30 25 27 9 40 5 259 43 7 8 194 19 8 61 726 65 100 11 15 28 311 39 215 59 97 48 4 132 16 34 54 1 338 122 128 17 65 77 403 16 161 53 21 26 58 97 116 33 67 25 182 6 67 56 325 28 72 1 75 122 330 6 259 45 15 50 133 67 28 10 117 2 267 29 287
0 12637 37 20 49 63 57 27 107 32 197 19 277 32 106
0 12645 119 37 89 17 30 29 83 20 12 27 90 2 26 139 118 2 60 4 191 90 24 83 99 7 52 27 3 22 68 70 37 16 50 45 74 3 180 27 46 20 346 11 4 8 129 109 53 24 107 15 91 56 60 50 87 89 16 3 3 217 89 59 269 28 33 45 255 95 198 40 45 124 39 23 70 83 71 92 1 10 42 42 272 188 101 152 64
0 12807 19 1 381 12 16 16 23 96 33 21 207 44 96 16 8 52 123 13 33 82 252 5 56 59 211 13 2 3 45 65 404 6 33 64 3 124 56 160 50 14 15 11 31 33 58
0 12906 6 8 4
0 12954 171 157 5 8 21 132 73 59 139 18 15 2 133 24 63 22 19 19 33 65 321 53 282 37 34 75 209 13 315 35 27 42 7 123 222 43 147 7 13 7 57 15 76 1 128 29 86 26 19 11 50 59 93 44 127 54 85 147 75 36 76 14 18 8 68 64 17 97 86 5 16 50 57 42 18 20 64 45 14 46 75 13 63 49 4 115 112 46 166 90 1 24 9 39 208 20 7 25 237 30 242 14 87 42 5 14 290 1 133 168 19 104 2 4 98 32 101 5 139 69 164 13 30 2 174 14 222 47 163 12 278 30 42 21 36 190 116 47 48 10 71 50 12 31 138 10 188 17 117 1 102 36 10 25 154 24 33 87 170 14 10 139 193 75 193 95 87 33 256 114 53 39 1 18 409 2 614 41 118 188 26 133 211 70 92 15 30 6 224 68 32 191 17 29 51 55 30
0 13209 50 86 10 45 12 104 40 3 25 25 4 14 69 1 180 13 84 55 179 13 9 117 7 4 25 92 39 2 40 100 1 38 9 34 332 32 41 60 336 37 27 13 83 17 12 105 305 16 32 8 483 8 14 26 40 51 28
0 13213 147 207 48 41 91 47 250 28 29 18 112 81 120 94 18 103 188 1 23 42 35 50 230 22 118 70 121 48 119 85 129 3 33 2 9 139 132 45 3 5 115 18 100 37 26 38 6
0 13467 19 69 4 25 50 35 64 13 59 139 279 11 451 132 70 11 75 12 44 15 39 220 13 11 85
0 13756 104 114 13 16 299 28 113 7 170 1 14 23 88
0 14116 185 32 17 1 165 58 231 55 67 1 17 83 31 18 49 27 201 12 59 16 511 4 155 87 71 52 95 81 15 7 20 11 29 59 42 138 150 21 266 103 124 69 12 7 26 14 31 12 48 115 52 76 156 38 10 15 87 43 40 80 302 146 110 29 87 38 162 1 176 11 287 186 64 29 138 18 24 109 80 48 133 81 394 10 100 111 152 3 74 5 125 23 31 32 18 4 10 4 167 33 74 5 35 14 385 6 38 56 138 105 17 101 146 44 153 19 44 132 4 20 80 74 73 53 25 9 160 1 69 2 126 11 38 17 7 62 13 96 9 14 159 1 94 121 4 21 67 83 5 81 12 38 69 254 120 110 50 43 174 114 176 8 30 55 86 12 5 6 94 1 400 23 4 119 42 6 38 45 149 54 109 38 214 177 91 63 104 97 129 45 64 21 75 88 14 20 190 50 312 3 60 59 69 114 60 107 21 15 37 58 79 5 323 58 141 49 73 48 117 42 125 1 15 42 162 10 142 2 46 141 219 23 81 34 138 34 20
0 14146 123 50 27 19 130 45 48
0 14168 109 31 190 10 212 14 137 16 30 5 56 67 159 69 5 95 124 36 225 8 80 1 89 230 8 288 243 149 72 29 102 8 127 67 176 15 63 23 62 55 126 56 75 52 34 64 113 6 121 42 136 3 58 112 20 27 5 114 58 38 95 104 381
0 14256 65 15 16 23 49 40 250 22 363 8 42 61 105 21 144 73 121 49 102 90 196 67 10 19 40 27 71 47 93 36 71 63 53 10 114 22 158 37 108 2 216 87 43 8 165 20 179 14 239 35 241 53 291 108 18 240 122 13 40 10 51 33 8 85 36 94 18 38 33 44 214 151 37 66 206 63 72 26 54
0 14278 48 269 172 37 7 14 157 17 173 13 44 4 221 109 505 43 106 36 356 77 30 2 56 45 192 86 76 155 138 44 12 35 209 177 94 119 177
0 14371 18 53 168 8 393 10 67 14 20 28 130
0 14590 32 21 8 11 96 2 374 19 23 40 28 85 15 133 22 20 51 1 80 56 173 2 60 59 265 23 41 62 226 43 19 65 139 30 12 55 113 79 27 3 124 5 46 18 273 18 69 1 51 10 46 91 81 15 20 168 14 250 16 69 63 39 2 164 91 13 1 65 468 47 4 37 5 11 16 40 5
0 14630 87 120 1 14 25 100 87 49 301 22 11 11 71 12 463 34 94 8 244 20 157 7 20 57 149 75 343
0 14903 203 19 32 67 139 33 311 188 68 48 16 53 59 12 48 56 7 56 4 111 7 27 149 44 150 58 31 60 66 83 94 42 38 86 21 7 435 5 81 8 10 15 1 50 41 30 13 37 54
0 15030 109 37 273 56 10 55 30 16 32 12 171 27 421 115 215 5 69 66 24 14 23
0 15275 77 157 14 42 85 19 156 67 252 9 87 87 61 67 71 72 28 13 23 30 117 13 16 6 127 5 18 30 109 101 28 29 77 30 59 11 22 90 191 79 77 2 182 54 91 80 48 78 196 80 193 28 107 36 21 44 128
0 15502 58 24 16 87 132 102 8 1 55 41 44 55 4 29 93
0 15646 110 5 29 124 19 111 290 119 69 51 102 163 33 28 414 76 85 52 82 50 51 65 74
0 15716 114 11 37 28 53 82 5 65 205 82 24 7 45 5 225 2 144 67 143 119 21 84 35 5 12 11 72 5 14 56 35 79 75 1 121 34 293 94 41 124 10 35 343 18 92 28 223
0 15777 115 141 76 62 386 32 84 14 121 48 53 4 86 54 292 8 45 70 83 62 168 1 38 63 207 71 329 26 108 86 42 23 35 64 172 24 18 11 5 64 39 50 350 89 36 136 137 10 46
0 15868 61 47 7 3 66 6 100 18 654 12 19 31 233 99 104 71 120 36 133 44 81 51 93 27 299 66 26 125 153 36 8 2 128 90 90 50 155 82 108 135 58 57 56 1 164 16 230 30 57 30 297 20 89 4 7 39 14 53 79 19 465 28 199 54 91 14 90 48 210 7 111 60 15 49 127 74 115 24 209 14 1 59 148 54 39 41 51 62 62 5 13 27 38 92 63 177 139 20 12 24 32 1 30 50 131 30 135 28 19
0 16739 1 8 74 133 142 170 61 32 63 106 254 114 23 49 223 16 135 60 33 40 37 30 167 3 30 8 118 113 302 25 303 76 128 74 39 127 34 67 148 39 59 109 113 22 13 14 83 33 13 18 14 18 10
0 16744 22 6 246 28 132 21 128 88 16 20 17 22 27 24 52 43 40 33 68 55 73 25 42 30 16 4 88 6 85 23 84 30 13 27 177 1 87 33 149 63 1 68 37 71 174 102 12 53 65 2 54 19 29 48 76 74 30 6 124 25 69 40 162 25 77 15 117 4 67 21 97
0 16755 32 49 230 90 159 26 71 6 143 44 122 82 65 64 93 13 19 16 206 33 299 34 36 62 108 29 114 22 44 18 15 109 11 75 180 43 11 39 66 64 73 74 73 46 200 15 48 47 232 83 61 77 17 70 80
0 16800 60 89 43 9 77 12 25 10 196 6 135 50 7 14 47 24 101 2 28 6 30 50 409 4 88 22 52 45 368 34 46 152 21 10 91 29 145 115 81 14 162 76 213 23 83 27 507 4 201 33 177 43 30 250 24 14 89 78 15 26 28 74 205 179 300 158 8 9 40 75 311 10 451 64 16 115 143 40 5 51 111 59 68 26 6 31 180 75 179 116 304 42 370 121 59 7 3 16 137 137 611 97 13 50 20 6 25 10 160 20 50 18 64 105 17 47 166 97 150 333 189 103 88 13 253 4 99 20 340 34 2 65 119 64 120 64 97 14 87 29 155 128 59 43 207 69 92 20 61 47 35 54 64
0 16870 39 16 18 18 37 13 396 22 138 34 214 93 27 33 74 181 75 49 150 38 120 100 184
0 16942 31 64 18 48 189 6 47 27 13 6 99 62 288 6 28 52 173 27 7 103 66 81 11 18 2 31 73 15 33 7 14 5 131 3 14 86 132 115 121 96 15 27 52 17 7 27 35 116 4 86 30 100 145 91 101 23 167 114 123 4 68 91 169 18 120 73 85 34 373
0 16962 6 33 3 34 58 54 8 62 74 3 16 3 149 5 13 27 15 39 153 166 36 26 82 19 104 61 16 35 81 20 4 126 17 211 41 43 352 34 113 116 283 29 44 21 90 10 209 121 314 12 33 5 219 48 86 125 16 46 72 58 49 26 104
0 17276 93 34 24 6 199 7 56 12 79 201 18 3 52 23 1 55 45 133 53 10 251 32 27 162 56 40 16 65 2 28 13 46 5 246 6 72 130 95 16 22 12 156 116 10 107 24 237 17 47 106 150 70 384 134 323 32 70 66 170 104 121 39 135 66 137 33 42 2 340 22 94 9 232 70 91 11 68 3 50 2 2 17 81 55 37 111 287 37 170 6 72 10 52 92 101 20 1 76 121 162 2 85 142 150 149 69 100 31 79 111 33 34 28 167 10 70 61 88 58 1 100 20 10 57 87 38 10 134 58 14 12 46 110 9 166 110 199 103 50 170 18 1 18 11 28 29 38 18 70 24 108 59 42 76 264 7 59 3 28 59 106 17 17 11 21 12 55 18 11 30 56 73 34 62 49 14 144 190 99 114 126
0 17400 16 45 28 44 13 33 27 56 122
0 17433 86 69 95 9 12 25 274 19 81
0 17583 26 14 49 51 18 1 108 41 217 110 16 52 72 70 93 12 131 16 102 42 25 178 154 23 36 118 13 22 26 27 39 3 141 30 20 45 62 30 74 100 118 29 21 266 57 32 76 13 98 17 86 237 177 90 41 4 1 16 60 4 63 16 65 12 145 125 69 19 30 35 254 19 127 47 30 13 19 37 182 31 47 73 14 69 40 79 24 50 246 13 114 3 118 7 101 28 67 59 33 65 322 13 115 7 352 11 238
0 17748 21 50 123 136 6 75 31 48 13
0 17875 54 89 18 17 9 234 185 109 123 9 64 41 68 20 16 1 51 25 74 5 58 7 105 25 21 60 72 17 34 35 62 50 43 79 24 54 123 35 303
0 18120 80
0 18144 267 30 85 30 26 8 208 51 73 48 300 41 85 39 106 13 234 237 29
0 18741 48 16 43 8 112 171 9 1 102 63 65 34 229 70 3 44 93 135 49 67 310 105 24 1 5 200 385 46 44 32 31 14 91 20 21 22 3 48 17 188 137 9 69
0 18842 249 15 34 196 212 6 25 11 28 71 4 137 9 61 187 33 79 4 15 46 87 31 162 98 17 12 66 140 71 55 101 53 211 29 370 39 56 5 13 3 153 91 24 289 299 5 77 11 71 23 73 21 50
0 19104 193 33 78 37 73 22 136 5 185 26 340 31 215 21 155 47 12 103 38 78 24 98 130 18 27 1 49 1 65 26 184 16 206 28 51 43 127 27 194 1 18 90 129 14 79 15 105 9 31 30 80 46 10 31 196 1 76 48 38 17 85 191 212 20 2 21 221 7 129 23 161 115 28 2 159 31 119 62 28 219 55 14 261 12 31 7 26 58 120 13 101 27 61 115 59 62 356 131 14 27 191 59 87 15 44 33 59 112 28
0 19255 208 28 21 50 40 23 85 18 65 75 310 60 125 120 27 98 365 40 38 46 76 3 6 13 25 85 99 19 42
0 19574 377 5 29 10 102
0 19587 132 56 468 16 8 39 99 44 81 44 20 35 46 97 100 45 112 84 73 47 97 95 23 51 8 26 110 32 299 2 161 39 174
0 19897 42 18 547 193 15 19 117 66 96 16 48 34 11 6 176 53 30 7 11 21 109 45 12 127 253 22 65 26 222 65 121 45 52 15 1 28 109 39 93 37 3 23 133 17 127 12 105 20 330 30 84 7 33 107 139 9 104 66 4 44 17 44 90 36 162 21 25 9 46 68 11
0 20108 24 157 94 48 46 25 14 190 3 34 171 13 174 2 128 6 115
0 20222 40 55 182 11 193 48 165 113 58
0 20337 27 40 243 12 147 62 2
0 20441 28 132 29 9 58 35 85 10 95 176 231 18 127 33 208 160 10 10 83 6 27 109 41 147 285 60 116 18 93 20 31 99 29 94 14 11 168 14 5 90 1 68 96 91 85 5 10 63 144 44 26 27 122 4 135 30 89 67 128 68 209 11 308 5 24 11 25 21 29 130 73 40 98 177 76 38 213 78 440 218 94 56 7 26 2 19 158 47 162 14 26 56 67 31 5 12 48 32 114 77 259 39 6 50 66 9 208 67 75 114 100 14 184 42 126 35 70 6 87 72 51 66 38 202 80 32 6 15 137 160 17 2 194 141 101 8 121 18 13 73 88
0 20497 59 27 238 16 28 81 22 62 87 69 121 11 55 16 115 16 84 98 83 33 148 54 249 11 52 13 4 35 440 158 141 32 209 37 50 43 132 16 28 4 22 5 45 21 43 12 141 19 16 236 312 60 277 46 67 3 119 70 19 81 31 12 93 101 20 22 75 99 42 51 139 77 81 7 140 89 150 60 129 176 44 36 430 11 9 101 57 33 35 127 39 22 85 55 72 3 115 6 104 41 116 156 27 36 8 80 7 4 105 50 67 12 203
0 20550 19 136 15 5 91 62 143 111 40 151 139 52 442 141 28 10 46 91 124 49 202 33 51 12 99 23 50 41 64 92 108 13 54 17 38 28 66
0 20623 32 14 96 48 93 1 85 163 16 46 161
0 21093 23 149 183 52 52 42 10 1 30 22 52 115 21 1 96
0 21199 52 129 30 63 48 157 3 167 34 1 259 72 24 32 34 45 65
0 21295 3 8 5 76 249 4 33 64 59 36 175 138 413 43 131 82 77
0 21316 60 62 25 48 35 26 37 58 189 3 67 101 125 33 79 34 5 59 29
0 21662 39 11 186 140 3 44 167 136 217 44 68 28 121 33 174 52 17 9 170 33 5 67 218 139 3 17 80 3 1 83 18 26 168 24 63 5 101 41 75 149 216 69 1
0 22433 351 147 77 7 14 80 33 13 50 1 6 21 132 33 3 4 206 65 5 72 48 28 156 6 85 38 218 22 2 5 108 24 56 20 57 29 81 14 82 26 59 135 51 107 13 8 63 50 49 3 304 2 187 56 76 44 112 153 24 87 311 63 68 82 136 22 129 3 150 18 377 89 36 5 6 46 185 59 85 1 9 57 13 202 42 126 136 1 11 101 152 93 56 66 2 5 76 63 572 128 36 142 358 50 112
0 22521 138 224 91 267 68 54 167 20 22 10 55 79 20 85 301 1 61 57 70 8 177 132 219 39 27 18 27 29 86 59 115 7 11 6 174 91 146 11 53 19 49 40 1 19 8 13 61 25 431 82 137 62 80 53 252 5 5 16 10 48 9 17 233 102 38 12 43 98 172 103 91 5 108 82 46 66 84 10 49 5 9 22 94 17 19 19 53 114 13 6 14 18 53
0 22584 4 43 12 92 333 133 213 16 108 148 13 49 6 13 25 137 390 150 30 2 33 56 385 75 243 175 23 100 28 11 196 33 10 34 251 55 295 253 95 225 188 62 30 3 261 27 10 11 187 115 382 24 44 1 361 71 45 15 379 7 163 10 71 70 58 16 163 6 62 4 10 6 62 118 129 9 254 65 67 5 147 6 251
0 23131 35 146 19 33 34 45 116 115 16 42 12
0 23139 5 84 28 12 110 9 109 11 7 165 9 37 2 42 211 48 7 27 33 14 20 117 77 125 216 11 17 16 31 95 18 49 38 41 93 27 281 31 101
0 23238 80 63 176 34 3 17 109 104 105 11 158 8 21 5 97 49 41 19 65 6 114 3 32 10 20
0 23253 315 1 58 10 107 84 58 32 49 3 31
0 23352 155 76 14 19 10 33 156 138 27
0 23406 399 2 116 143 217 91 211 32 101 53 19 4 195 37 63 26 96 19 144 24 5 98 195 73 24 17 105 22 7 7 35 78 87 45 44 50 58 31 14 30 60 24 43 47 32 46 19 20 73 76 4 11 57 7 180 1 139 2 11 44 33 16 79 76 311 13 72 2 163 34 42 58 46 2 74 92 89 54 188 43 12 9 96 7 12 30 182 56 143 28 21 12 18 4 16 24 59 123 43 29 66 85 120 90 4 7 24 321 197 79 160 14 81 41 78 1 36 88 6 122 168 196 93 63 1 41 79 61 141 9 90 95 32 4 7 8 24 3 604 33 86 47 89
0 23899 71 74 112 25 42 22 69 17 32 10 308 43 494 4 214 23 75 48 61 19 1 15 27 31 43 138 4 1 71 47 16 21 7
0 25049 89 9 13 10 99 1 181 172 6 83 15 16 15 30 129 10 42 20 70 10 7 31 21 16 163 13 199 67 192 19 13 12 160 160 49 25 1 18 284 4 30 69 91 171 19 18 149 51 27 41 25 69 26 36 230 16 173 50 3 26 41 242 48 22 167 32 18 10 5 4 132 8 12 17 69 37 298 63 325 16 158 22 286 2 70 34 45 56 27 68 127 22 2 40 222 5 117 23 7 22 231 162 14 20 44 19 273 155 124 11 246 62 140 126 86 12 67 47 45
0 25325 1 3 61 37 23 79 127 27 38 10 282 43 21 63 128 38 1 15 385 3 194 1 68 4 143 107 82 67 273 101 468 61 217 31 16 8 67 6 60 82 49 6 198 33 218 2 81 9 1 29 68 82 76 186 208 32 102 11 188 173 36 103 121 149 86 56 64 19 219 133 227 55 94
0 25592 29 45 10 34 28 96 172 20 21 5 109 2 19 82 57 83 67 24 82 2 205 5 8 38 43 81 251 109 20
0 25622 83 74 407 5 23 164 92 179 24 7 2 10 58 212 65 18 398 102 11 57 17 17 75 13 3 31 128 149 60 43 161 94 19 40 238 33 27 52 146 104 5 129 22 9 69 40 81 70 137 115 35 10 133 4 93 49 17 306 121 5 11 1 84 23 213 12 97 11 5 204 65 22 46 6 440 26 64 93 90 81 99 71 75 7 100 6 62 85 128
0 25626 155 24 152 2 69 128 39 18 20 25 71 108 124 5 82 44 102 45 3 3 54 100 61 16 154 97 30 56 105 37 113 8 42 41 100 74 69 64 69 76 17 90 33 85 121 37 203 38 100 34 49 62 162 10 69 14 8 77 154 41 163 114 253 114 84 70 68 14 219 20 109 46 95 55 223 61 108 39 466 40 72 78 120 31 194 102 198 4 15 47 227 58 94 57 6 139 152 7 41 297 99 5 96 13 11 130 106 65 258 9 10 50 40 4 118 13 254 4 15 11 34 3 97 62 10 14 83 27 448 28 43 26 58 44 192 37 129 71 7 14 73 14 110 21 218 149 195 14 138 20 422 120 11
0 25928 42 14 201 85 282 20 147 21 51 26 149 49 93 113 388 39 52 3 54 141 47
0 26044 64 29 134 25 172 90 194 19 158 60 89 28 4 70 146 51 47 51 199 32 27 71 47 142 46 9 243 30 62 24 363 2 202 16 55 18 133 34 11 6 48 78 427 10 82 11 9 10 114 88 65 211 94 62 69 44 262 18 112 51 408 3 176 49 369 49 20 48 120 12 94 43 32 21 102 102 43 22 2 57 178 22 92 3 13 9 134 76 18 168 140 42 90
0 26143 114 5 6 15 5 184 29 31 66 102 157 27 20 60 7 70 53 6 6 116 3 47 74 28 253 17 30
0 26161 8 21 108 6 234 15 308 11 176 9 67 43 117 51 47 16 35 4 101 42 21 27 22
0 26354 242 70 137 66 18 46 116 39 78 2 316 77 168 7 100 29 61
0 26369 255 113 90 51 48 29 8 45 1 99 84 128 66 29 11 28 53 61 1 61 32 31 169 29 37 8 257 13 9 30 397 32 35 151 18 19 42 20 148 58 317 22 126 58 6 54 65 114 17 23 11 20 241 51 84 141 3 62 141 48 95 26 115 18 17 42 76 6 47 99 20 40 32 14 86 7 185 25 39 30 52 70 43 34 138 20 35 35 69 40 77 7 7 128 76 35 170
0 27225 42 40 41 10 60 56 53 9 3
0 27395 73 38 28 35 44 4 52 14 135 26 87 141 17 60 113 41 73 97 16 21 81 49 542 57 5 30 32 40 109 6 317 3 99 105 75 27 30 30 114 59 1 7 289 27 24 17 739 58 258 51 51 70 227 320 62 7 102 153 132 84 188 139 32 2 59 85 58 133 49 11 113 95 43 31 194 145 2 23 49 58 64 46 39
0 27594 41 1 23
0 27690 116 50 94 5 105 118 124 95 14 64 23 5 20 21 27 110 23 31 150 65 103 14 122 12 66 6 40 108 3 91 46 52 43 93 198 46 34 63 19 35 130 52 64 22 30 3 123 15 148 38 14 42 379 3 98 3 202 80 34 11 70 106 64 34 63 1 100 49 23 36 172 23 79 107 107 7 18 12 298 52 156 23 181 66 22 54 88 46 131 38 92 12 67 72 54 146 56 2 54 24 8 92 52
0 27804 47 48 26 30 114 5 81 58 4 77 42 5 85 27 13 54 51 163 90 98 58 69 108 62 3 80 35 17 80 11 308 1 61 34 14 19 80
0 27849 13 129 24 38 22 60 182 117 270 32 33 28 37 44 10 159 69 21 34
0 27882 139 230 98 49 155 114 21 15 295 7 64 17 67 10 73 54 255 4 130 7 33 33 1 46 4 2 18 45 611 29 47 81 9 27 42
0 27987 45 9 249 6 471 14 50 11 37 133 62 1 131 40 237 54 87 161 7 33 42 4 89 14 22 54 57 13 48 10 2 49 275 136 30 52 17 5 69 73 159 20 174
0 28569 65 11 137 131 108 21 55 33 155 14 49 38 62 111 99 105 9 132 131 10 67 92 24 54 53 35 106 44 2 137 34 115 349 26 33 79 154 22 40 11 109 9 283 14 152 63 84 224 106 121 192 15 19 40 29 65 12 28 139 103 9 93 159 8 37 8 15 8 24 49 12
0 28719 115 136 14 9 141 22 16 15 67 54 56 9 49 3 37 37 286 23 204 69 107 23 150 17 1 6 111 7 119 82 13 61 2 37 35 42 544 97 103 22 82 89 115
0 28868 14 132 76 11 64 68 184 204 8 36 18 48 319 8 45
0 28974 48 67 120 91 148 57 91 14 50 4 12 74 107 65 24 63 133 174 131 8 199 56 96 30 416 119 6 58 191 4 62 44 63 31 20 5 50 12 23 1 292 4 21 32 163 78 37 53 183 17 228 17 34 2 60 1 65 49 49 4 73 39 69 5 14 69 152 109 206 45 72 13 146 44 12 57 175 102 28 26 223 26 34 52 65 38 117 13 141 15 79 30 29 19 141 33 205 8 169 116 20 222 10 274 128 72 243 22 40 31 91 25 233 118 75 1 36 7 31 45 26 43 48 77 208 41 31 39 64 44 1 52 14
0 29054 39 96 34 6 32 68 7 44 84 20 52 22 102 15 307 39 5 20 45 2 245 33 120 20 90
0 29163 15 47 30 3 22 185 50 9 98 166 69 33 106 14 44 11 172 5 294 20 23 41 16 102 70 6 21 15 148 131 371 4 316 44 262 11 261 98 3 83 1 104 59 14 51 5 80 7 229 3 167 6 72
0 29224 80 37 173 13 334
0 29327 20 51 40 18 108 119 124 30 52 29 241 74 72 23 106 42 97 87 23 68 13 10 113 38 27 200 93 81 26 9 8 97 67
0 29473 27 73 47 18 87 113 86 84 52 51 50 100 52 36 414 2 23 11 38 42 50 16 11 27 35 63 45 183 45 24 58 26 138 12 27 27 57 48 249 163 54 128 84 64 57 64 10 58 18
0 29509 102 9 79 53 43 49 376 9 97 47 79 95 36 25 105 17 36 80 115 28 94 37 8 21 2 58 239 16 250 119 34 75 15 16 164 113 48 188 6 19 312 7 6 28 20 38 237 28 79 44 129 54 64 103 5 7 163 56 116 32 152 46 166 57 72 18 75 41 15 28 5 7 23 19 170 19 73 11 65 82 14 42 105 20 57 77 348 16 126 187 119 88 99 54 34 10 11 13 36 4 31 13 109
0 29770 101 18 35
0 29797 56 17 137 26 107 8 78
0 29861 39 49 8 153 41 25 85 38 14 4 19 33 313 1 43 2 91 85 9 32 5 127 42 34 10 21 187 34 299 11 182 27 63 35 48 27 126 7 156 2 41 49 23 6 105 2 29
0 29927 18 91 312 52 31 19 56 65 284 20 384 162 90 56 212 21 76 42 152 45 133 1 356 5 48 35 316 22 75 134 390 29 94 13 86 21 21 14 101 10 126 50 141 28 76 37 150 133 74 10 97 97 10 47 57 131 12 66 4 17 89 14 59
0 30081 235 162 89 9 231
0 30145 31
0 30201 51 16 455 57 241 32 42 52 42 14 50 106 137 52 113 8 17 67 40 72 64 70 39 41 37 145 13 1 112 11 15 13 225 86 5 5 6 31 404 19 118 126 84 114 7 5 12 74 170 84 80 61 246 128 50 79 55 69 34 5 15 140 17 63 17 23 50 9 1 84 2 54 75 28 280 10 86 11 248 17 37 2 54 32 17 24 59 40 90 53 30 13 47 77 257 23 32 212 18 36 31 27 350 20 180 40 55 63 372 6 72 14 368 22 221 13 1 42 54 97 34 14 54 89 15 12 28 7 386 55 168 36 58 22 160 150 93 109 132 22 520 17 55 4 473 3 337 101 25 29 34 89 604 38 7 94 298
0 30216 107 80 60 18 101 61 155 138 122 67 50 24 64 60 112 11 1 2 85 27 12 46 262 75 230 84 8 188 8 4 28
0 30417 38 141 64 8 84 6 101
0 30448 12 111 293 3 15 37 12
0 30591 170 67 43 58 37 13 17 29 34 81 92 427 54 6 153
0 30790 1
0 30834 72 10 42 15 31 30 115 8 94 71 62 32 226 11 125 5 17 28 160 78 83 56 735 1 63 27 339 79 417 4 250 22 47 45 120 30 128 98 2 64 180 13 100 49 1 21 170 35 251 35 19 89 18 72 119 4 66 40 24 87 135 32 22 45 35 32 131 14 108 3 66 48 91 49 85 43 261 35 160 67 26 4 181 146 171 162 3 14 183 6 144 44 84 19 203 24 247
0 30841 303 107 169
0 31044 60 161 219 150 263 77 17 93 99
0 31097 94 38 83 30 294 106 16 26 20 67 83 119 105 2 176 78 101 4 19 26 192 36 96 12 181 2 92 24 9 95 5 229 3 47 15 112 32 108 27 11 40 8 33 17 77 24 191 16 47 38 143 11 69 3 250 46 46 37 61 80 18 11 333 43 6 3 94 39 72 22 120 57 78 32 312 32 25 67 39
0 31363 11 53 15 10 49 3 43 41 161 2 124 73 25 38 60 21 17 53 108 265 62 7 11 48 81 14 20 3 26 26 19 254 63 16 23 85 6 12 182 28 47 27 136 16 137 6 71 67 39 17 179 8 235 8 5 23 14 93 44 154 218 19 52 14 84 52 61 26 13 144 169 17 15 61 62 73 461 3 19 140 23 55 46 71 168 26 32 37 106 59 49 209 65 46 3 41 41 124 12 145 186
0 31622 49 133 150 13 34 2 167 57 53 2 40 180 95 3 211 78 3 39 44 53 32 41 160 52 18 58 4 93 115 43 50 119 127 20 41 20 36 34 304 42 71 12 52 59 29 63 47 10 62 37 130 11 9 82 22 11 21 65 140 23 64 95 14 44 13 48 21 21 70 33 129 31 251 9 37 4 2 109 29 11 144 19 286 71 29 44 240 15 141 13 193 9 69 78 1
0 31767 22 83 127
0 32012 127 6 34 29 87 45 55 51 66 41 21 43 75 1 135 66 29 74 31 23 104 49 23 66 9 47 1 1 16 62 40 26 177 50 13 3 335 21 106 17 218 7 77 253 176 1 83 59 28 138 216 56 112 18 68 6 40 30 123 22 98 27 69 1 60 3 331 8 166
0 32091 216 55 13 48 144 59 1 105 144 35 37 23 31 64 56 7 78 94 71 93 346 33 20 10 16 127 5 75 118 51 157 144 3 8 151 151 23 23 45 23 124 17 23 3 42 1 168 27 37 12 146 45 30 16 24 156 31 14 2 46 139 1 39 26 154 82 19 72 120 57 173 94 82 79 48 9 203 69 165 13 205 5 107 70 185 60 55 24 28 234 35 30 130 56 186 21 1 37 32 10 176 32 1 10 112 84 234 18 89 72 103 2 178 12 151 51 49 51 83 23 2 43 123 35 461 88 55 43 169 5 36 54 167 13 17 22 9 32 37 16 25 42 360 33 2 26 205 5 86 29 91 3 83 51 42 30 131 88 1 13 43 1 38 82 16
0 32104 192
0 32169 363
0 32602 82 59 452 107 6 1 241
0 32693 33 67 11 74 79 10 5 208 275 252 146 30 2 14 75 60 61 20 138 79 156 17 13 34 321 65 14 62 6 23 220
0 32701 12 34 64 12 110 18 116 39 162 39 84 97 185 1 32 16 55 57 70 3 40 15 25 38 149 45 419 24 7 32 105 8 151 168 41 19 19 63 141 7 73 120 336 24 29 26 86 43 226 47 41 41 78 16 116 17 84 22 117 90 10 28 1 130 3 3 72 50 86 13 6 5 6 55 69 74 77 157 27 34 3 21 51 6 6 104 15 3 88 10 24 124 30 1 154 42 146
0 32780 171 4 87 21 56 59 15 15 128 11 33 78 56 12 64 24 3 7 55 49 96 17 4 9 31 74 262 19 187 93 10 49 108 4 112 22 43 46 65 93 68 20 59 7 85 91 68 6 19 43 148 59 9 15 12 16 43 2 29 31 35 33 89 9 85 19 18 14 24 57 14 111 29 9 64 10 101
0 32792 45 203 119 44 57 26 124 85 69 29 138 22 240 41 7 28 212 25 45 18 8 66 93 48 165 55 121
0 32998 189 133 109 1 285 11 133 52 13 8 31 31 159 15 28 62 1 6 72 11 52 9 5 70 46 8 71 82 128 77 216 87 22 35 30 14 22 35 12 22 77 12 176 2 18 8 9 4 92 36 381 1 87 157 55 7 3 63 129 9 170 11 6 104 211 13 75 14 58 15 70 40 237 2 8 16 55 1 387 28 592 5 188 141 16 38 10 17 364 11 526 61 10 10 22 43 13 16 9 123 11 9 225 7 6 37 183 34 94 61 3 53 276 16 387 72 38 34 23 15 3 141 102 49 1 10 165 61 7 21 9 4 114 145 243
0 33020 12 56 129 4 70 45 128 89 15 16 11
0 33022 75 80 330 12 83 30 21 73 1 20 12 11 3 51 60 56 77 25 128
0 33102 39 199 166 86 54 52 98 5 46 52 114 72 72 12 84 37 39 33 208 58 26 20 88 85 40 20 30 5 206 5 142 5 188 181 307 34 53 255 6 154 674 54 115 9 26 75 181 45 70 21 29 167 75 13 43 6 53 200 30
0 33115 137 133 6 12 18 18 314 38 77 107 76 107 32 11 45 43 51 4 559 8 40 11 171 54 132 76 174 82 39 106 84 3 34
0 33183 4 20 77 38 41 41 110 72 5 217 4 35 196 1 201 2 34 3 65 232 70 32 34 3 52 3 34 6 210 26 100 25 47 24 46 151 230 96 43 21 103
0 33317 81 10 50 221 48 9 16 51 18 87 23
0 33319 103 47 11 32 67 10 11 63 68 2 30 11 182
0 33515 47 6 111 124 273 73 10 6 83 51 111 23 47 131 83 217 63 21 36 11 6 42 118 9 33 4 167 41 69 49 216 13 49 52 44 12 42 43 101 114 138 3 112 16 103 44 12 36 26 71 122 64 104 88 144 2 127 44 31 99 112 7 1 89 60 119 47 25 202 11 249 21 128 10 2 84 275 11 66 68 402 132 38 24 25 32 3 85 3 131 43
0 33660 47 53 60 53 324 18 7 20 196 113 29 9 68 33 82 18 25 176 90 26 28 28 303 93 262 15 157 29 37 13 146 6 110 93 36 81 64 59 104 108 282 36 17 6 127
0 33798 26 91 22 3 51
0 33847 10 180 183 94 134 35 49 8 30 91 164 40 128 21 17
0 34074 208 29 212 18 144 41 91 19 56 99 12 38 137 74 67 21 199 17 129 57 84 54 127 142 119 55 34 7 76 34 170 169 247 98 119 168 66 63 82 17 101 127 31 38 193 10 101 24 40 17 36 79 37 6 40 28 38 184 1 18 359 53 126 34 30 24 259 2 659 8 20 42 168 103 33 33 207 1 24 49 121 31 168 49 105 3 194 85 189 25 18 93 23 68 21
0 34146 16 65 166 186 94 66 13 42 64 41 195 201 149 67 293 4 13 110 68 122 42 52 187 1 131 8 321 56 23 13 124 89 230 50 6 65 47 9 74 79 33 21 87
0 34150 17 65 128 28 39 11 19 61 116 12 47 47 164 29 343 38 16 33 43 88 342 19 25 17 228 161 92 97 198 48 7 59 68 6 243 106 15 119 198 25 12 6 200 7 55 112 24 13 228 18 19 58 77 32 47 168 267 28 62 9 247 98 312 54 140 43 161 3 222 28 129 5 195 10 93 1 128 17 147 1 86 45 118 7 77 43 70 28 18 10 101 12 79 14 20 45 6 55 117 47 27 41 208 219 112 35 234 90 38 47 23 16 19 18 29 21 138 98 13 61 310 31 170 3 6 8 97 253 2 3 68 32 113 82 24 17 34 1 85 47 30 224 61 64 94 26 30 107 318 5 258 188 3 36 6 91 27 135 47 41 56 82 64 21 118 20 4 58 207 1 59 39 299 91 33 26 1 118 81 80 100 6 5 77 62
0 34531 44 100 290 79 122 8 235 11 59 182 10 144 54 78 7 9 12 14 50 158 183 13 405 281 329 92 101 42 75 5 8 112 93 30 74 84 63 11 4 67 65 1 45 141 33 34 11 13 43 74 61 13 82 43 43 18 123 29 44 15 31 4 499
0 34750 22 28 71
0 34784 98 14 193 116 37 89 8 74 123 15 47 51 49 29 123 132 275 9 108 35 22 49 119 59 19 159 45 16 55 132 58 4 9 38 22
0 35608 188 13 23 69 82 12 22 22 11 3 233 78 78 97 402 117 11 30 66 92 190 54 31
0 35632 67 80 46 10 5 2 83 38 114 96 22 113 151
0 35917 62 10 57 13 48 6 106 96 90 41 78 15 3
0 36466 68 45 24 57 144 50 201 7 102 93 4 14 27 37 33 15 51 35 250 37 26 21 82
0 36483 29 17 12 22 70 33 43 25 91 52 115 106 154 15 9 2 89
0 36601 90 31 105 13 88 7 6 16 12 137 104 2 122 27 6 27 150 161 89 69 527 15 85 6 297 54 60 66 117 260 108 3 15 4 51 18 34 44 37 8 55 125 10 12 32 125 158 67 10 102 19 28 43 27 18 32 45 22 3 38 176 50 16 111 119 76 106 218 19 13 64 33 8 86 38 5 145 46 50 75 21 122 38 16 60 5 132 51 56 19 229 9 57 36 297 156 21 12 57 42 63 21 254 18 155 91 6 11 89 1 65 11 6 54 93 81 129 159 211 14 54 70 85 18 220 33 146 8 241
0 36636 95 124 56 18 30 60 258 10 94 101 58 30 63 67 58 21 53 43 24 72 40
0 36722 87 58 315 102 1 77 22 9 120 134 7 51 56 213 36 7 173 79 3 12 118 186 76 42 253 86 36 45 119 14 252 48 29 26 262 21 118 25 20 24 227 51 133 28 84 44 87 12 139 25 88 7 18 21 63 57 73 104 20 70 389 68 72 15 110 32 7 2 96 41 314 35 49 37 151 35 174 24 54 31 272 30 26 15 10 149 1 30 591
0 37039 155 163 66 167 74 122 92 19 279 61 26 105 11 100 110 4 6 104 275 14 177 29 206 6 256 286 225 3 68 5 211 4 8 24 84
0 37138 79 17 19 39 107 7 17 22 298 21 148 10 224 25 292 16 67 4 56 200 552 164 10 34 175 6 28 20 221 34 132 6 41 4 322 58 195
0 37326 172 13 6 80 72 75 230 2 40 109 193 12 37 16 1 68 102 9 148 142 229 202 31 25 66 14 12 11 124 34 182
0 37429 73 226 90 18 86 30 1 206 83 60 45 40 188 38 53 19 251
0 37433 52
0 37714 55 16 97 1 34 90 268 49 107 5 63 41 12 30 23 91 6 73 61 5 5 8 95 35 33 126 589 64 42 32 41 70 23 29 149 92 68 74 50 12 62 40 35 17 8 5 49 2 228 6 95 13 17 41 85 32 75 9 130 6 94 96 43 148 14 16 93 27 8 49 156 87 172 101 203 148 63 9 193 40 2 107 82 144 21 83 44 99 147 21 85 22 71 64 180 2 43 36 104 113 139 1 250 36 75 6 387 120 31 32 169 25 1 24 214 138 30 13 561 44 169 5 4 51 7 15 34 46 162 131 31 43 48 31 164 15 48 60 227 68 60 73 98 129 25 15 13 6 58 27 275 97 92 15 190 26 36 27 18 106 71 184 18 117 221 239 45 38 142 144 18 5 33
0 37925 27 63 1 85 36 19 80 17 34 27 7 24 156 3 7 35 113
0 38158 12 91 63 3 32
0 38255 185 48 157 64 38 226 91 25 63 141 22 77 207 19 25 23 77 16 53 7 34 60 63 40 52 119 44 191 95 7 16 101 11 64 27 16 38 105 36 21 132 30 72 6 59 17 34 6 16 28 41 55 210 49 168 18 27 49 30 58 83 80 27 7 58 5 388 105 318 28 95 46 26 9 55 16 15 24 34 70 130 7 40 80 29 122 3 27 160 5 28 8 42 7 1 114 11 15 95 17 101 4 9 201 5 87 25 30 239 354 25 11 104 29 39 31 62 44 4 14 113 50 23 25 157 63 141
0 38421 148 100 52 8 170 4 28
0 38547 30 120 36 19 108 30 22 135 22 37 74 80 78 3 142 1 137 28 41 11 24 7 8 31 378 11 91 78 61 33 38 26 15 3 20 155 39 32 33 45 124 12 400 1 54
0 38725 127 3 186 19 70 74 280 117 358 20 78 59 185
0 38988 578 8 10 52 146 5 208 3 36 131 161 61 140 14 43 19 101 27 199 78 96 41 264 144 254 43 30 46 8 41 41 18 276 31 130 34 214 47 8 5 40 32 3 171 17 53 131 89 22 54 183 8 95 10 727 53 199 11 27 13 6 27 235 190 95 19 217 10 58 71 4 270 74 25 42
0 39029 56 87 178 58 247 4 270 12 15 4 175 32 130 11 133 44 32 22 55 38 69 99 11 12 147 103 64 75 55 3 183 23 153 7 1 44 151 123 8 18 109 13 172 75 84 7 294 25 5 60 35 19 70 85 223 84 350 34 55 52 7 3 195 2 39 3 382 14 57 1 27 20 546 169 19 51 52 184 47 32 111 31 34 2 103 31 191 2 479 57 24 34 343 26 343 108 91 77 159 110 54 45 8 12 36 160 55 38 31 75 133 70 35 3 30 111 54 146 177 12 37 31 11 117 96 126 9 6 321 31 132 92 82 4 107 31 155 183 27
0 39281 317 65 5 65 105 54 281 4 13 16 11 222 108 200 46 14 35 27 323 48 76 20 318 16 158 7 86 8 11 65 174 112 485 198 27 8 21 9 33 37 210 35 187
0 39481 42 8 369 15 11 42 295 31 92 26 336 8 103 51 11 11 6 87 38 15 44 65 4 45 87 23 50 100 42 12 4 103 63 33 40 6 8 2 12 40 115 44 187 70 93 12 53 43 28 22 238 8 50 8 55 22 1 49 57 26 188 5 224 18 237
0 39709 54 10 121 86 16 36 49 92 20 2 65 116 5 19 69 84 57 5 27 16 30 14 32 4 117 29 33 24 227 13 30 72 8 40 168 33 513 108 109 99 94 18 96 124 3 43 253 1 218 107 14 12 58 25 62 20 20 8 69 66 1 113 237 75 60 15 27 31 253 68 274 16 293 210 55 132 4 17 52 9 16 119 125 34 95 97 89 89 35 11 91 50 71 47 94 95 310 7 81 60 117 61 48 50 13 11 21 29 56 25 99 44 159 34 47 12 102 28 239 18 42 95 10 58 22 55 81 12 133 114 56 36 19 84 4 53 92 90 182 6 37 62 25 45 157 103 241 57 30 57 49 3 119 29 262 12 39 64 13 7 113 46 11 56 135 48 38 32 31 30 40 7 149 14 2 2 3 15 133
0 39729 109 77 202 13 99 30 23 28 134 69 26 52 16
0 39942 234 25 114 5 48 3 26 124 45 68 102 5 23 1 39 2 9
0 39946 19 127 8 58 114 30 27 9 141 176 26 5 118 13 120 53 16 154 39 51 280 66 86 14 34 179 20 107 66 56 383 76 34 135 16 94 13 3 120 62 42 12 59 44 88 27 20 1 184 15 11 19 211 56 168 39 171 16 27 21 61 131 8 19 14 51 2 4 29 10 45 5 227 4 102 6 164 81 80 19 26
0 39947 5 1 31 41 19 6 259 4 65 7 45 33 92 236 11 1 61 4 246 6 23 73 134 42 30 20 264 109 71 54 91 26 33 107 48 40 14 37 86 15 56 110 29 5 108 64 161 5 32 5 86 68 47
0 40004 125 96 28 30 19 4 74 1 87 279 12
0 40005 99 39 128 35 39 40 20 27 16 1 64 61 67 102 2 27 122 95 81 33 41 58 35
0 40019 28 81 21
0 40166 258 61 11 136 13 31 31 76 143 393 26 3 43 104 79 77 25 22 147 1 201 36 31 84 5 111 164 33 98 123 83 186 79 19 69 23 52 55 71 87 125 5 106 23 83 31 40 234 15 91 75 34 83 19 22 11 91 1 39 52 427 29 72 1 125 1 168 10 252 92 236 30 10 32 12 117 173 67 60 69 149 26 63 7 39 9 122 19 5 16 84 45 78 42 103 76 140 20 210
0 40478 42 45 14 83 133 92 60 22 22 66 217 37 36 1 73 155 20 65 72 90 146 39 106 48 140 46 91 72 18
0 40507 114 124 279 37 58 43 63 10 5 48 335 46 127 14 27 96 48 74 11 141 17 178 147 83 5 60 9
0 40745 29 15 6 42 134 67 15 12 68 5 68 120 46 136 58 37 40 58 15 98 19 29 321 44 246 2 25 10 39 36 235 23 104 187 6 30 92
0 40801 30 59 111 14 138 206 104 44 296 17 94 45 70 23 13 59 356 70 44 129 27 155 204 25 11 48 99 38 7 30 194 26 22 14 88 123 8 147 190 23 29 135 44 19 434 11 109 89 98 40 21 95 172
0 41091 268 69 120 72 81 18 14 6 28 96 56 35 52 16 144 78 420 32 226 1 22 42 131 17 141 52 33 132 2 67 54 15 31 22 9 66 54 83 43 83 173 18 70 32 141 4 32 12 92 15 83 22 16 18 241 60 175 50 17 49 3 2 6 43 69 64 20 14 58 130 323 34 30
0 41197 31 19 21 12 87 37 2
0 41638 53 38 49 11 326 39 9 135 163 18 61 130 3 8 60 7 1 63 62
0 42245 229 30 1 4 28 190 114 68 18 172 99 21 105 53 277 33 170 37 48 44 31 32 15 54 42 36 43 107 47 61 3 12 10 61 377 19 326
0 42291 134 70 76 6 27 4 58 45 16 97 59 78 13 36 116 9 1 54 65 23 130 91 252 7 93 123 113 68 46 46 229 6 56 19 14 135 84 31 36 4 75 44 108 3 18 49 55 56 14 41 80 43 233 52 371 20 32 63 123 34 196 48 21 17 62 113 27 45 45 15 73 50 81 22 39 4 28 27 182 195 51
0 42574 20 38 4 94 24 131 58 12 104 149 87 181 95 67 61 8 341 110 45
0 42608 44 9 121 190 87 37 57 8 111 110 73 10 138
0 42677 56 23 56 4 116 263 48 5 61 9 49 58 465 43 21 56 269 18 299 14 102 23 19
0 42734 103 21 6 51 36 51 29 94 14 28 43 17 50 50 17 64 98 25 19 39 17 94 9 2 46 20 158 22 27 17 1 31 72 3 225 17 37 30 37 1 74 90 11 45 113 22 19 6 43 39 101 48 14 57 34 79 120 25 22
0 43267 132 128 16 96 91 17 27 18 6 159 184 67 34 47 272 115 229 18 91 19 95 17 128 26 305 155 396 28 333 1 51 38 226 37 126 70 99 21 10 38 139 194 79 22 46 67 85 12 16 165 28 2 119 14 88 13 221 168 41 68 247 44 78 14 66 7 111 12 11 25 16 35 67 35 191 1 101 48 176 68 228 6 15 54 403 29 1
0 43590 1 26 26 89 34 40 34 42 22 16 139 68 85 343 160 65 27 28 47
0 43697 61 56 85 80 118 6 222 133 5 19 509 31 102 30 242 4 71 31 227 44 62 23 130 60 36 4 82 1 81 22 196 1 25 51 15 318 16 54 47 18 61 34 117 38 114 67 13 16 82 6 59 119 282 41 114 18 153 24 8 34 14 35 87 26 129 17 30 55 35 61 71 25 35 46 176 43 278 19 84 40 41 28 23 16 94 95 189 1 87 64 347 10 155 70 175 22 84 10 149 2 72 69 41 14 204 4 239 80 53 42 18 16 123 96 29 11 16 19 86 8 129 81 53 53 51 24 18 76 102 97 40 9 1 57 256
0 44057 53 41 6 69 110 37 364 68 205 2 133 116 73 1 64 170 14 9 9 66 17 37 5 66 26
0 44291 41 16 133 10 283 123 28 1 84 25 10 9 255 166 269 3 6 51 6 30 156
0 44658 396 25 185 172 36 26 17 3 45 6 323 10 114 179 83 19 71
0 44683 78 21 106
0 44694 343 154 209 44 59 61 47 154 19 2 203 63 23 4 38 13 41 5 196 30 68 26 19 10 19 51 47 30 33 142 281 21 342 75 7 109 43 76 5 198 6 83 35 26 156 21 40 36 142 20 584 48 4 10 181 102 37 21 5 9 80 26 14 67 45 25 82 26 62 29 35 14 12 1 404 46 96 50 8 44 7 77 196 161 371 10 91 61 557 78 81 120 38 33 123
0 44887 66 27 105 38 66 118 221 51 9 6 95 11 1 20 26 8 625 7 81 218 321 21 37 35 417 67 37 20 214 52 164 44 322 61 60 7 50 134 94 66 137 74 63 45 36 48 156 52 15 64 9 58 85 281 213 91 3 15 215 14 46 2 11 21 84 13 49 11 181 37 61 44 70 3 22 28 53 18 196 39 27 1 296 91 141 133 102 61 25 5 5 6 111 96 11 34 142 22 68 181 69 126 640 119 34
0 44953 233 157 280 10 235 60 53
0 45253 47 50 88 42 45 32 22 12 133 133 67 255 178 10 29 221 8 89 112 71 54 58 161 21 11 148 178 3 7 2 3 37 5 47 66 2 41 98 16 263 24 10 12 2 38
0 45457 61 45 225 25 64 78 176 61 117 51 47 56 137 1 169 79 209 4 89 6 69 127 40 69 62 8 8 245 232 46 55 10 195 115 73 26 299 21 151 86 86 23 5 263 185 47 117 139 76 44 258 64 383 98 12 77 93 172 51 57 21 81 48 37 150 37 230 27 15 57 25 1 44 56 271 31 6 84 17 24 8 159 29 87 33 10 59 8 27 68 23 71 28 117 11 37 504 49 43 174 144 7 120 2 76 25 134
0 45459 26 1 62 85 70 27 16 21 123 49 21 1 88 3 107 85 16 5 220
0 45523 159 3 46 80 43 34 62 100 143 52 90 7 48 98 132 20 104 102 177 1 41 25 111 30 70 66 5 50 103 69 129 20 97 120 74 8 169 14 22 23 563 24 65 55 343 46 119 36 352 8 10 20 31 16 99 2 185 39 92 13 145 22 10 32 109 15 40 42 68 67 112 50 72 112 269 30 87 25 268 43 213 73 23 182 190 36 120 4 6 24 14
0 45567 4 27 2 40 77 11 54 136 335 6 130 2 44 121 25 107 31 69 5 15 34 23 202 29 44 9 138 4 13 151 1 8 60 41 161 12 100 72 16 43 44 50 18 75 11 20 252 26 42 34 57 39 12 37 46 40 28 183 66
0 45612 373 7 32 201 50 80 115 53 30 75 112 6 26
0 45766 40 52 233 85 302 68 48 7 9 15 39 34 133 28 186
0 45798 233 59 31 34 94 118 19 5 222 43 74 53 196 45 65 2 106 32 57 163 180 4 10 11 204 27 15 52 148 82 1 74 104 20 88 14 177 263 38 10 111 1 217 37 213 8 128 9 82 44 465 22 74 99 3 41 164 60 6 27 46 12 31 8 3 111 343 7 278 10 134 34 44 157 123 16 118 7 32 1 32 138 100 4 313 15 35 57 26 29 174 81 214 35 86 69 119 10 6 9 111 22 197 85 130 4 7 76 102 28 86 2 491 8 22 3 253 243 48 131 225 9 82 65 208 60 43 53 40 75 29 5 62 187 263 17 9 44 42 88 18 13 385 41 440 18 126 53 32 37 93 16 39 211 160 31 77 45 79 7 7 11 229 31 75 8 37 64 368 8 132 74 25 83 45 10 112 55 21 8 112 50 2 17 13 11 77 179 134 16 234 22 19 13 107 72 24 80 3 14 25 6 215 50 248 65 313 1 246 70 85 46 80
0 45932 44 46 3 43 106 18 147 30 89 1 104 7 234 43 44 44 16 7 214 107 43
0 45942 68 35 89 38 9 141 38 6 91 12 124 74 8 7 74 8 21 28 19 1 133 126 29 28 349 1 3 61 58
0 45960 8 38 29 26 266 56 36 84 26 20 100 5 8 28 56 175 87
0 46012 333 81 234 129 68 98 406
0 46578 73 22 1 268 5
0 46621 252 49 164
0 46633 61 156 62 32 68 14 57 35 361 32 42 5 210 26 40 43 8 72 176 79 24 10 41 21 48 24 34 129 2 32 36 15 317 77 172 18 42 76 59 37 86 8 56 36 2
0 46684 40
0 46811 243 17 4 14 81 44 265 11 103 133 66 30 119 88 64 43 97 48 132 30 14 39 1 31 63 70 173 23 54 2 84 102 22 64 36 67 399 36 101
0 47406 2 123 170 1 12 58 35 17 19 125 104 51 284 31 20 135 26 110 20 70 58 28 87 8 109 20 36 65 94 20 76 42 212 29 125 6 276 139 317 70 146 89 204 2 2 11 113 63 425 8 76 141 22 34 105 32 202 50 96 59 146 100 273 53 16 28 43 17 99 6 213 60 281 128 574 117 26 15 61 7 98 32 87 65 46 127 177 157 86 22 51 102 19 31 84 11 271 72 34 25 24 73 4 3 151 13 216 16 136 26 206 14 64 50 53 50 38 21 133 45 2 227 91 97 54 16 70 71 105 22 245 8 232 48 131 58 8 52 21 64 25 29 13 25 4 22 20 133 146 124 14 128 15 18 187 47 342 17 11 57 7 101 31 55 157 8 83 34 115 45 57 94 175 40 59
0 47577 135 36 192
0 47739 60 58 94 33 17 32 153 25 211 38 94
0 48246 51 90 65 41 71 9 125 22 181 38 15 54 156 40 214 8 5 19 266 53 104 4 115 97 62 13 127 47 147 150 55 42 14 3 109 43 72 46 4 30 51 48 131 91 114 74 135 73 31 4 28 12 136 51 101 90 146 10 31 57 110 77 251 192 40 1 318 1 118
0 48289 170 113 62 15 39 71 213 17 28 22 92 18 55 28 96 47 272 39 74 63 115 35 235 36 38 72 72 42 128 55 94 15 29 72 88 29 278 104 71 95 258 31 98 15 291 17 79 48 119 112 132 42 37 149 71 75 187 18 93 35 15 61 80 1 73 7 231 48 69 67 36 84 38 29 4 18 97 113 54 92 34
0 48534 61 27 170 71 175 17 881 69 157 66 28
0 48679 382 60 31 53 69 12 16 27 333 51 138 25 66 192 18 21 119 40 50 77 49 127 89 90 34 31 39 100 117 45 169 45 49 152 26 10 16 94 79 143 91 80 146 20 8 62 57 207 24 49 25 39 156 17 148 74 28 23 36 12 157 160 111
0 49196 69 6 5 38 135 22 7 35 32 40 4 168 45 42 105 5 101 67 49 9 78 13 57 16 47 15 37 48 107
0 49300 143 62 26 6 20 38 118 35 18 36 86 5 91 9 196 53 78 48 3 3 17 54 81 54 57 8 81 69 298 47 444 1 19 56 59 7 128 63 14 96 19 67 25 31 31 28 4 31 209 151 299 130 212 88 227 107 46 58 178 61 59 5 11 26 163 15 355
0 49656 24
0 49899 41 124 159 52 61 108 3
0 49901 15 40 186 39 103 152 189 126 414 59 78 39 123 70 208 40 89 22 42 88 18 56 56 4 362 148 216 23 40 131 264 8 167 59 31 14 78 18 101 14 150 59 136 53 105 17 25 115 101
0 49907 52 162 42 99 9 14 23 62 130 31 34 143 116 1 1 42 14 31 347 118 3 54 80 5 85 9 84 110 72 8 86 22 10 45 40 10 18 9 179 68 166 1 87 46 72 63 1 56 139 82 26 27 510 28 94 3 15 18 12 19 6 69 5 5 253 8 396 35 57 16 270 61 135 6 318 11 45
0 50010 220 51 84 55 143 64 99 41 61 9 247 31 57 17 52 28 7 53 99 31 51 52 45 75 138 3 205 15 82 42 539 14 2 10 158 33 50 44 58 26 49 41 217 78 91
0 50946 25 106 39 3 105 36 204 241 49 147 61 20 22 38 349 21 196 55 130 15 7
0 50954 128 51 44 101 96 79 79 19 32 60 191 135 117 25 59 24 18 26 12 120 57 174 92 11 69 167 236 139 47 76 41 13 43 81 130 79 147 80 148 11 296 57 27 31 101 92 192 70 34 7 168 109 81 120 236 209 101 45 7 26 48 3 41 38 169 6 44 13 31 9 9 67 15 42 126 4 98 15 213 19 47 138 111 146 386 36 48 2 24 90 193 33 143 55 142 82 4 29 72 19 69
0 51035 400 194 99 7 87 4 190 70 122 38 162 108 70 93 115 13 179 16 140 64 56 135 38 7 76 32 85 2 1 98 31 111 123 39 72 27 32 23 632 53 190 50 19 2 219 13 28 42 242 135 76 28 133 10 54 6 39 27 104 66 91 31 91 9 37 146 3 101 144 30 116 109 4 18 4 6 101 33 108 30 35 11 208 126 134 74 21
0 51230 90 100 9 67 9 121 274 95 165 11 94 19 92
0 51268 37 5 36 77 3 135 7 240 20 132 109
0 51367 68 138 194 13 3 31 13 40 74 124 187 27 179 32 35 17 65 159 80 8 415 21 333 105 109 32 179
0 51393 198 65 173 13 99 50 64 5 254 42 7 144 171 33 103 68 44 5 203 29 260 67 32 4 208 43 94 54 36 89 17 44 110 137 152 131 116 69 194 81 62 18 219 66 58 59 94 27 12 106 7 4 166 78 225 36 3 45 71 9 13 1 49 22 235 9 17 77 7 84 25 35 122 164 15 27 86 12 185 15 164 84 256 1 198 11 2 65 117 20 34 19 97 67 80 4 122 59 46 54 82 100 208 48 122 129 84 127 104 28 118 110 89 133 3 1 159 43 11 115 11
0 51705 317 114 20 1 8 24 42 45 133 22 89 117 132 6 51 3 11 39 60 106 2 13 23 12 23 172 83 140 108 59 46 32 189 128 490 88 380 46 3 4 67 84 188 50 468 51 205 10 51 67 62 21 87 104 125 41 112 84 278 90 3 10 8 86 256 18 31 4 51 72 103 71 174 48 55 25 96 89 147 13 242 63 30 16 16 7 20 46 31 37 478 134 100 109 92 75 329 15 119 53 1 60 15 10 75 168 2 43 145 198 45 20 88 39 6 34 81 14 98 97 94 209 18 117 22 24 2 4 61 120 7 11 157 38 199 35 247 13 77 93 97 22 244 97 123 64 92 1 171 69 50 35 62 194 259 82 21 15 106 27 116 67 216 16 88 89 23 128 163 61 81 58 125
0 51725 12 56 51 30 163 17 15 21 51 13 90 118 26 91 30 13 113 8 41 26 177 86 6 24 30 52 114 5 17 35 150 71 30 144 101 39 401 176 335 21 35 73 238 16 115 19 100 2 85 4 54 62 258 41 18 42 162
0 51948 98 102 26 60 84 31 37 6 3 2 36 5 375 19 61 152 45 15 19 59 84 22 54 4 34 50 146 39 32 31 9 32 39 20 302 71 64 19 42 137 41 27 257 12 79 57 66 101 83 28 10 54 31 109 191 14 90 16 175 8 205 2 267 128 84 22 305 6 261 39 22 84 66 26 222 49 29 69 50 22 58 21 171 74 79 155 25 31 9 94 38 112 75 148 45 3 120 118 30 27 101 101 76 25 104 10 6 19 121 9 241 21 12 2 48 50 11 77 9 116 46 72 1 24 26 175 68 74 3 5 66 87 54 13 163 109 369 6 119 9 98 24 333 129 214 12 74 70 56 96 105 41 105 68 19 55 18 27 50 57 10 24 291 13 49 8 129 175 111 19 58 36 181 26 2 45 16 1 58 30 96 126 174 79 59
0 51960 83 22 60 2 134
0 51991 345 47 48 29 1 103 33 44 50
0 52087 127 43 89 32 35 67 241 26 41 49 6 35 692 72 266 26 135 30 52 129 84 32 261 44 13 23 143 18 44 38 33 31 94 3 106 1 197 47 75 27 84 71 212 198 67 4 49 67 32 9 265 54 34 82 275 32 87 64 46 142 7 23 233 14 83 75 263 7 25 21 68 68 2 37 18 151 14 101 22 86 62 103 232 20 5 91 65 154 404 71 195 16 141 80 29 64 3 17 18 16 50 149 105 65 5 104 99 1 42 54 55 90 78 24 8 6 1 17 242 79 303 45 293 29 201 20 95 41 51 120 12 6 13 14 88 170 31 95 85 19 191 16 40
0 52109 128 26 31 41 32 101 30 34 155 17 39 20 48 8 85 14 82 17 248 11 237 141 101 6 14 110 103 24 234 2 17 7 117 25 419
0 52146 20 2 15 48 6 20 192 1 17 34 160 73 159 10 14 4 5 238 87
0 52199 433 41 55 28 18 74 53 47 146 24 202 6 56 25 72 103 49 44 139 50 255 56 2 51 66 1 338 64 21 22 8 89 16 11 184 18 61 2 41 39 192 116 107 87 117 26 179 116 51 90 161 2 89 94 30 2 114 63 196 26 33 1 60 48 117 55 13 73 52 13 47 45 2 77 32 6 141 94 186 12 115 13 49 19 155 119 134 10 25 11 38 30 80 48 77 87 19 51 18 117 240 89 47 33 80 62 69 17 14 8 317 27 204 163 53 8 13 37 5 9 162 8 94 71 1 39 34
0 52319 4 6 112 72 97 67 120 38 53 18 76 2 174 13 74 131 63 25 73 31 18 26 14 15 406 33 90 11 57 16 45 110 23 96 6 14 3 25 53 19 22 8 28 84 29 3 9 35 16 37 75 10 12 12 137 53 194 2 117 12 83 1 209 18 49 81 60 126 128 144 61 18 116 48 168 55 69 13 83 31 70 9 41 50 108 120 197 66 11 1 86 1 46 48 298 8 57 112 46 97 70 7 114 140 180 11 83 31 77 9 260 68 60 29 65 100 98 139 61 31 202 10 20 151 23 49 173 28 126 109 33 95 48 30 67 198 24 26 362 131 107 18 81 26 218 6 53 46 5 6 168 212 1 6 105 38 62 7 4 43 44 100 162 5 260 8 109 182 65 3 17 7 15 168 42 139 73
0 52368 60 11 12 178 124 12 8 33 64 75 19 10 37 55 2 6 347 120 40 27 3 11 321 41 3 8 37 4 185 139 19 131 51 78 46 26 119 23 37 85 438 51 34 110 194 97 101 41 28 7 62 58 171 75 100 124 63 116 70 3 59 153 1 12 71 33 3 122 36 16 53
0 52429 18 29 11 26 356
0 52565 37 37 403 66 184 88 60 37 35 10 36 167 303 9 100 32 262 45 36 116 3 29 12 66 84 6 11 39 146
0 52566 300 91 75 16 257 123 89
0 52711 160 92 132 1 158 69 41 25 9 5 1 64 121 17 20 36 94 14 91 30 47 92 104 205 102 59 148 78 281 67 63 10 43 104 12 14 18 48 110 140 19 81 48 26 163 35 110 47 71 74 150 51 51 151 44 24 127 38 70 21 229 24 206 87 38 34 29 15 197 55 14 66 191 143 11 43 14 58 41 25 667 16 176 56 30 23 11 1 110 47 108 47 12 21 138 4 27 43 495 193 41 25 4 33 33 81 97 55 106 14 51 8 32 48 53 27 33 21 41 9 26 142 86 37 139 49 112 76 25 21 251 107 1 57 116 90 32 68 120 18 112 37 59 13 2 20 2 67 103 134 158 93 18 41 222 97 86 16 167 109 93
0 52773 32 102 271 69 45 81 57 12 5 10 21 57 46 62 14
0 52891 85 61 66 36 43 24 405 54 309 14 142 22 213 12 79 142 29 22 215 102 132 20 23 17 63 100 45 20 15 59 51 1 152 51 340 135 13 20 102 63 13 78 94 23 184 152 33
0 53275 74 59 226 75 50
0 53356 8 3 69 50 23 65 12 4 20 24 223
0 53671 107 195 55 54 274 18 208 288 128 36 35 26 29 83 72 66 11 60 41 94 25 93 144 141 28
0 53704 151 56 137 178 262 47 106 83 33 12 21 13 28
0 53775 15 37 97 20 42 135 103 5 6 22 25
0 53864 173 6 81 20 271
0 54187 51 44 24
0 54484 173 60 215 8 138 50 61 42 28 22 58 89 1 29 89
0 54589 245 16 29 17 206 19 24 68 133 81 148 36 55 135 10 34 32 22 447 9 42 15 271 66 38 19 162 86 167 47 78 29 9 44 55 35 134 2 163 71 1 52 160 21 67 34 39 24 14 11 24 152 34 120 4 55 58
0 54623 126 4 31 67 102 39 28 1 59 127 302 6 266 31 608 10 66
0 54694 143 13 79 18 3 9 5 15 77 84 125 9 17 194 94 14 118 21 74 66 19 9 18 70 9 80 163 110 32 17 49 12 40 25 215 48 54 13 453
0 54813 182 40 2 13 85 37 142 10 13 20 31 71 36 39 34 172 249 79 7 181 40 75 55 10 18 99 35 21 22 54 15 38 48 21 255 133 10 13 306 31 169 13 65 11 232 34 148 67 88 29 73 119 4 48 26 40 24 4 329 11 14 31 288 26 45 19 24 44 1 36 49 64 102 41 51 39 60 7 14 93 137 27 28 78 75 46 134 72 46 63 43 37 132 44 116 123 81 42 168 14 15 66 190 80 78 9 104 85 15 71 87 14 24 91 32 6 133 7 58 48 98 53 8 1 39 10 1 17 53 28 253 2 42 20 57 4 204 179 236 54 51 62 82 48 9 8 271 1 130 22 182 106 50 52 163 53 274 69 48 2 13 229 215 54 78 37 162 51 27 154 96 4 134 22 151 105 61 19 49 31 38
0 54894 14 1 200 36 33 72 183 98 17 124 554 22 25 121 34 75 165 50 22 140 93 62 48 49 258 23 40 24 106 117 131 75 152 34 112 4 25 81 327 3 60
0 55187 113 10 45 53 13 67 176 19 322 49 27 26 133 50 351 107 30 55 89 37 10 31 74 48 17 17 155 69 49 10 121 1 79 54 30 5 85 23 1 6 18 142 15 57 264 5 485 18 32 21 71 12 146 34 133 60 27 1 40
0 55310 209 83 64 106 2 27 38 11 95 51 54 6 106 129 24 15 11 28 135 4 61 28 18
0 55520 23 111 310 3 41 11 38 43 104 58 497 44 31 14 215 88 85 17 52 12 172 1 47 159 58 60 66
0 55665 51 105 127 11 226 64 535 56 148
0 55675 27 43 371 56 54 12 21 30 67 19 323 77 6 52 23 27 100 50 72 33 256 31 252 74 18 9 70
0 55686 242 97 92 89 234 21 224 19 64 23 258 32 44 23 182
0 55692 133 122 56 169 105 34 13 35 107 71 6 7 309 18 34 9 57 64 308 81 246 57 23 141 108 165 235
0 55847 383 179 75 11 14 74 31 22 24 38 111 45 167 70 149 64 16 38 58 25 52 64 99
0 55853 57 8 219 113 97 34 24 3 26 7 47 57 10 60 199 7 179 59 159 26 192 22 4 3 12 350 61 27 54 2 140 47 175 32 25 25 29 45 7 30 33 4 29 8 67 65 19 95 25 65 36 51 115 26 76 31 40 41 9 142 35 17 183 130 67 52 27 26 197 67 31 72 58 55 196 17 16 4 41 183 114 35 162 92 78 2 44 17 115 63 259 32 109 90 40 148 129 32 24 20 199 10 96 42 399 16 54 42 7 103 319 16 107 52 84 22 24 25 65 18 29 54 88 113 23 10 171 92 36 79 121 30 11 28 107 37 23 45 105 130 382 12 2 3 191 17 100 43 120 36 34 114 43 3 89 113 71 96 213 359 225 70 40 50 31 67 177 67 111 18 61 61 86 69 165 94 43 137 23 20 32 13 54 3 61 12 106 42 279 105 106 21 175 15 173 15 67 51 370 22 165 62 130 145 227 57 35 21 293 42 46 20 112 34 174 37 46 37 15 16 110 13 145 80 4 58 40 24 31 102 2 23 103 138 69 105 7 193 82 31 151 429 347 5 108 108 16 19 93 6 173 76 586 59 64 8 36 132 340 11 78 39 271 65 199 7 32 55 25 81 98 82 16 33 188 133 134 23 29 27 10 69 201 53 275 188 6 1 123 43 99 64 15 31 298 61 10 184 115 25 116 12 60 19 91 40 25 16 19 17 10 70 5 4 7 86 1 243 63 6 50 25 3 62 41 88 2 29 57 49 38 19 60 6 22 9 41 9 45 14 29 52 151 27 15 154 41 35 40 30 25 87 67 5 556 93 156 6 67 82 28 46 178 25 181 31 150 113 140 323 81 30 145 51 263 4 268 9 58 17 245 55 81 1 47 16 6 10 102
0 55873 70 10 17 23 321 30 132 45 201
0 55897 30 4 160 25 26 78 72 19 1 41 29 56 157 125 14 56 23 85 225 44 30
0 56001 164 5 168 22 88 42 196 54 214 37 12 62 281 16 212 27 2 69 5 6 70 2 88 16 107
0 56283 8 31 32 4 83 8 13 25 81 87 55 1 244 86 106 2 48 44 103 12 153 21 286 75 99 81 1 17 123 130 110 38 7 9 36 74 103 88 92 17 105 50 22 143 42 15 22 36 135 18 33 44 151 26 22 7 95 49 27 23 595 37 9 66 33 33 22 23 300 148 9 1 155 153 1 12 17 73 4 36 74 42 1 41 28 23 53 13 12 36 59 12 157 2 13 46 1 5 129 73 272 37 15 212 200 16 9 101 95 5 234 48 28 23 51 20 92 41 5 45 25 94 21 42 84 6 298 37 6 4 4 37 162 16 25 77 326 36 3 35 52 13 366 40 64 29 189 155 4 109 85 173 19 26 134
0 56419 16 16 31 53 268
0 56555 38 70 151 49 4 13 40 15 24 65 191 1 45 73 256 105 237 42 31 34 101 8 31 3 21
0 56860 65 38 102 267 79 85 79 50 12 101 12 9 35 42 56 64 132 22 53 126 86
0 57448 15 1 36 25 20 30 14 87 58 19 45 3 61 77 76 99 83 16 29 50 48 34 313 11 150
0 57482 62 63 82 21 198 12 140 57 3 91 23 30 29 46 47 20 84 201 25 5 40 12 134 28 3 77 29 10 11 119 12 16 38 94 87 48 130 232 19 10 18 25 141 21 55 13 282 2 327 14 9 19 3 8 38 76 63 55 126 131 128 48 53 159 22 91 12 18 77 14 9 25 252 156 170 31 45
0 57548 108 45 32 231 30 71 31 57 165 40 84 9 101 79 21 6 77 122 156 2 65 47 235 1 135 38 503 25 39 34 20 66 36 66 119 22 72 53 54 24 33 150 34 53 89 3 16 67 9 105 24 52 11 79 54 98 25 49 354 3 7 6 120 106 90 14 19 102 118 115 26 6 111 28 19 123 32 20 222 29 155 23 11 84 20 115 16 66 65 94 29 34 53 10 57 35 103 28 13 33 33 90 27 9 228 176 99 39 343 116 109 83 57 289 32 36 16 22 15 4 18 55 25 17 228 13 142 47 11 11 107 22 94 12 31 14 26 17 230 21 90 9 116 168 17 44 321 33 87 6 14 4 61 30 125 127 45 52 46 13 88 32 177 18 22 63 3 27 65 31 8 3 164 23 96 87 57 2 100 13 7 94 150 12 259 73 104 4 100 9 36 18 33 70 6 21 28 98 345 20 61 181 43 9 46 89 26 56 49 59 8 13 46 23 14 13 82 1 241 7 75 36 32 135 179 6 169 35 60 123 57 79 111 88 90 9 124 16 34 1 27 91 131 24 200 14 49 8 11 11 72 233 9 35 21 71 66 11 109 219 3 16 391 30 28 3 7 105 172
0 57796 76 4 54 17 141 10 152 104 133 47 649 189 8 233 20 233 108 28 135 24 65 201 262 1 169
0 57859 63 8 38 57 54 39 196
0 57961 75 7 22 18 9
0 57990 574 47 48 22 112 60 65 10 61 61 119 24 111 35 74 6 22
0 58222 115 3 52 63 62 16 24 79 321 14 60 36 5 20 16 65 35 46 34 118 56 82 38 53 76 107 130 48 82 108 40 29 22 110 61 24 100 213 12 5 80 92 58 14 43 111 43 7 141 3 107 47 20 60 329 36 14 78 7
0 58265 17 22 194 138 73 183 350 140 15 4 28 19 210 21 62 22 31 2 138 9 4 35 62 10 1 52 48 11 40 28 26 63 104
0 58302 55 23 81 2 323 4 45 103 107
0 58516 11 7 27 27 82 6 39 133 311 120 96 16 44 107 12 19 91 31 33 10 76 1 50 50 135 79 18 1 3 33 239 34 4 8 131 55 35 6 144 55 10 31 20 41 37 34 74 21 68 7 152 1 38 23 351 19 57 41 8 11 100 88 150 48 63 5 372 57 116 38 181 30 66 55 6 3 248 73 12 147 506 504 63 94 50 120 14 25 44 10 49 127 22 80 79 133 55 209 204 6 288 119 59 68 141 38 68 38 328 32 18 26 81 51 27 7 3 88 236 68 113 21 54 6 108 65 73 36 93 30 102 49 63 20 359 57 21
0 58538 80 96 14 47 7 27 194 100 48 14 10 6 156 66 188 17 119 45 95 72 98 33 37 66 62 83 26 44 23 40 213 59 37 27 13 6 209 20 296 36 66 30 180 8 48 39 5 17 17 44 146 105 165 43 52 167 22 138 42 74 82 16 4 121 134 134 262 27 10 31 11 35 435 16 329 18 160 38 100
0 58572 265 71 308 18 1 61 248 74 110 157 19 134 172 54 155 89 55 65 4 19 97 6 39 78 104 1 7 7 88 53 38
0 58682 80 90 92 24 84 43 147 26 49 47 51 19 546 1 28 11 15 2 115 62 40 134 4 12 28 120 132 17 148 9 18 1 276 44 51 80 50 14 293 7 116 23 13 24 2 62 13 44 36 8 57 23 199 15 34 84 2 7 18 24 151 11 108 12 26 15 104 10 46 50 1 44 108
0 58891 44 38 42 12 9 9 25 47 275 3 279 118 65 24 6 8 90 22 21 5 164 7 189 172 198 48 44 52 153 4 15 10 91 43 312 11 74 186 139 3 116 5 55 64 52 125 69 119 91 5 42 95 23 138 86 16 48 31 65 79 131 7 52 23 17 6 106 16 111 12 148 59 23 5 16 128 47 125 50 69 32 64 38 8 128 177 40
0 59014 4 32 21 24 27 118 104 48 163 15 412 1 57 190 405 7 19 7 26 19 104 67 185 12 119 46 56 275 24 29 28 86 13 19 13 95 295 54 7 16 33 18 46 67 142
0 59195 5 1 118 15 20
0 59427 37 33 205 4 12 53 26 52 25 70 18 147 66 139 25 14 13 31 55 12 26 7 33 27 246 71 60 36 26 1 43 30 67 49 87 87 78 11 45 22 135 130 109 96 2 82 204 83 108 14 6 83 140 172 261 83 29 50 73 107 176 22 108 194 79 120 198 19 25 11 14 6 21 172 127 270 223 167 42 31 11 13 174 181 47 30 65 65 45 23 91 13 47 68 178 123 31 93 432 46 32 53 235 23 23 102 191 151 58 35 103 63 191 68 38 48 171 6 200 45 122 108 202 95 25 56 38 13 8 127 25 211 14 70 172 27 5 41 10 19 21 41 96 22 359 12 63 111 68 10 130 26 75 44 4 2 52 47 298 76 55 50 178 95 79 56 313 60 30 64 35 18 19 2 53 33 16 72 22 53 4 5 21 50 12 60 28 12 83 25 12 174 32 62 44 61 151 78 137 14 65 95 126 62 53 44 21 77 186 6 33 9 22 17 234 19 30 4 40 41 9 80 2 59 290 53 12 39 7 6 104 27 97 45 189 2 136 90 15 8 142 62 74 3 207 14 46 26 7 3 23 63 66 27 48 33 21 31 296 27 41 104 7 129 24 18 66 93 167 93 119 23 69 6 10 34 73 64 58 27 226
0 59568 189 6 121 13 306 30 104 18 32 10 79 37 7 1 176 2 61 22 185 1 36 36 95 12 134 56 48 9 32 53 15 3 231 161 52 1 71 33 68 24 7 3 232 3 17 135 105 8 165 68 23 61 12 16 12 1 138
0 59671 134 28 27 36 366 6 338 5 1 12 11 42 142 2 158 33 267 22 9 7 59 50 135 54 174 84 133 15 113 11 82 2 298 11 41 48 31 74 32 1 199 187 35 30 11 17 29 14 74 44 22 5 124 84 81 75 11 6 472 89 182 50 150 113 87 29 50 15 224 18 284 13 70 3 69 69 19 63 38 29 68 83 28 60 14 4 11 59 54 26 25 22 24
0 59745 74 16 40 101 107 119 56 103 295 11 91 10 50 6 458 7 192 12 70 18 56 115 181 38 7 37 16 95 522 33 35 7 96 38 87 65 19 47 167 125 11 132 125 47 8 115 267 36 16 28 52 53 62 3 50 1 39 3 44 3 114 29 83 47 23 5 125 11 20 1 132 20 26 2 78 174 4 14 9 67 74 11 67 13 23 34 34 71 13 63 53 20 66 22 7 63 255 22 129 69 42 40 16 21 74 227 131 52 10 28 80 29 115 1 27 6 16 26 320 19 6 90 15 41 29 54 140 9 80 16 258 23 351 361 330 10 28 46 11 72 184 61 9 104 280 16 8 38 212 68 106 4 117 1 10 5 64 77 2 22 160 24 8 1 157 65 79 5 32 17 84 1 25 68 51 22 107 143 20 117 65 7 80 2 119 7 11 13 60 20 82 30 43 1 130 28 183 5 66 109 387 67 41 66 23 26 153 197 225 29 50 15 579 89 18 117 51 51 9 118 96 28 117 64 13 173 198 3 110 9 102 30 38 66 35 10 203 74 248 47 41 87 77 80 43 13 1 18 62 155 10 46 26 26 130 9 176 11 132 22 156
0 59817 138 9 32 66 10 46 48 142 5 28 25 92 183 19 25 30 33 106 28 49 80 11 106 67 33 75 223 249 30 24 33 7 263 114 258 14 83 48 141 85 80 83 65 63 213 130 25 112 22 11 48 8 17 13 149 31 27 98 160 3 270
0 60088 14 70 43 30 203 1 133 10 217 36 351
0 60283 1 187 9 10 99
0 60316 261 60 25 177 80 9 210 64 123 76 130 18 58 13 138 47 98 37 44 57 129 30 18 26 189 34 202 39 19 68 59 144 10 14 242 56 2 69 7 21 353 57 171 40 29 37 22 21 7 30 128 19 23 12 77 133 277 59 110 62 129 71 126 3 220 94 121 29 289 6 205 15 26 32 16 53 44 7 23 2 32 9 58 55 189 26 92 9 66 7 56 140 163 71 128 4 33 197 172 4 57 85 1 15 84 66 29 17 323 12 78 13 3 9 25 49 51 11 182 23 88 126 142 115 193 63 179 133 122 13 122 2 167 21 124 119 54 70 139 28 117 23 46
0 60353 38 101 48 51 22 52 169 12 43 51 214 33 142 43 57 10 18 48 8 6 73 19 37 26 153
0 60410 185 28 81 2 76 37 87 61 72 67 63 12 111 71 67 25 40 64 82 152 77 53 78 7 143 34 1 9 60 39 89 58 284 50 35 8 47 26 53 30 55 17 29 18 44 57 64 171 26 113 143 29 5 10 35 24 77 73 207 1 18 154 107 9 66 5 283 61 5 32 5 19 178 11 5
0 60609 20 5 30 45 8 153 96 10 76 129 155 78 74 11 205 30 17 65 343 158 45 7 91 11 45 78 188 5 104 202 187 45 72 168 40 4 179 30 76 49 190 20 94 109 30 163 390 20 130 20 279 8 52 3 111 27 56 96 139 36 218 24 140 37 373 155 34 27 5 3 25 57 114 8 39 136 87 58 171 8 24 30 102 43 125 12 16 18 78 86 41 64 117 11 47 50 4 28 5 58 112 18 122 66 64
0 60826 127 21 53 29 162 92 63 99 49 64 9 10 71 9 56 19 26 3 96 54 93 60 170 29 86 78 299 15 7 16 19 39 265 149 2 222 75 40 48 19 33 31 43 66 26 50 84 87 31 11 11 119 203 7 74 38 11 96 116 86 312 45 130 50 94 165 137 37 91 11 23 41 161 30 20 62 199 66 75 54 197 64 51 11 12 36 204 12 66 15 9 86 260
0 61139 33 98 285 1 4 40 11 58 28 105 207 100 32 158 75 36 168 11 18 3 483 2 26 36 366 17 6 90 8 20 333 96 18 84 76 24 138 33 140 15 73 43 347 52 63 23 47 25 26 7 98 2 19 19 16 143 6 92 7 15 5 6 86
0 61335 171 82 265 57 122 91 21 71 15
0 61583 6 55 33 61 157 7 157 49 9 93 37 22 124 96 11 156 44 122 65 10 224 130 190 66 50 47 63 5 69 12 79 4 111 103 54 117 103 15 14 49 5 17 148 53 163 20 67 101 64 22 77 4 211 42 97 54 11 69 111
0 61738 57 114 10 7 41 169 227 50 78 21 132 156 116 67 192 52 120 107 56 61 82 1 243 24 77 1 53 120 26 9 9 126 16 13 62 2 241 10 141 7 90
0 61779 32 47 258 42 5 13 32
0 61869 416 12 5 123 21
0 62117 48 19 39 24 83 30 167 54 122 28 100 70 1 25 2
0 62136 28 11 204 53 108 15 273 55 64 25 124 38 211 20 42 20 35 31 111 17 58 63 67 10 36 104 90 120 44 92 10 70 464 26 43 39 11 43 208 45 76 4 345 49 129 7 253 100 90 16 65 30 148 90 99 49 75 9 281 77 138 136 35 12 17 41 56 227 19 125 103 68 238 16 153 6 69 11 303 57 15 53 73 42 51 23 75 151 168 41 18 48 22 227 108 13 283 10 254 50 54 116 48 7 49 26 54 79 212 20 91 45 373 51 245
0 62275 56 31 110 2 24 21 61 37 446 201 54 60 204 105 122 133 48 21 142 90 5 4 5 114 3 20 45 8 112 52 98 16 471 115 300 96 299 36 116 109 56 94 112 26 34 49 112 15 331 96 43 35 23 70 102 51 49 55 121 65 11 13 122 24 1 6 5 69 9 10 74 3 144 2 200 27 19 5 4 39 164 44 36 42 131 27 253 11 18 19 91 21 265 49 99 89 179 203 189 5 58 4 154 1 18 10 130 29 147 22 50 120 96 151 352 182 2 19 21 122 18 21 178 48 162 37 427 29 195 10 145 48 115
0 62629 155 29 110 3 148 30 77 80 17
0 62967 12 30 248 56 40 79 148 73 160 9 30 60 57 9 57 25 175 6 230 103 22 41 33 102 8 90 79 71 39 44 140 89 92 77 265 39 120 14 181 23 76 46 27 66 219 56 2 4 4 19 48 55 45 150 122 31 22 93 76 40 187 11 9 105 64 32 104 131 33 1 135 50 605 263 166 162 612 8 84 7 389 5 111 62 28 51 161 7 195 94 41 21 22 2 24 20 10 25 55 10 6 27 139 9 108 30 21 55 175 12 23 9 116 128 253 126 198 11 109 30 130 141 1101 24 54 115 187 25 108 165 38 47 104 74 93 7 28 130 318 36 163 17 13 64 129 33 53 14 111 6 99 7 12 74 80 55 48 12 116
0 63447 52 17 49 11 14 22 5
0 63532 93 14 272 2 127 147 84 50 46 5 5 12 131 19 99 16 10 27 87 6 22 58 38 15 90 53 73 13 58 108 1 20 25 45 28 13 3 27 22 43 3 9 9 11 55 19 14 51 26 33 28 130 99 89 170 15 77 123 66 55 8 18 110 176 76 41 64 56 43 11 311 19 319 30 89 33 80 37 195 46 95 18 97
0 63587 91 93 36 21 110 53 55 74 17 43 83 8 143 2 74 9 33 55 30 45 56 21 29 39 71 108 205 114 215 44 79 9 34 69 181 21 32 9 73 15 46 35 32 364 20 12 165 15 11 169 27 3 96 48 183 110 72 72 247 84 16 30 180 32 115 98 42 31 9 93 387 34 228 36 92 12 6 49 22 12 56 140 94
0 63643 275 18 219 3 60 130 78 34 5 44 302 41 128
0 63929 189 58 8 3 5 34 537 141 17 106 504
0 64019 303 64 2 46 12 11 83 86 66 4 42 47 3 42 493 23 81 45 205 19 46 64 132 207 364 63 145 8 91 31 102 7 147 44 443 48 60 71 230 134 49 164 57 41 67 24 22 12 1 4 25 7 26 15 42 42 18 132 10 16 76 16 3 74 244 73 13 2 39 8 39 14 44 29 12 5 135 36 14 5 14 92 51 120 43 21 172 21 24 6 255 28 9 21 89 144 30 51 197 89 239 4 48 3 17 34 12 11 56 77 55 25 87 67 51 69 511 11 91 85 157 48 216 9 352 84 43 35 232
0 64115 35 11 103 72 455 19 86 14 258 89 499 160 75 10 21 51 123 12 4 8 8 111 89 29 35 10 44 66 321 16 57 42 31 14 50 30 28 38 4 14 63 29 155 33 3 37 76 7 152 60 182 95 63 89 3 25 66 9 102 61 13 29 316 122 109 62 110
0 64415 38 111 250 32 159 88 37 54 10 47 235 304 1 13 9
0 64544 23 52 26 18 17 13 202 80 61 37 25 49 20 28 76 187 157 37 86 40 20 27 349 27 73 72 161 114 119 40 12 17 25 11 5 45 23 85 40 106 67 119 70 23 200 74 50 65 33 22 35 78 285 53 382 37 116 7 114 147 13
0 64581 8 128 45 127 101 11 87 9 61 57 126 8 312 133 136 15 13 16 100 1 101 11 43 9 145 10 33 3 65 26 68 32 12 201 36 305 147 6 29 11 225 54 64 25 80 13 291 188 130 75 103 22 4 4 2 52 125 13 141 27 114 31 96 20 207 17 145 36 85 22 100 16 158 13 109 77 24 75 201 10 7 147 9 62 198 11 59 69 56 3 9 53 539 28 127 36 117 35 7 210 77 61 33 19 165 77 7 16 260 59 171
0 64785 29 62 11 13 44
0 64932 280 128 107 71 147 6 4 41 80 1 43 57 4 51 47 64 145 1 31 22 198 10 20 68 220 176 19 12 7 20 144 18 349 27 363 55 13 63 56 47 16 249 8 17 74 82 197 150 3 85 69 52 212 105 176 25 175 280 21 60 288 4 20 96 253 1 4 24 10 72 68 28 17 72 150 89 318 86 227 21 10 30 125 51 36 38 226 7 402 70 192 80 18 7 22 127 11 111 5 22 3 21 205 59 159 27 6 145 78 18 63 14 62 229 194 58 232 59 121 106 8 32 40
0 64939 28 174 51 12 301 20 16
0 65058 204 43 100 59 178 14 102 5 37 20 124 1 59
0 65094 233 193 64 34 109 55 119 40 30 22 56 4 16 41 31
0 65124 33 30 87 4 170 1 526 83 4 16 229 34 48 29 542 202 44 6 2 105 271 21 8 17 91 48 97 2 13 20 189 65 63 228 28 8 36 13 20 56 92 33 15 240 846 61 3 49 4 240 120 56 97 10 77 4 64 34 11 39 214 28 183 40 133 28 54 15 11 48 34 26 206 18 61 6 50 126 10 13 161
0 65133 198 13 66 59 117 32 32 47 7 3 133 12 41 114 10 130 40
0 65178 213 44 92 18 234 5 292 44 32 155 24 9 63 1 15 68 127 23 45 81 138 69 52 31 36 94 13 12 102 204 75 8 24 9 77 110 266 96 20 21 59 8 7 25 189 9 148 183 5 59 390 74 117 2 122 104 61 91 2 121 143 138 6 12 105 11 188 11 316 5 155 63 4 72 14 92 91 89 254 17 53 160 28 13 42 33 51 77 59 16 474 42 50 43 66 29 50 119 146 5 31 61 279
0 65185 48 5 64 63 29 26 123 12 204 29 28
0 65407 77 6 8 76 171 16 39 93 12 26 52 132 70 46 7 37 198 21 38 9 145 33 33 96 211 14 3 25 126 149 47 5 342 71 8 26 69 52 6 21 4 104 102 90 49 35 221 10 102 30 3 11 93 57 6 1 7 10 78 104 264 64 370 42 147 82 33 32 41 110 13 63 230 89 65 116 31 9 22 19 31 13 63 9 46 12 63 2 3 62 72 39 96 55 269 12 269 85 311 112 33
0 65550 28 96 91 27 17
0 65682 23 372 306 69 6 3 11 29 133 24 175
0 65709 3 17 40 11 183 18 72 32 87 40 93 224 123 92 38 2 90 16 196 220 57 64 184 46 42 23 8 19 22 26 115 67 41 163 116 4 66 68 103 11 16 26 14 6 75 4 99 11 143 106 113 113 172 9 64 78 35 58 103
0 65711 113 26 38 225 282 24 37 92 93 6 86 104 35 32 71 5 154 50 63 34 1 12 10 45 78 41 372 37 32 6 73 67 298 8 231 24 181
0 65751 18 24 39 50 267 12 319 260 52
0 65757 204 119 294 12 57 81 7 159 23 93 447 81 59 128 69
0 65966 61 95 86 16 29 53 235 34 167 11 304 25 259 144 110 80 137 11 46 46 176 33 132 28 46 43 84 89 26 31 24 142 91 18 11 55 150 16 69 20 6 17 102 47 121 11 10 12 176 45 213 27 35
0 66120 6 84 11 10 32 9 295 147 22 73 53 9 67 95 162 125 64 13 71 3 237 63 153 48 11 96 132 20 63 13 110 118 128 6 116 1 45 5 58 24 285 115 37 70 169 79 22 39 191 2 38 25 69 36 1 29 23 27 97 73 398 36 8 12 33 10 62 149 188 31 47 14 117 42 42 4 33 12 126 121 84 140 10 34 33 3 263 6 237 16 85 3 231 40 72 148 6 6 156
0 66128 33 3 86 39 191 44 81 66 32 9 110 82 129 3 123 116 185 95 23 35 201 23 70 15 20 33 141 25 53 69 48 38 216 64 2 3 70 48 7
0 66181 30 48 406 37 33 98 9 17 9 20 88 6 101 54 145 103 93
0 66249 102 80 190 2 230 210 48 20 39 42 49 33 74 23 16
0 66993 14 41 12 18 252 13 162 22 83
0 67177 18 168 295 100 22 83 314 47 69 27 63 16 171 23 255 90 19 26 187 38 172 76 140 56 20 122 31 74 135 65 73
0 67228 100 68 156 29 27 37 8 107 52 8 30 7 34 61 77 70 5 26 89 24 8 34 214 63 42 8 34 54 36 86 88 9 65 10 92 1 85 42 109 1 38 55 204 4 139 43 56 48 17 62 751 62 96 160 86 40 391 76 152 38 56 33 2 38 30 19 7 26 14 2 317 51 171 11 6 59 36 60 27 68 59 14 13 67 13 80 197 84 9 44 1 96 218 101 39 23 230 60 33 86 257 50 4 31 83 59 46 70 258 16 6 83 58 62 89 60 608 46 230 148 99 82 459 29 1 195 11 48 7 57 255 14 310 2 245 62 1 131 97 67 83 32 11 34 104 128 30 112 21 62 343 102 182 20 31 138 153 1 249 4 371 86 152 72 101 16 22 86 79 87 106 142 221 63 108 189 641 132 35 47 29 16 133 18 227 34 31 53 40 14 188 41 59 66 70 9 74 28 537 30 237 1 59 112 44 8 41 93 78 24 86 20 129 35 170 24 335 28 8 35 68 2 49 23 24 2 92 68 31 33 14 59 140 55 52 204 57 16 73 3 42 10 40 12 120 14 84 40 56 23 44 20 147 22 73 143 67 48 139 30 196 40 71 49 81 38 475 24 20 3 17 13 120 22 3 75 110 59 13 55 46 28 78 25 64 11 12 79 149 10 30 7 7 14 165 168 128 19 69 7 1 2 109 17 88 10 74 113 93 39 114 22 45 34 37 9 11 37 67 56 247 117 184 11 18 22 52 8 317 8 15 50 119 116 28 11 36 39 53 157 39 10 9 47 54 29 29 20 4 24 37 248 53 44 110 26 216 67 75 30 241 34 50 12 113 6 33 1 57 51 126 22 5 12 83 60 31 45 191 5 53 10 103 39 368 69 86 145 110 36 118 51 2 12 79 1 86 129 15 11 2 73 134 10 31 22 173 14 179 23 116 51 33 20 47 23 43 16 93 82 9 30 45 41 101 76 82 14 374 50 12 9 2 37 23 10 173 23 38 45 2 16 189 150 1 6 146 152 43 2 148 19 84 49 191
0 67310 465 5 57 31 1 53 14 140 14 54 401
0 67382 153 29 99 2 111 86 300 61 43 60 22 2 7 1 53 22 77
0 67820 112 107 20 97 3 101 7 92 13 6 80 26 55 4 113 63 11 54 12 20 104 192 78 3 82 61 116 133 41 13 296 43 161 16 443 85 199 14 10 31 19 99 202 10 23 7 78 219 39 62 32 26 38 16 220 94 120 57 142 170 7 98 11 42 162 4 62 41 11 51 421 58 28 72 244 70 21 21 266 48 185 40 15 93 193 6 179 21 16 33 179 45 72 28 147 33 14 44 107 117 24 33 390 12 564 33 207 95 167 6 6 10 46 30 241 29 27 47 77 27 18 7 77 3 526 7 22 73 7
0 68026 81
0 68076 183 35 47 12 90 21 9 38 35 184 79 8 62 155 98 7 253
0 68357 60 47 5 25 142 124 108 84 360 130 98 115 47 8 273 34 70 17 6 21 82 18 62 59 6 90 36 174 117 48 11 51 83 13 13 35 65 38 35 78 37 39 54 45 193 92 36 81 66 33 286 16 27
0 68362 131 69 2 125 195 40 11 28 7 52 84 26 134 48 116 3 24 12 64 31 8 97 7
0 68445 19 15 44 14 29 234 525 23 98 199 65 47 6 9 14 72 340 64 97 2 231 18 30 113 70 89 140 5 648
0 68465 169 7 108 52 152 63 249 94 79
0 68844 133 49 159 38 15 64 15 55 28 1 208 4 288 21 33 80 44 22 16 323 51 49 50 33 3 29 30 2 136 9 94 80 123 209 232 101 97 78 95 55 412 22 80 12 7 2 104 80 11 73 44 41 203 89 78 6 109 66 32 87 30 130 65 6 7 19 116 112 7 28 64 98 76 35 40 28 174 3 192 111 111 133 17 54 58 7 16 98 421 35 62 2 47 58 21 101 165 92 66
0 68962 125 28 6 33 87 10 19 18 150 47 55 91 174 176 9 15 82 24 39 19 55 54 59 69 133 42 338 8 159 74 6 19 93 5 173 42 71 3 12 21 13 50 224 2 163 120 174 101 45 110 16 55 151 96 7 11 92 62 91 50 343 36 10 44 58 29 201 7 61 42 233 52 126 36 17 4 170 61 116 59 17 198 319 105 76 35 57 25 273
0 68974 102 44 144 64 100 58 108 41 171 32 209 9 20 38 144 68 30 106 302 3 112 16 325 45 267 42 3 16 380 65 8
0 69401 47 40 54 4 284 7 157 46 56 115 106 75 114 9 87 44 160 49 242 13 49 80 76 39 29 56 40 63 133 13 150 52 320 150 7 25 25 47 8 118 17 61 229 236 69 17 179 18 16 68 30 26 61 236 99 319 28 37 73 1 22 8 98 21 56 31 185 96 55 107 177 9 191 11 162 16 193 26 8 57 64 28 75 25 151 68 5 16 63 70 30 52 140 6 197 36 20 45 56
0 69415 53 2 60 74 481 58 32 63 65 57 8 84 7 32 9 27 36 34 40 31 30 5 177 53 16 56 19 2 142 27 31
0 69493 342 37 12 56 77 38 307 42 61 9 46 92 21 9 150 52 102 67 205 24 81 25 19 147 27 75 88 21 311 2 94
0 69570 502 10 13
0 69622 60 20 82 30 72 29 53 7 87 20 220 37 32 154 36 17 43 6 23 25 150 3 147 163 14 4 181 81 164 14 73 55 46
0 69770 17 201 4 5 188 115 99 17 26 10 109 29 44 106 79 40 8 76 92 14 133 63 58 8 267 1 168 38 392 70 193 10 12 26 74 10 23 45 381 60 31 19 72 10 39 22 25 36 78 4 60 107 216 16 51 23 49 105 149 36 54 20 159 16 12 136 1 53 616 112 78 24 74 12 105 55 4 54 9 117 6 78 2 1 38 7 144 85 49 80 76 3 197 42 99 21 60 21 73 109 22 22 14
0 69801 269 28 12 168 117 17 100 45 41 145 102 7 74 25 56 95 157 56 8 3 4 40 57 52 14 1 15 18 224 21 62 91 15 52 18 151 36 42 60 15 23
0 69995 111 29 308 17 13 13 217 92 262 129 8 41 72 4 87 23 9 15 268 39 160 23 20 36 23 33 6 1 213 7 180 38 196 38 377 37 219 57 15 11 32 105 51 18 57 120 308 19 67 44 68 95 124 40 115 66 75 83 17 4 3 22 20 20 130 26 7 21 62 10 6 202 85 4 260 71 207 21 25 74 180
0 70047 187 25 195 60 59 101 14 69 15 2 37 7 38 14 12 29 52 11 69
0 70424 15 37 15 61 20 13 166 8 29 20 56 17 241 56 228 53 1 36 108 4 62 28 161 82 42 146 114 23 21 150 19 31 65 51 99 130 84 4 128 15 43 18 27 29 280 113 116 21 89 29 44 14 157
0 70880 105 18 51 73 141 21 22 22 10 132 9 32 245 31 136
0 70956 17
0 71286 87 21 69 143 48 23 28 104 131 16 118 7 237 12 56 19 1 30 57 68 177 38 159
0 71489 338 34 74 50 38 143 40 56 1 17 10 46 108 82 8 113 5 90 303 75 193 191 12 91 143 91 62 130 12 20 52 12 115 5 199 20 74 136 46 20 307 141 51 10 21 35 3 5 111 44 175 73 142 66 182 81 106 11 5 108 128 27 41 15 125 23 105 1 19
0 71503 428 54 41
0 71547 339 23 137 67 101 95 121 8 61 5 16 8 92 82 112 59 23 75 115 43 301 121 322 22 43 31 68 31 105 1 20 76 99 43 17
0 71614 227 14 87 6 63 99 194 26 116 40 36 4 24 27 77 47 7 6 69 165 110 24 80 22 3 33 106 108 13 14 6 18 267 6 11 13 140 38 6 49 262
0 71685 112 105 19 20 466 6 86 52 25 54 64 2 21 146 258 3 33 67 76 30 44 146 117 15 204 6 18 36 45 26 34 17 71 116 39 20 76 72 34 80 33 15 173
0 72002 18 6 10 11 15 88 70 40 176 88 74 85 246 15 71 8 100 2 42 110 19 17 154 3 251 4 195 12 142 30 148 5 50 28 104 4 51 5 217 128 121 290 4 11 13 4 297 12 552 20 32 79 49 7 121 20 91 25 235 9 175 12 101 13 70 14 67 141 117 55 121 53 76 53 65 17 100 5 104 119 12 46 354 218 56 22 312 86 18 20 140 74 94 154 152 39 76 2 103 10 25 72 27 35 321 81 28 40 19 105 258 34 69 5 72 27 205 2 132
0 72249 159 70 293 6 231 2 68 161 4 1 59 26 13 157 60 28 254 113 645 12 406 31 2 34 377 21 158 91 8 8 38 18 9 94 114 96 34 11 37 16 2 13 403 20 341 95 89 34 1 89 120 15 33 22 88 26 188 79 72 3 177 8 35 121 71 100 36 63 27
0 72520 127 18 148 6 54 14 201 18 63 156 23 46 46 30 64 85 284 21 183 65 14 117 99 77 112 30 8 114 10 120 159 51 48 3 42 118 54 173 136 52 24 10 12 45 199 66 1 41 205 4 7 71 24 14 249 13 184 39 1 335 30 124 47 21 54 106 61
0 72638 10 264 821 18 56 258 171 25 388 23 178 119 150 108 120 67 58 20 108 48 23
0 72745 1 115 142 10 101 41 40 22 306 17 24 1 38 143 46 15 12 106 17 5 219 84 9 17 69 22 6 21 12 20 195 113 79
0 72793 231 16 13 189 67 28 30 39 111 32 151 57 62 16 66 52 103 11 128 37 4 199 197 27 51 47 33 70 96 44 37 12 180
0 72814 91
0 72868 13 34 162 30 54 40 126 125 339 13 51 25 24 7 90 141 2 8 380 179 14 54 170 67 89 3 24 17 27 9 148 59 17 150 108 36 101 8 31 120 104 20 166 9 39 6 47
0 72925 6 29 60 7 10 15 20 44 273 71 161
0 72976 123 109 128 29 188 97 90 115 241 10 27 30 12 28 165 39 56 61 34 1 234 43 57 99 63 33 87 21 85 21 123 23 12 6 67 52 64 10 23 27 172 13 45 40 146 93 196 185 84 109 40 178 7 28 13 53 30 71 487 2 20 79 19 116 64 22 190 10 79 41 134 50 87 104 41 40 23 23 378 38 128 11 147 31 21 5 47 80 40 4 145 22 207 28 134 9 9 63 107 47 104 38 115 17 68 19 15 14 135 11 19 4 89 118 24 9 46 28 526 21 28 253 1 41 42 28 45 232 29 64 15 66 165 32 179 41 19 17 127 22 202 151 43 62 65 14 9 98 13
0 72997 40 45 91 100 98 31 125 46 387 85 6 8 9 58 15 55 2 19 103 34 170 53 11 1 89 30 91 32 77 5 15 14 48 29 63 61 19 28 274 105 155 120 77 37 124 150 89 144 149 71 10 5 63 32 86 11 165 57 25 13 164 8 211 20 68 1 17 29 105 3 154 4 151 124 29 115 23 148 25 41 295 96 19 23 147 1 120 40 121 5 282 12 80 44 21 31 6 52 152 11 177 27 73 17 208 70 5 47 310 46 17 53 37 141 83 63 327 27 44 94 38 12 33 195 163 66 19 30 20 115 261 14 69 51 138 98 114 21 20 90 114 42 160 162 23 12 76 38 46
0 73071 99 9 35 67 76 119 112 17 202 16 10 70 4 27 4 33 135 90 48 19 16 11 95 71 58 72 141 64 347 209 6 18 11 8 132 27 49 117 37 74 30 78 253 25 120 36 53 26 318 51 39 55 14 28 40 98 11 18 193 9 493 19 80 5 41 124 95 68 297 10 92 27 96 19 52 40 91 24 109 27 60 122 98 30 47 60 323 41 13
0 73198 62 48 57 50 68 51 31 51 106 3 45 8 62 9 188 5 56 15 277 51 52 6 11 16 88 56 27 49 70 13 165 38 58 26 46 130 41 17 216 14 172 82 64 116 264 14 50 30 181 34 57 11 39 2 109 31 108 31 272 54 52 14 128 1 137 16 97 7 27 24 49 118 30 51 37 16 1 53 126 49 81 82 94 44 53 8 107 57 8 35 53 19 13 234 7 11 282 30 5 131 64 4 71 115 13 53 10 21 158 3 54 17 363 346 21 315 159 126 97 108 72 109 27 52 590 28 32 87 132 80 240 14 22 154 94 2 161 11 48 26 37 64 25 107 496 5 85 29 27 32 117 3 102 10 64 53 71 129 145 121 65 17 28 54 155 63 57 94 25 55 21 73 108 40 78 2 14 29 162 77 20 82 283 97 3 106 58 63 5 126 17 98 291 67 51 12 85 5 7 149 49 50 52 78 86
0 73250 30 112 13 72 19 2 53 2 141 21 19 69 23 4 146
0 73457 38 116 235 16 115 194 21 55 31 5 54 6 8 85 238 91 59 46 105 39 118 1 7 10 177 79 80 27 57 94 128 115 57 55 79 78 30 160 88 113 150 5 3 11 64 22 111 4 60 42 108 34 48
0 73620 571 152 37 5 128 166 243 6 118 20 89 58 169 85 191 91 27 10 82 45 17 46 293 15 119 13 13 175 50 49 246 24 48 23 74 27 305 22 123 111 94 122 106 98 14 167 120 23 44 40 44 25 135
0 74052 71 37 8 9 267 62 81 45 34 57 10 10 63 4 25 83 340
0 74068 34 46 30 16 246 48 97 66 93 21 93 1 58 41 55 1 291 38 88 31 42 96 126 194 248 20 9 33 139 66 55 139 98 37 111 29 125 45 309 16 32 79 196
0 74642 7
0 74764 12 6 118 43 181 3 37 25 68 61 17 136 46 235 214 11 2 54 32 60 144 45 371 81 400 75 188 26 88 74 80 105 112 17 39 4 438
0 75259 15 11 140 3 14 25 17 31 5 80 6 4 76 7 16 23 95 7 38 10 106 144 41 52 23 37 24 63 52 39 22 131 111 39 7 74 56 22 101 94 20 17 86 12 69 27 41 31 60 7 15 147 48 123 47 12 57 272 554 58 169 83 14 25 78 17 278
0 75336 96 41 58 132 8 1 11 30 21 12 22 43 8 36 49 14 29 67 9 1 157 29 53 7 163 56 2 4 85 131 83 24 165
0 75364 211 35 48 185 275 57 85 8 11 36 57 37 26 43 11 2 8 6 318 42 144 30 152 53 35 23 87 12 43 24 68 41 83 30 82 40 189 55 289 132 83 40 3 15 7 49 134 29 170 270 172 53 7 8 192
0 75397 23 32 233 266 63 85 2 34 43 4 379 21 104 88 207 64 13 8 99 1 130 43 15 7 8
0 75521 160 46 91 56 9 7 64 25 13 1 37 28 50 28 24 7 1 16 18 85 97 52 37 26 152 39 73 64 60 20 186 32 318 91 15 2 40 93 34 84 18 7 65 126 135 13 40
0 75563 690 6 32 135 156 87 132 78 482 171 235 156 35 7 196 81 67 25 90 17 29 11 17 7 107 87 326 33 51 29 50 173 4 157 149 37 83 12 37 49 89 52 26 110 62 8 277 7 44 53 23 37 8 4 191 48 9 18 106 3 107 5 4 36 66 34 78 13 105 79 79 68 172 51 459 11 205 15 19 80 21 34 104 10 176 62 123 12 97 163 35 51 10 21 101 68 142 24 35 155 351 55 19 35 274 62 58 28 3 8 14 43 141 97 15 75 6 16 5 4 78 115 19 57 106 14 52 39 33 117 56 2 74 76 330 20 241 87 21 95 3 75 95 6 11 29 7 3 129 5 14 70 174 28 110 49 271 18 155 26 46 3 43 61 58 23 169 13 114 199 255 88 281 57 316 14 13 15 3 14 335 64 149 24 440 33 70 120 19 21 55 26 56 53 13 228 40
0 76143 60 48 30 20 62 34 35 52 77 20 90 1 52 1 15 19 226 12 42 23 31 34 97 21 35 23 236 19 140 90 48 49 84 17 10 16 61 100 139 8 7 130 3 158 32
0 76200 115 67 101 36 105 10 65 8 60 188 26 8 16 1 66 62 85 46 45 96 25 16 268 84 313
0 76212 186 31 5 22 786 108 105 5 256 44 101 99 26 14 15 11 143 92 66 67 183 25 76 151 104 169 64 44 8 3 22 31 106
0 76389 111 58 90 77 161 23 69 12 89 23 139 8 106 38 32 31 41 4 98 2 2 22 74 25 47 29 46 5 8 13 11 20 61 126 10 4 98 7 50 11 7 17 158 14 118 1 164 82 184 43 38 27 11 133 39 163 55 79 116 7 28 51 1 113 58 84 52 75 40 197 134 14 107 18 53 124 132
0 76476 41 37 89 85 224 21 371 54 248 41 1 67 67 164 91 16 23 27 168 63 51 13 37 42 337
0 76767 89 48 62 18 20 20 44 77 163 1 117 37 45 6 109 7 72 93 53 6 146 265 233 64 1 67 467 40 139 6 48 29 27
0 77484 34 52 52 28 235 40 54 24 10 67 16 24 148 109 196 67 32 88 67 9 313 175 29 100 199 42 109 13 87 24 15 17 13 148 74 28 117 31 146 56 379 68 39 132 392 28 2
0 77582 107 1 37 6 19 52 226 6 73
0 77660 26 54 269 89 90 91 45 39 432 94 3 93 185 29 113 18 3 34 98 7 122 6 295 95 103 28 134 49 246 25 209 45 37
0 77860 78
0 77865 189 35 21 152 233 26 64 54 57 46 126 46 13 3 17 56 392 20 1 32 79 110 28 39 201 70 92 54 36 143 457 99 482 119 170 14 82 41 191
0 77999 130 79 442 47 303 8 140 32 34 87 216 51 388 142 69 12 54 74 38 36 89 78 17 144 165 35 253 48 478 32 133 88 26 58 62 48 88 8 14 11 67 32 22 67 323 70 132 292 22 66 106 85 128 12 41 20 73 2 125 22 171 90 166 48 60 29 66 10 109 14 121 13 39 78 41 41 34 30 134 29 73 13 2 113 23 477 160 72 119 94 225 12 162 21 311 47 260 138 75 4 64 57 75 14 79 10 27 122 108 16 41 76 113 52 51 39 108 51 81 72 115 46 84 31 194 16 243 15 2 23 107 27 96 75 4 88 26 82 159 4 16 48 25
0 78011 14 52 180 146 154 4 131 4 10 11 27 74 10 41 131 80 225 23 47 5 391 36 33 130 16 227 40 34 285 82 81 67 209 129 87 73 4 28 36 35 58 23 135 11 7 20 426 10 109 56 32 38 34 115 64 9 147
