0 0 273 13 13 52 13 148 22 25 390 155 66
0 19 24 102 194 23 66 100 64 45 56 50 107 3 143 1 46 138 39 5 833 47 60 75 156 25 4 5 12 130 320 194 142 17 1 37 331 25 47 25 79 55 159 5 252 126 130 18 311 6 145 5 35 116 48 100 197 27 17 81 50 99 60 137 48 50 220 27 94 23 73 10 90 63 41 3 69 44 10 72 168 38 97 57 3 38 80 77 96
0 111 404 20 124 36 36 18 117 26 32
0 430 249 38 48 130 5 4 247 12 23 76 58 68 113 7 27 62 50 1 25 188 30 64 260 13 381 5 203 5 156 88 82 87 244 10 245 198 73 10 137 70 10 185 5 77 53 29 42 14 15 27 1 22 262 8 56
0 492 29 9 222 3 462 90 63 9 140 24 325 182 87 2 161 37 18 36 115 6 138 52 138 124 143 38 1 5 32 96 15 148 150
0 543 9 13 83 126 196 26 27 40 77 46 434 28 37 46 93 13 22 76 5 14 21 43 159 11 3 3 175 75 67 4 5 26 27 11 172 77 45 69 115 32 151 115 229 31 225 31 58 144 191 47 9 105 39 8 180 17 36 63 93 156 101 38 7 33 467 49 217 3 174 3 32 9 74 148 40 151 22 45 22 23 194 58 13 1 77 81 58 37 133 24 53 33 4 28 2 13 308 38 93 15 33 55 163
0 844 117 39 240 51 66 3 74 60 12 101 67 203 79 12 19 39 174 166 31 33 3 41 56 5 68 297 213 96 101 34 16 34 75 9 27 34 71 30 118 129 18 8 12 10 138 84 148 67 95 19 72 23 250
0 1135 18 26 18 3 40 59 41 56 18 35 17 157 57
0 1237 54 68 3 92 70 41 32 37 126 85 51 91 352 24 111 11 48 39 30 21 51
0 1312 166 38 88 73 320 63 51 182 127 67 208 96 18 6 67 66 354 4 111 35 105 44 56 52 173 21 9 26 42 13 281 40 136 110 49 18 275 31 97 11 2 59 108 201 17 29 32 3 24 48 136 75 5 18 240 7 5 9 58 92 12 119 171 115 62 1 54 85 6 29 317 16 197 5 51
0 1391 112 46 32 151 23 30 99 25 23 4 122 39 32 33 248 51 93 88 5 11 113 20 2 81 49 33 33 73 63
0 2172 7 26 20 43 11 16 179 26 12 92 126 89 39 10 4 11 6 5 27 44 124 152 35 2 51 3 30 84 1 27 117 40 10 51 93 47 77 60 70 126 6 81 27 68 105 100 248 48 467 172 28 45 31 3 14 4 23 90 68 1 83 197 46 1 122 9 67 1 15 88 149 21 2 45 117 37 5 29 7 95 26 2 28 14 112 38 72 35 50 97 143 66 44 37 127 44 22 156 199 15 5 86 10 11 77 59 42 33 113 154 10 219 77 176 35 68 155 75 86 117 230 5 105 8 111 47 263 32 190 7 160 45 23 11 123 76 520 150 36 73 245 47 362 26 164 14 293
0 2186 104 54 101 47 201 40 46 132 45 37 340 15 151 18 66 7 100 42 115 104 15 35 27 10 4 3 225 27 25 11 131 46 56
0 2286 139 47 131 34 90 111 61 67 131 29 51 3 217 4 72 50 42 81 206
0 2293 3 15 10 89 109 69 111 4 3 107 103 48 151 53 171 26 9 33 34 7 65 50 253 33 526 55 85 2 46 84 67
0 2348 80 4 74 18 83 220 41 26 57 109 65 6 81 21 185 43 132 71 153 164 81 15 30 1 11 275 15 34 193 57 145
0 2528 36 2 150 42 123 163 27 9 7 70 5 16 64 92 3 46 267 78 109 65 4 68 98 73 74 58 99 52 44 65 113 14 120 21 163 60 115 11 256 7 153 31 76 18 4 67 99 82 71 31 41 76 105 54 49
0 2720 10 115 12 34 52 41 115 6 77 42 16 16 3 61 89 22 210 115 12 37 69 84 155 46 11 14 180 55 20 6 24 12 464 11 257 10 11 84 3 105 105 23 204
0 2906 15 44 466 35 16 69 74 9 35 16 78 209 353
0 3205 65 36 399 134 32 31 22
0 3212 1 30 160 72 81 22 512 18 142 57 39
0 3283 99 37 88 19 16 95 92 28 208
0 3384 297 41 174 25 48 27 2 11 20 19 24 25 113 44 242 46 7 1 1 52 75 48 182 23 12 40 78 9 15 30 21 141 86 63 83
0 3411 103 50 41 33 50 27 10 103 50 5 40 54 97 73 2 22 41 113 9 64 28 48 33 73 128 191 96 44 196 57 44 52 376 11 61 3 38 19 47 40 203 14 63 63 256 38 242 48 147 58 135 135 20 89 9 132 126 8 215 74 107 106 22 52 27 34 31 8 41 17 130 15 21 94 349 51 83 136 75 43 7 34 68 43 49 67 45 11 67 3 66 26 336 52 24 40 225 90 10
0 3461 42 5 234 43 102 48 4 28 541 6 126 43 250 45 378 4 246 3 45 15 277 39 27 1 3 2 19 18 17 134 9
0 3572 54 6 87 11 20 116 242 5 89 60 29 5 96 74 279 36 9 2 161 36 170 90 155 71 226 85 12 24 162 53 182 38 75 95 95 132 179 2 73 6 88 44 14 7 259 95 177 1 27 23 8 7 36 8 127 40 162 56 421 2 40 14 41 48 32 31 107
0 3797 121 45 518 37 36 13 266 23 100 41 24
0 3809 10 4 229 19 88 61 130 23 77 7 84 20 28 65 202 57 36 92 18 57 48 24 7 25 81 7 28
0 3810 81 32 161 5 4 38 127 58 250 13 161 38 22 7 70 64 232 39 13 246 112 14 40 21 75 94 263 34 34 37 227 34 92 12 80
0 3815 45 21 28 24 25 19 38 71 60 25 105 120 44 118 84 42 121 5 100 48 45 81 35 34 36 49 46 78 10 39 61 20 41 15 10 4 6 142 80 91 62 63 39 8 47 45 364 41 59 10 347 7 16 7 425 152 72 76 207 34 22 12 476 84 309 37 83 25 172 4 13 108 45 61 56 66 1 19 37 16 45
0 3960 79 12 1 24 12 116 294 13 28 58 62 92 75 19 18 56 274 112 29 21 190 63 123 19 1 51 19
0 4098 76 69 119
0 4307 64 27 154 13 415 259 31 46 35 222 60 22 85 38 97 69 37 28 83
0 4321 54 3 64 147 92 51 105 7 124 14 4 64 125 62 114 2 113 16 189 33 114 42 51 268 1 184 460 57 14 21 34 21 2 55 110 152 3 89 95 59 45 33 92 44 59 15 125 71 86 26 60 55 35 9 254 25 96 68 124 1 147 89 167 28 24 31 127 12 5 27 65
0 4444 128 61 28 22 47 105 210 110 90 1 93 33 38 44 65 70 122 237 2 23 17 23 69 8 31 3 203 21 9 43 189
0 4790 337 10 10 128 11 111 7 1 69 67 77 83 66 3 4 70 136 38 11 13 62 55 59 80 227 91 472 117 244 27 51 31 43 31 160 4 14 5 50 97 22 139 8 5 125 39 610 13 135 118 2 28 140 11 5
0 4872 126 21 74 97 32 94 147 16 12 123 7 14 150 111 46 192 84 98 82 7 181 2 67 147 85 167 44 112 180
0 5061 9 141 201 39 377
0 5116 225 7 240 15 25 13 183 23 11 79 133 160 22 18 43 34 143 3 225 85 8 46 71 6 10 14 22 44 24 15 28 9 67 98 42 21 13 41 56 79 58 25 194 8 34
0 5170 20 11 36 16 205 24 493 7 108 11 5 3 56 24 54 32 72 1 537 81 275 9 248 217 232 22 44 27 72 34 33 20 278 11 71 30 89 27 23 62 230 26 80 127 11 47 108 21 328 14 143 4 257 15 181 36 5 27 34 1 44 9 229 16 102 1 53 10 74 41 20 94 102 4 8 9 5 54 68 18 108 94 75 2 40 74 122 2 36 6 46 46 37 99 148 13 34 41 23 299 70 41 157 13 78 105 163 34 116 6 225 28 87 36 70
0 5332 203 169 47 79 30 2 12 69 21 36 217 31 74 20 44 6 171 10 80 48 78 62 118 229 39 69 254 5 432 52 28 33 233 44 19 22 215 3 17 25 155 118 10 248 104
0 5781 43 5 38 57 276 51 93 32 19 44 59 65 114 53 197 77 26 11 139 5 34 10 102 3 25 61 117 51 192 20 37 21 92 14 184
0 5932 147 42 99 66 79 84 69 6 17 28 169 17 417 96 43 44 150 6 21 42 205 42 43 21 63 7 134 88 62 11 303 6 366 36 64 62 225 15 162 41 50 56 38 18 131 57 64 10 30 31 63 39 299 35 49 31 71 44 22 1 87 107 15 33 42 5 63 11 32 10 79 18 123 112 280 70 74 109 31 47 288 37 15 53 45 11 167 53 163 17 187 96 107 8 22 26 251 77 16 4 59 39 104 26 43 43 67 80 198 62 12 89 222 4 163 56 85 141 52 52 20 10 87 62 201 58 39 138 184 20 31 2 135 127 1 82 20 76 98 19 100 125 54 22 19 24 133 80 114
0 6123 106 72 11 90 160 48 224 95 192 66 26 13 198 61 73 55 91 47 184 96 23 21 5 27 81 23 312 23 2 9 140 26 154 3 100
0 6280 202 4 16 4 43 68 122 132 2 48 31 42 164 19 132 3 87 86 13 21 47 41 10 69 346 41 145 61 32 5 49 78 164 4 121 27 63 126 87 130 125 13 131 189 21 6 42 88 167 124 98 126 49
0 6338 128 78 18 43 79 133 202 37 121 52 11 42 77 1 503 5 229 39 327
0 6488 8 289 2 3 37 108 82 232 19
0 6675 13 48 285 7 9 53 406 19 1 75 200 115 26 32 1 12 71 55 31 12 15 53 23 17 7 25 48 101 3 45 9 70 291 38 118 44 15
0 7001 65 120 10 91 254 85 76 56 45 37 94 59 19
0 7037 53 8 99 155 95 80 245 23 54 36 115 74 20 34 32 5 73 48 253 52 221 209 301 151 69
0 7171 51 52 1 59 85 108 61 65 17 4 18 78 11 7 111
0 7172 248 53 104 49 91 86 149
0 7191 366 40 132 8 24 15 402 15 12 8 151 152 130 51 54 33 171 9 74 9 186 54 229 10 13
0 7232 24 35 101 54 263 132 2 33 2 13 19 137 72
0 7355 10 53 7 16 113 1 61 12 4 53 7 24 231 16 83 16 42 44 68 39 196 23 248 73 8 14 1 59 43 57 67 67 16
0 7425 130 94 130 42 68 32 241 44 423 18 8 85 147 59 17 26 12 65 129 9 231 39 100 54 77 2 279 106 30 29 71 93 13 43 44 58 113 4 107 121 77 36 161 58 96
0 7738 22 32 199 22 54 13 22 10 229 104 223 18 53 40 4 168 114 54 23 9 292 65 176 37 10 46 100 2 3 50 81 77 4 32 260 73 92 27 5 43 66 39 111 63 108 10 68 72 5 136 4 13 147 13 269 74 26 54 29 199 3 251 137 74 51 7 344 178 106 47 55 11 172 41 164 39 89 24 10 34 37 40 150 103 232 158 86 22 34 64 63 2 173 149 286 56 52 19 7 4 116 1 207 5 254 113 103 7 21 95 33 80 65 103 40 28 107 85 302 4 10 13 25
0 7781 113 18 83 27 112 9 4 21 245 19 57 38 66 90 136 28 164 23 169 175 19 64 12 27 194 39 11
0 7803 160 45 309 33 78 18 195 116 20 127 53 201 53 8 75 30 4 66 61 15 70 93 78 114 48 18 44 55 90 79 112 25 117 109 118 11 4 22 46 6 55 4 137
0 7839 115 48 109 81 225 1 72 98 32 36 30 45 387 36 317 142 83 19 65 44 100 106 194 7 184 5 84 6 137 22 207 4 31 12 63 77 17 8 6 6 151 14 5
0 7928 339 30 392 12 31 21 115 49 56 48 121 91 36
0 7981 3 72 15 66 16 43 115 8 58 9 73 4 131 106 128 95 32 24 276 147 50 250 70 16 23 77 222 4 275 13 223 180 160 59 104 82 36 17 230
0 8265 127 165 148 112 32 63 122 38 127 54 58
0 8321 66 32 87 16 168 151 6 8 146 26 18 112 171 20 30 83 302
0 8328 55 33 76 22 25 1 59 13 36 110 19 116 13 25 40 17 100 98 240 34 137 2 141
0 8378 2 61 24 34 118 36 228 24 258 33 114 167 272 66 5 221 169 1 135 31 164 6 590 91 150 95 24 68 206 156 144 19 71 84 55 54 1 111 51 11 408 17 51 101 36 17 37 68 95 13 192 79 355 78 80 10 144 108 57 55 2 81 109 49 127 29 166 3 5 23 152 9 62 1 96 26 108 4 16 21 167 255 37 40 12 161 23 38 196 27 55 184 25 19 245 109 116 107 182 30 147 1 327 53 164 32 790 24 224 87 1 24 225 13 26 105 11 74 20 224 101 28 75 29 319 22 46 146 160 99 94 50 117 24 18 116 259 37 271 25 5 70 44 40 17 34 5 61 39 17 52 48 9 7 74 57 46 35 39 12 149 54 30 34 202 139 158 92 23 100 301 43 49 41 95 6 153 23 511 215 184 1 90 39 162
0 8398 6 28 12 51 24 108 69 40 64 11 119 54 44 82 459 28 75 66 96 26 104 15 220 95 35 69 116 31 27 26 65 89 134 29 132 3 91 29 23 71 20 104 17 18 115 12 44 32 85
0 8516 376
0 8826 51 126 77 84 47
0 8850 20 10 307 3 110 60 158 9 64 5 158 21 25 32 106
0 9406 193 10 23 6 193 177 274
0 9500 35 2 47 60 113 29 1 38 280 6 45 184 47 12 167 5 80 132 95 108 505 1 195 37 459 85 244 222 40 76 90 13 40 71 59 29 88 5 77 6 245 42 224 17 122 18 24 8 76
0 9752 53 2 166 1 64 28 110 51 77 36 4 44 191 25 274 8 34 44 22 44 50 34 171 13 59 30 446 101 198 66 34 29 128 22 100 42 15
0 9768 53 65 1 165 65 23 212 71 29 160 53 42 158 6 183 18 89 2 85 2 18 27 132 12 120 22 3 115 56 56 29 1 9 8 502 117 123 47 54 30 24 28 124 33 90 76 335 4 63 9 23 66 96 53 10 130 66 5 75 18 38 63 83 47 36 72 38 77 59 38 48 38 15 32 10 79 36 49 35 53 144 54 126 43 14 36 273 83 77 64 229 125 2 17 56 17 172 6 120 102 264 63 100 23 35 40 46 14 88 41 60 10 28 29 6 6 57 52 200 56 2
0 9791 149 207 5 45 260 6 170 13 145 5 15 37 341 55 143 7 418 6 81 21 108 15 2 22 7 103 42 2 119 13 13 90 53 5 118 11 48 7 39 380 110 27 18 6 342 107 21 29 62 30 27 28 109 52 65 63 128 20 101 40 83 50 118 5 223 50 124 9 13 27 190 11 194
0 10064 120 152 40 27 331 27 29 59 39 5 397 38 47 41 60 63 7 107 16 90 103 179 128 19 357 14 57 57 17 32 241 27 73 175 79 25 17 12 114 39 83 18 654 100 320 5 22 42 107 94 90 102 37 39 135 50 70 60 10 45 301 31 219 4 147 20 188 24 165 28 5 18 111 29 32 80 15 4 64 93 312 7 71 24 86 17 17 10 29 71 100 50 6 114 6 229 191 46 25 21 194 49 130 126 65 4 20 5 54 68 19 2 70 2 11 41 82 60 80 42 140 63 97 4 34 30 12 43 189 149 58 29 46 32 43 52 105 179 10 6 28 46 48 99 45 148 85 208 11 9 284 30 32 102 42 55 6 6 104 194 33
0 10162 187 85 410 11 9 38 32 91 13 21 19 92 205 262 274 42 62 12 68 18 122 67 137 21 15 79 25 70 232 5 133 6 160 52 17 98 73 9 140
0 10619 37 10 128 25 50 59 319 13 109 40 39 136 214 42 24 114 121 67 224
0 10920 42 88 213 229 129 10 74 46 69 65 194 27 263 40 92 27 110 104 40 202 25 36 14 67 292 66 4 58 124 204 628 27 110 136 89
0 10965 48 71 70 57 27 44 139 113 63 1 55 36 255 27 71 44 59 52 31 122 17 41 84 2 139 41 52 57 344 6 161 32 72 4 208 61 300 71 70 51 116 2 19 60 126 35 174 23 37 25 36 4 139 103 83
0 11028 118 27 185 19 51 47 141 6 163 10 72 22 71 44 233 14 229 103 59 50 31 28 95
0 11083 137 7 115 38 393 77 18 146 17 10 11 29 260 3 9 26 96 12 32 18 60 1 315 77 98 107 169 27 89 52 102 2 420 39 5 12 22 37 670 14 442 35 36 82 187 98 256
0 11252 233 8 7 11 66 54 27 189 57 30 44
0 11290 262 111 86 40 19 120 188 30 44 26 105 1 19 35 9 43 9 43 310 74 47 40 190 115 112 73 185 34 29 8 199 2 95
0 11318 49 15 75 19 127
0 11621 28 3 183
0 11718 6 55 19 12 57 6 256 4 6 40 162 44 40 13 104 7 34 82 19 60 126 6 69 27 11 7 163 33 9 12 29 79 54 19 85 55 80 9 109 95 37 2 148 25 28 61 306 72 152 68 117 84 49 19 182 23 62 84 33 11 9 4 250 65 13 26 9 41 103 7 99 59 25 17 76 117 311 42 7 18 368 2 24 40 48 28 45 2 75 4 176 3 375 38 61 11 31 28 171 153 24 213 60 116 58
0 12307 10 19 147 81 112 35 28 35 30 2 119 9 41 105 6 12 85 32 92
0 12562 18 63 5 80 6 55 13 12 158 1 409 21 14 6 454 128 159 54 299 82 76 70 42 251 24 258 53 24 5 6 27
0 12588 33 65 26 112 4 105 84 63 72 34 182 26 26 106 8 6 39 20 435 44 140 2 67 88 40 136 102 18 159 50 131 54 2 25 12 12 14 17 33 86 2 127 24 59 181 83 35 50 42 57 24 30 116 47 29 26 4 19 210
0 12804 85 12 70 7 23 107 36 37 97 17 171 184 183 23 142 18 16 17 292 28 91 29 9
0 12826 18 140 28 90 247 225 5 66 1 32 145 15 83 59 10 32 169 49 227 84 91 37 38 29 290 70 108 48 41 60 11 10 26 6 6 51 16 2 76 112 9 7 348 12 10 57 325 43 18 64 36 43 1 10 346 99 31 69 83 139 135 26 9 61 83 50 123 111 478 16 7 38 70 106 166 4 208 11 103 285 165 86 275 25 7 47 482 99 62 103 46 26 40 12 53 28 91 8 201 24 122 56 208 41 134 17 167
0 12957 218 39 53 69 122 18 129 36 6 15 12 25 121
0 13120 78 15 144 9 77 8 31 14 37 14 18 29 23 50 99 4 24 34 90 71 7 24 41 8 63 2 71 52 24 9 115 55 142
0 13412 111 4 24 40 309 93 1 1 52 363 126 139 4
0 13490 34 5 163 26 50 25 162 30 59 21 28 32 44 20 139 16 64 44 44 44 43
0 13850 46 36 10 188 298 50 264 170 75 80 111 1 92 34 214 69 5 125 69 9 35 42 74 21 86 79 107 10 179 58 122 22 88 9 32 191 103 12 146 65 47 31 47 7 182 81 29
0 13857 61 103 47 13 29 15 43 181 356 15 64 136 79 14 33 42 61 132 48 44 56 9 76 26 58 15 68 13 40 17 118 4 3 73 108 30 2 8 141 14 309 6 1 31 124 31 38 123 182 40 190 90 35 114 95 48 130 28 32
0 14236 6 3 29 3 67 6 117 15 8 9 182 40 25 22 12 120 117 4 22 75 113 26 170
0 14442 10 28 34 9 68 24 71
0 14631 126 53 1 11 49 21 27 26 204 70 26 4 64 7 4 119 64 10 119
0 14774 6 42 164 61 77 15 49 3 78 14 153 10 17 111 33 8 32 14 91 20 37 73 22 193 26 3 242 5 363 113 35 38 94 48 49 9 1 54 413 55 145
0 14934 213 106 65
0 15017 53 49 23 39 78 17 347 12 167
0 15043 126 6 144 1 240 63 14 36 262 21 38 154 4 9 50 29 130 7 33 5 65 35 81 38 233 28 498 73 47 18 17 10 94 41 74 19 23 78 21 37 54 28 29 57 22 10 123 40 122 25 116 69 76 1 141 24 194 122 12 19 4 19 25 66 17 73 291
0 15091 23 64 18 25 215 230 92 15 26 76 83 40 476 101 170 13 94 68 366 5 66 21 18 9 26 11 150 53 35 25 73 159 261 125 124 20 152 7 161 42 53 60 49 51 124 141 78 18 4 14 22 312 376 49 50 19 11 19 130 22 113 6 203 117 57 69 25 261 74 10 191 4 65 142 85 8 188 27 102 41 7 132 264 31 115 6 86 12 116 10 271 61 82 72 79 46 222 87 11 21 9 61 217 147 7 91 309 31 68 93 63 1 186 23 167 65 100 24 486 32 203 13 59 148 9 17 190 62 81 31 287 35 60 65 287 31 19 9 76 91 2 73 50 24 54 12 14 62 21 178 10 39 24 40 349 95 76 97 52 49 60 302 76 15 38 13 81 5 223 1 81 20 174 96 66 58 70 54 1 27 193 5 22 2 172 88 18 68 23 16 249 18 31 28 21
0 15095 11 43 308 25 595 134 201 25 46 23 35 42 17 94 110 23 84 32 23 32 113 4 172 39 51 14 33 39 18 18 37
0 15130 34 23 14 49 169 76 64 80 51 2 7 24 434 5 382 9 14 55 267 7 273 55 76 5 87 3 7 8 16 53 3 78 125 70 40 107 67 23 115 83 7 57 5 23 108 20 9 161 240 29 86 24 12 1 39 7 12 42 81
0 15577 14 17 2 13 149 66 23 32 169
0 15656 100 45 205 4 16 34 377 12 149
0 15697 200 23 179 6 85 55 11
0 15804 20 21 282 121 43 59 80 42 227 26 143 23 3 60 38 194 27 108 420 13 201 48 39 32 44 40 34 20 164 17 101 48 11
0 15926 51 120 1 60 228 8 201 267 200 1 111 85 13 102 2 68 103 67 68 7 7 23 91 83 208 5 56 69 44 43 3 15 125 19 39 17 124 51 6 99 66 43 42 2 26 6 144 78 269 79 43 34 33 20 27 90 50 45 8 140 26 8 226
0 16569 14 31 38 1 9 100 58 19 81 29 101 13 37 100 47 6 3 107 94 36 447 39 95
0 16732 181 16 594 19 23 61 12 333 217 61 49 67 47 126 49 45 60 21 271 34 104 39 132 144 59 8 22 37 119 47 39 234 57 126 73 6 76 7 197 52 32 32 69 3 31 111 49 13 232 10 468 8 380 29 12 88 150 45 39 9 77 114 38 92 2 60 151 107 44 47 26 14 55 13 97 42 63 87 75 20 134 6 10 1 71 120 180 9 1 103 22 15 39 78 31 46 136 48 33 24 43 47 7 201 44 117 89 225 8 92 145 68 2 64 53 24 13 17 65 19 232 10 62 33 149 62 14 38 84 98 84 2 4 6 234 176 126 70 253 47 70 63 21 10 191 19 42 34 107 33 87 46 51 6 45 23 43 23 5 86 39 131 11 35 87 72 14 14 52 37 25 100 222 8 118 22 97 11 56 9 221 18 242 25 36 151 31 1 150 3 20 93 2 4 37 39 243 28 30
0 16810 416 84 29 72 29 143 54
0 16843 81 77 136 1 275 49 41 24 56 4 190 27 125 58 55 116 249 197 7
0 16987 179 176 103 50 56 130 41 35 90 40 69 30 66 71 20 40 70 22 25 1 3 30 20 11 245 102 53 40 8 74 29 10 38 156 121 23 83 52 232 16 7 106 101 20 74 84 131 4 64 106 96 19 113 83 54 3 95 19 2
0 16992 36 20 109 19 63 19 189 316 4 113 16 7 95 80 214 2 11 15 61 26 170 21 47 97 10 90 51 53 101 3 386
0 17114 214 121 119 64 3 63 8 66 26 212 89 132 49 36 210 20 98 88 10 34 56 51 58 7 66 6 23 14 58 8 48 29 296 33 11 11 79 16 31 73 75 68 59 52 149 59 250 12 136 9 279 94 409 3 91 31 87 4 75 94 75 148 80 27 97 38 119 163 121 50 80 75 17 108 132 8 47 74 47
0 17291 39 130 3 22 31 16 102 58 138
0 17409 42 106 3 22 32 119 39 24 108 8 4 23 59 5 127 41 245 105 74 24 1 13 176 2 52 12 277 70 6 2 46 7 315 1 323 58 434 37 164 109 53 244 158 75 29 10 33 12 374 7 105 78 30 27 111 84 20 88 86 11 36 10 35 47 19 22 6 54 34 132 81 12 71 7 3 84 107 13 79 19 160 3 23 93 211 64 60 30 131 5 257 60 30 14 13 8 52 29 210 245 4 15 48 57 2 24 52 184 3 4 175 119 36 25 30 2 26 17 8 55 25 16 407 51 13 32 218 140 228 8 51 64 109 13 95 105 151 88 113 107 28 124 132 2 47 152 15 127 254 78 94 49 31 32 136 38 174 15 102 65 12 72 168 14 94 44 52 37 197 38 84 124 25 18 89 10 60 96 55 23 50 135 124 110 82 23 20 98 121 4 227 11 44 23 92 64 1 56 41 43 35 19 210 8 103 12 9 159 29 180 6 154 125
0 17472 111 64 27 36 6 20 177 33 207
0 17532 167 51 104 20 30 51 5 161 188 31 3 47 17 5 190 55 185 78 114 66 142 22 49 14 106 91 116 26 71 11 65 12 101 55 17 126 46 41 29 50 156 254 243 199 19 38 326 61 7 25 13 73 114 13 82 120 3 57 77 26 111
0 17882 152 12 137 30 166 40 39 61 57 146 160 29 45 18 286 33 63 32 272 32 273 78 68 13 281 34 106 3 35 73 305 44 55 54 57 29 210 141 18 40 49 48 124 3 59 8 50 15 58 26 146 45 9 28 74 13 21
0 17964 122 49 64 70 367 50 56 36 332 28 172 156 36 35 70 39 72 2 123 15 20 101 32 4 185 14 81 22 32 136 16 38 52 48 46 70 114 116 165
0 18669 32 52 182 2 26 23 62 13 114 33 56 25 138 12 172 28 197 158 56 28 57 83 306 99 259 12 73 86 148 72 31 4 12 27 8 111 6 100 114 50 116 92 152 124 1 2 10 115 36 67 96 48 103 14 197 15 133 29 13 66 20 173 54
0 18695 26
0 18933 53 57 42 5 21 72 166 25 346
0 19020 7 40 416 30 66 15 30 53 8 1 429 170 194 1 15 84 181 139 19
0 19104 173 105 111 80 98 52 92 5 7 7 107 386 27 74 101 40 369
0 19146 37 5 34 103 268 164 84 165 2 32 45 182 61 18 80 26 9
0 19250 1 20 144 10 133 25 187 22 157 36 2 25 91 71 55 39 43 25 92 129 53
0 19385 34 52 2 148 107 29 252 85 44 5 166 82 34 6 8 12 92 32 207 104 123 36 133 58 28 11 1 59 42 4 24 41 54 11 57 123 17 62 109 13 206 88 97 50 31 4 274 15 155 23 152 23 30 49 245 2 335 15 199 77 115 89 61 139 3 5 23 33 47 27 9 32 34 1 14 6 56
0 19722 278 32 220 8 178 7 137 32 108 24 83 32 4 8 50 55 117 16 7 13 65 48 40 47 81 38 60 21 61 16 6 16 83
0 19997 300 69 37 22 62 47 74 49 22 19 368 24 5 39 82 1 33 129 5 41 179 42 97 31 51 34 48 112 43 12 114 31 277 27 108 22 63 81 40 131 259 30 110 50 110 46 9 5 129 123 150 25 36
0 20062 60 27 3 52 104 12 59 5 106 24 1 10 22 32 42 26 183 272 295 7 227 23 22 61 7 38 144 17 57 32 46 9 367 33 102 58 214 68 52 27 72 12 172 28 6 289 7 3 95 21 117 20 86 172 2 2 4 29 51 232 10 1 79 16 181 196 85 34 14 4 265
0 20071 48 87 52 29 67 22 76 63 232 5 3 103 137 31 133 12 74 371 15 10 38 249 13 41 11 168 51 6 5 6 68 13 65 25 51 127 276 8 96 26 39 22 245 7 9 12 18 4 175 111 236 77 22 80 439 5 101 18 29 8 8 161 100 8 77 19 39 13 153 14 41 37 172 9 202 25 58 10 16 70 54 57 160 39 389 115 251 56 5 6 181 1 25 36 16 48 20 7 19 28 3 126 767 43 52 26 70 20 81 35 13 55 80 54 28 135 127 80 182 8 128 118 83 71 69 131 428 104 286 38 140 45 104 50 72 3 27 17 560 12 203 2 58 24 23 28 59 232 119 30 354 17 75 30 50 1 62 4 164 46 238 15 132 31 20 7 186 133 40 60 15 24 29 81 312 64 144 83 81 12 23 28 69 37 93 8 2 30 2 11 103 7 74 1 172 39 110 56 186 45 63 67 100 71 245
0 20408 22 1 361
0 20566 77 26 57 117 52 63 34 30 68 146 231 1 129 70 35 23 133 64 29 81 41 41 107 66 102 8 227 41 50 90 7 30 32 68 160 15 340 17 241 9 361 48 81 62 34 16 129 2 2 44 299 3 357 31 111 13 22 7 48 67 53 58 201 24 135 35 1 49 67 29 46 51 193 45 96 51 53 96 526 162 142 42 79 6 54 13 63 2 7 12 14 141 56 7 48 80 178 38 72 189 8 70 9 22 112 6 180 25 94 25 75 264 129 11 8 105 97 55 64 34 45 52 12 2 97 6 173 79 343 152 127 8 172 35 214 113 20 14 114 14 148 46 143 46 38 94 10 25 98 32 39 13 5 104 86 8 21 33 38 48 48 84 13 144 7 42 106 195 104 7 76 131 78 38 266 30 333
0 20883 21 170 35 51 36 22 199 27 90 99 66 59 36 47 634 61 139 162 120 16 95 32 62 9 94 119 45
0 20912 143 56 4
0 20976 8 6 78 37 128 59 316 47 128 54 91 15 54 46 6 14 247 84 90 138 27 26 15 4 53 4 55 21 2 12 128 39 92 75 17 60 81 40 67 48 34 9 13 1 54 178 63 15 29 139 27 24 123 12 81 35 49 41 15 1 84 7 27 43 46 48 77 10 88
0 21166 74 8 365 72 256 31 22 111 37 56 96
0 21239 103 65 195 23 249 16 7 8 112 107 279 7 104 19 54
0 21342 63 21 221 70 90 21 191 3 25 168 15 20 3 18 68 83 216 198 8 19 23 43 168 2 61 12 23 79 42 8 116 4 3 22 287 2 43 35 34 127 26 70 128 136 140 98 237 61 4 3 16 44 187 52 111 182 64 405 5 97 29 21 20
0 21476 49
0 21557 142 119 39 26 83 55 45 43 25 36 101 38 264 115 39 62 114 11 8 2 30 259 36 25 28 58 4 6 159 25 44
0 21587 92 132 16 94 112 123 80 21 104 75 61 141 157 111 15
0 21718 65 66 9 87 57 39 314 4 180 36 93 32 63 53 105 60 62 2 48 66 46 56 67 64 12 5 73 30 41 45 48 25 8 46 124 57 50 23 78 118 138 29 214 2 355 122 1 17 54 24 170 32 92 53 111 69 234 10 223 18 15 2 3 33 111 38 16 6 74 27 289 63 56 191 26 7 3 9 29 39 58 16 4 8 64 93 259 205 897
0 21728 299 128 447 8 30 84 34 58 11 66 89 34 1 13 24 4 13 2 64 12 23 44 39 19 145 3 21 3 288 7 227 167 396 75 570 13 20 11 35 10 47 126 18 53 42 50 84
0 21846 20 42 40 12 168 42 121 53 24 26 65 44 62 3 421 123 205 29 356 46 27 67 77 149 95 9 17 58 374 30 43 14 10 65 192 41 154 50 117 1 48 30 73 77 64 128 101 32 38 36 76 69 7 78 81 178 234 130 26 1 48 5 6 57 204 113 20 36 177 9 12 134 92 14 136 4 362 154 74 5 27 38 294 2 82 13 224 73 95 132 23 8 282 50 122 58 33 6 62 1 26 32 31 40 171 47 116 43 62 25 84 52 18 26 278 40 141 10 45 8 117 102 37 91 20 40 248 13 29 7 64 18 119 36 44 34 54 30 144 16 107 75 63 33 94 29 215 119 73 10 58 208 225 345 120 8 135 11 223 41 89 18 142 89 21 2 11 44 1 14 64 29 46 71 51 53 268 21 8 14 46 34 8 2 124 60 160 234 43 57 32 51 379 64 343 32 195 136 109 73 64 67 157 23 75 206 399 26 56 31 19 32 111 55 115 172 68 18 183 2 360 2 25
0 21875 111 35 182 22 7 77 34 15 211 115 42 38 51 36 315 60 45 1 190 181 32 28 128 119 21 55 137 20 70 70 27 36 18 21 4 18 3 11 16 121 6 4 196 77 120 23 66 14 77 40 148 56 2
0 21880 86 5 152 73 69 9 41 120 96 129 24 33 8 28 25 76 199 36 225 6 86 4 163 23 33 30 11 72 207 1 14 16 1 62 117 34 307 80 123 9 48 33 270 8 161 16 143 252 66 4 105 54 11 12 186
0 22303 152 101 154 40 34 8 64 69 70 26 273 61 5 233 119 12 82 1 195 50 93 24 19 22 13 2 65 78 69 37 7 38 447 55 147 112 114 60 124 82 154 17 159 70 119 1 56 30 142
0 22317 27 36 127 57 169 69 11 5 222 38 41 30 18 2 232 25 432 79 84 47 37 4 9 86 164 20 191 41 23 26 46 68 81 13 15
0 22541 28 23 12 18 187 170 96 49 48 95 12 54 41 11 17 29 91 15 52 11 19 77 410 13 126 17 49 91 79 51 97 64 165 22 249 47 230
0 22648 60 21 12 28 96 55 108 81 82 14 69 26 12
0 22692 235 11 20 98 97 102 89 242 31 1 65
0 22847 57 19 42 3 38 35 47
0 23142 86 2 137 56 75 43 33 1 89 16 124 8 23 10 141 35 95 9 36 29 41 31 50 1 41 14 14
0 23265 54 63 34 23 167 36 6 170 47 26 38 6 488 6 31 277 704 63 52 15 217 30 1 285 112 62 307 47 66 96 28 17 39 3 85 7 145
0 23297 112 11 107 27 27 39 61 84 131 7 21 3 276 61 36 160 32 24 33 28 15 3 5 109 178 284 9 21 28 127 32 126 18 18 36 73 8 6 67 24 240 323 4 3 74 179 78 5 14 318 292 23 76
0 24167 22 13 237 46 69 18 190 33 201 27 144 3 60 89 34 5 40 2 92 155 75 15 43 22 33 135 138 107 12 32 25 34 59 8 7 27 241 1 22 80 11 16 67 25 147
0 24328 61 44 58 39 48 2 295 26 12 15 190 77 9 11 63 28 577 26 236
0 24402 31 49 56 39 4 121 70 15 30 6 98 35 78
0 24490 105 31 46 38 41 56 88 56 8 27 181 107 29 29 166 52 113 12 45 120 314 52 156 41 159 93 6 36 55 22 11
0 24565 32 129 11 105 51 20 4 119 24 135 26 128 175 42 33 19 124 19 13 46 165 51 231 33 38 16 202 53 42 196 104 13 15 49 192
0 24567 265 36 42 9 103 46 116 26 11 21 269 70 51 13 175 2 177
0 24669 2 27 12 116 166 149 6 44 80 10 81 79 106 28 230 22 186
0 24736 57 26 89 15 205
0 24953 157 50 37 143 79 16 146
0 25006 94 144 206 7 382 134 71 104 115 1 110 51 164 109 128 4 149 38 114 10 50 66 28 118 126 22 92 48 45 6 85 16 73 4 10 84 42 97 39
0 25013 105 19 57 33 39 23 112 84 45 3 152 14 116 11 44 83 378 39 208 41 111 156 316 43 18 3 74 58 80 8 212 133 75 1 28
0 25031 197 179 13 122 19 16 57 13 79 11 24 67 316
0 25065 387 193 338 3 68 13 29 1 111 23 13 5 155 111 52 42 2 76 43 301 70 17 76 16 59 4 73 48 209 4 441 75 36 16 56 112 116 12 300 36 37 80 109 145 172 13 12 9 102 21 121 233 194 60 129 52 67 237 68 10 68 157 48 75 222 175 9 28 251 10 17 115 26 15 3 63 75 27 6 4 137 63 117 48 62 20 346 39 229 61 94 90 259 50 52 77 56 7 94 7 49 30 171 7 54 34 38 123 206
0 25141 141 93 63 10 47 9 51
0 25413 32 104 25 91 62 22 44 88 120 16 25 85 4 29 65 16 161 27 175
0 25580 292
0 25759 1 19 245 1 451 39 21 22 14 66 38 46 24 16 184 165 85 18 69 2 82 71 87 60 34 30 476 24 100 70 52 1 265 4 88 179 43 176 64 6 6 45 79 69 35 9 43 7 20 40 64 49 91 53 14 31 454 15 70 31 102 170 66 31 33 232 257 14 31 5 109 86 11 59 68 28 30 43 3 13 41 13 366 53 28 46 76 137 150 52 126 15 37
0 25829 117 14 12 14 31 3 22 55 161 24 23 12 209 65 16 69 67 18 268 12 72 66 26 66 161 263 135 18 278 71 183 10 108 20 8 5 24 8 72
0 26120 336 39 275
0 26178 18 29 5 50 92 45 36 32 56 44 12
0 26254 15 104 108 39 31 25 68 6 32 36 22 32 89 53 7 127 28 47 183 26 89 82 68 40 186 30 24 76 57
0 26604 214 32 140 38 47 189 272 28 28 1 85 30 22 154 25 20 18 9 47 53 25 6 70 1 207 21 91 43 20 2 12 5 166 19 4 16 355 39 84 7 150 32 162 19 39 69 128 40 122 90 147 24 194 22 10 197 6 51 132
0 26800 105 118 334 18 10 56 278 22 29 18 123 4 47 94 28 160 126 38 73 137 22 57 156 3 56 18 213 78 54 39 61 103 50 29 66 23 75 281 172 53 249 40 73 32 5 5 177 220 32 31 17 66 5 60 554
0 27010 70 235 17 31 5 14 161 109 290 107 120 86 316 60 6 39 18 26 89 46 56 8 84 11 41 111 28 20 64 92 84 102 162 105 246 3 67 101 9 6 32 12 60 1 75 25 5 12 88 19 144 26 26 23 226 58 138 21 319 48 27 43 60 34 47 5 18
0 27098 12 41 69 75 9 35 116 26 79 83 39 24 14 82 143 47 85 15 80 6 12 367 271 49 143 107 170 4 7 10 32 12 117 33 46
0 27264 184 79 282 61 315 1 210 58 379 131 297 146 24 64 243 1 108 68 142 31 54 4 26 26 70 29 54
0 27664 64 35 524 16 204 22 80 34 178 14 18 14 33 48 4 14 1 17 51 12 27 40 99 78 40 96 29 24 103 130 25
0 28009 109 27 35 26 13 32 444 50 95 46 119 77 369 25 49 4 146 84 259 94 29 78 35
0 28296 577 15 58 129 136 75 23 31 45 19 67 66 43 4 162 45 138 27 132 52 54 20 113 20 196 29 7 17 278 19 254 62 31
0 28311 40 31 45 66 19 27 5 64 82 46 13 59 368 7 36 56 497 33 107 10 103 23 27 25 34 66 19 22 34 4 112 68 52 20 47 18 33 33 20 23 10 31 20 16 133 23 59 52 221 16 45 17 113 66 59
0 28404 209 13 43 145 29 32 118 49 46 38 374 8 45 21 129 23 76 13 5 12 126 36 98 62 41 48 3 27 88 140 96 5 164 9 2 104 27 69 2 83 59 160 38 106 69 11 171
0 28526 82 19 87 183 79 15 85 3 151 287 223 56 91 37 51 46 93 25 118 127 23 27 75 10 42 48 79 154 336 16 43 33 86 36 95 31 244 74 200 50 118 109 75
0 28812 45 42 14 137 460 18 220 59 27 55 24 18 93 37 124 1 61 16 133 56 248 46 48 41 33 178 68 9 20 46 5 35 2 5 72 23 97 132 199 48 243 22 108 1 33 11 17 84 230 176 143 30 98 47 50 33 16 17 228 69 18 3 161 65 168 18 130 15 56 43 51 37 62 4 209 8 4 86 174 7 266 39 169 11 112 117 56 33 141 32 149 71 20 39 25 30 38 13 84 67 23 36 166 136 44 256 51 242 4 72 63 23 88 31 2 42 68 67 142 7 60 120 175 40 11
0 28939 169 19 100 78 69 145 18 27 76 48 124 10 187 83 167 14 46 67 171 47 82 46 28 20 454 70 79 108 517 6 101 80 3 8 37 38 206 54 23 124 59 7 470 5 101 9 217
0 28980 76 75 77 59 69 64 37 11 177 80 73 19 100
0 29001 50 7 111 170 21 28 234 9 220 16 369 44 180 13 281 21 78 237 24 12 65 117 6 137 2 11 196 100 4 51 352 165 93 33 83 15 39 55 126 3 4 58 76 76 92 114 12 1 134 159 116 39 13 7 65 43 4 56 21 74 34 6 67 2 35 13 39
0 29119 145 7 134 6 56 110 88 9 59 7 147 94 24 51 31 32 160 35 3 13 96 15 11 18 144 102 125 94 66 4 374 45 170 65 8 70 33 36 27 31 38 160 91
0 29439 151 29 28 69 17 7 76 24 74 24 23 6 78 74 57 3 37 15 437
0 29581 41 50 37 11 412 2 41 72 123 31 11 94 30 28 28 32 83 42 362 72 95 235 88 110 17 18 13 64 93 53 54 126 13 18 144 37 13 11 1 185 84 23 214 34 12 3 45 9 247 46 14
0 29658 191 11 77 9 43 21 26 32 117 43 121 44 36 6 48 9 43 10 153 9 7 19 64 84 9 66 99
0 29907 52
0 29963 100 6 209 80 216 3 37 188 70 16 2 99 82 25 273 22 130 113 133 31 27 115 14 12 113 27 21 33 137 63 353 29 99 67 191 33 127 96 83 48 10 5 30 78 300 83 119 24 24
0 30131 26 24 31 2 269 46 12 33 88 5 1 50 36 46 368 224 171 28 45 38 17 56 56 78 171 11 83 122 43
0 30138 213 1 31 1 301 29 295 42 30 17 89 15 29 125 3 55 115 95 245 12 131 88 62 5 135 15 235 138 23
0 30237 186
0 30317 105 109 1 19 10 18 40 40 48 51 59 9 102 21 130 22 24 24 1 62 148 1 14 50 7 50 54 18 259
0 30344 80 6 22 7 167 106 67 73 323 25 3 97 48 10 28 5 70 36 99 5 54
0 30421 24 35 72 23 154 134 37 36 277 104 32 28 151 50 13 8 48 35 11
0 30494 26 28 79 162 145 34 51 22 481 1 389 3 38 108 111 16 69 288 93 31 16 14 18 89 305 13 92 32 99 43 25 62 143 29 195 1 2 87 125 180 11 17 85 24 100 58 6
0 30650 101 26 40 63 26 13 154 74 30 7 130
0 30795 177 2 181 4 337 183 290 2 77 9 55 65 223 61 87 55 30 10 83 73 137 83 699 38 7 13 47 1 241 39 15 19 130 6 108 81 172 22 107 30 30
0 30853 9 50 99 39 55 115 12 60 141 70 116 16 110 31 62 10 94 12 50 1 136 102 54 56 109 76 67 44 99 31 8 73 273 62 62 6 32 16 131 70 228 9 61 54 163 21 73 70 8 70 98 24 372 129 143 50 83 7 215
0 31084 481 107 68 39 228 3 27 22 62 5 224 91 295 64 50 29 624 18 11 23 75 24 270 19 63 157 438 79 135 57 58 55 21 80 55 95 85
0 31304 329 53 70 14 22 12 196 21 37 31 612 13 79 45 175 40 129 31 190 32 147 12 60 16 83 27 166 19 245 76 69 5 27 68 109 46 61 17 239 62 89 8 200 103 32 19 107 5 112 138 85 133 10 154 28 52 98 93 12 59 52 42 209 2 246 10 2 27 14 4 137 9 34 64 6 51 61 76 148 29 2 1 3 33 145 81 193 44 50 35 17 1 64 36 78 8 78
0 31374 1
0 31575 65 135 266 22 212
0 31616 74 15 229 16 4 54 155 71 114
0 32142 94 34 303 4 162 39 67 5 139 17 164 5 46 35 13 33 68 1 24 100 23
0 32289 121 8 10 30 140 66 103 186 25 16 83 55 112 187 340 45 48 140 82
0 32374 154 77 65 7 81 9 21 27 171 65 30 93 16 65 18 18 10 5 220 6 224 102 50 39 3 90 20 17 9 81 59 109 41 47 38 8 134 52 16 4 15 111 14 9 133 93 180 34 26 17 141 154 13 203 30 34 32 29 211
0 32666 61
0 32800 60 9 148 192 46 89 170 92 142 90 161 54 58 211 83 117 3 4 14 165 60 11 122
0 32877 13 65 32 1 143 42 60 58 113 1 149 26 5 70 1 2 9 49 8 24 144 32 25 58 218 15 223 22 572 4 3 77 47 35 157 230 47 4 208 47 93 7 12 48 21 1 344 37 231 11 114 188 84 154 7 54 457 6 247 33 251 24 110 5 13 19 52 66 18
0 33081 233 119 32 3 407 50 15 15 114 68 9 26 2 39 27 7 412 174 106 73 40 34 59 41 6 15 58 10 188 22 63 51 172 65 16 21 54 25 32 81 178 114 187 5 150 76 5 35 147 33 60 7 275 41 17 9 100 31 66 121 304 76 43 20 149 13 85 178 95 37 109 39 46 32 19 6 91 83 110 19 331 13 41 13 392 76 3 17 32 16 96 73 33 43 85 33 29
0 33166 270 18 136 21 13 11 69 26 21 42 33 11 74 24 24 37 153 4 55 3 341 36 47 16 32 38 235 117 106 151 2 90 21 46 46 1 2 29 59 13 59 39 279 176 9 146 30 97 10
0 33236 131 55 170 9 226 33 592 8 71 37 20 7 71
0 33439 56 18 144 26 188 56 134 21 186 29 30 15 123 23 57 136 55 27 105 52 79 8 56 136 18 82 41 33 453 31 26 159 11 8 76 82 28 20 25 17 170 3 27 17 57 2 114 67 150 86 114 76 469 8 193 8 234 47 112 39 125 111 69 57 39 39 236 9 46 70 20 105 18 41 345 30 9 81 24 162 188 121 246 129 193 6 12 87 31 35 55 19 206 22 163 133 128 27 249 37 86 18 9 87 98 37 38 98 88 124 4 4 31 120 10 35 245 13 47 69 17 30 328 30 18 8 331
0 33649 191 22 64
0 34333 267 16 93 3 41 91 194 27 18 30 17 49 252 71 20 57 11 39 176 58 121 104 28 152 11 38 11 38 31 16 10
0 34576 27 48 158 134 112 91 217 15 82 54 1 72 9 168 7 59 43 34 191 72 138 105 179 24 37 19 53 79 37 44 6 59 58 1 24 61 106 62 88 34 13 65 1 39 89 10 290 35 111 6 44 176 82 18 33 2 7 66 103 11 212 9 29
0 34611 238 3 2 20 49 50 130 65 12 41 239 144 187 59 286 32 77 196 10 38 156 57 99 383 93 83 13 3 62 140 115 66 62
0 34689 910 17 87 99 98 57 322
0 34777 2 46 4 40 169 83 37 16 97 146 81 57 75 20 20 137 99 212 24 42 30 20 13 41 31 12 63 74 220 28 51 22 119 13 2 9 152 19 253 54 11 32 157
0 34785 14 58 9 27 3 180 46 5 151 1 52 140 71
0 34803 97 104 59 30 28 147 41 85 221 63 45 183 537 12 253 101 92 51 146 13 106 11 88 91 184 33 106 79 14 2 42 9 17 1 1 121 208 116 182 35 38 56 52 19 12 8 48
0 34957 259 44 27 121 10 66 2 81 279 52 39 45 49 23 131 31 97
0 35023 70 178 23 133 32 6 103 12 18 152 362 1 5 9 251 19 57 246 143 65 4 16 28 57 5 1 49 5 132 10 139 10 142 11 106 13 98 19 24
0 35420 191 51 12 73 34 140 56 21 42 36 40 8 42 12 118 27 21 51 18 9 94 75 11 20 41 112 123 60 54
0 35553 90 83 56 147 127 239 29 3 2 29 43 59 24 24 257 44 33 27 8 7 253 25 11 4 69 68 37 6 47 117 144 53 43 130 165 64 287 98 20 6 175 30 76 30 1 50 128 32 114 90 156 10 73 85 96 18 288 28 53 95 61
0 35810 55 18 11 8 54 1 175 20 18 3 86 71 63 33 58 35 17 3 8 47 96 15 103 20 82 85 56 38 110 12 83 41 3
0 36242 59 169 101 103 41 98 3 44 397 43 59 29 87 7 74 15 428 7 464 84 31 84 2 25 148 33 23 108 73 8 86
0 36321 114 51 291 144 113 47 62 35 86 39 8 76 184 22 35 10 36 15 87 62 3 77 53 12 75 32 230 27 48 111 145 54 245 1 19 17 186 99 58 16 60 29 46 86 26 61 53 38 69 28 158 38 29 32 16 19 113 65 32 45 252 91 16 14 831 28 32 27 81 150 20 31 209 23 227 100 58 55 272 14 173 18 64 116 273 47 16 55 8 4 6 74 54 71 80 27 54 70 31 5 54
0 36368 38 134 122 4 56 120 56 20 16 32 188 48 22 37 26 29 251 195 127
0 36371 14 21 63 51 22 4 50
0 36399 34 122 19 6 8 45 58 45 177 29 211 14 34 16 17 17 51 27 332 121 22 64 358 20 30 78 176 50 154 20 26 48 47 128 181 35 59 15 93 32 9 6 32 24 33 85 36 22 4 98 49 164 85 27 39 122 1 30 209 9 385 44 50 94 88 134 12 23 109 114 4 22 144
0 36888 87 37 92 48 15 154 46 10 59 7 18 39 42 3 42 27 83 7 28 105 118 28 198 51 155 8 123 3 190 3 450 19 38 33 110 28 175 11 208 50 132 8 129 92 131 10 70 79 49 150 198 48 53 21 105 157 123 84 112 21 118 15 197 36 45 29 205 46 27 42 81 50 48 1 32 30 31
0 36985 48 46 93 55 28
0 37069 23 97 15 22 45 15 22 35 49 168 96 71 20 142 239 27 200 268 64 43 30 1 186 26 451 3 76 3 613 55 116 22 102 117 104 50 241 32 6 73 177 147 15
0 37108 212 28 139 139 30 15 108 42 54 176 74 103 278 2 117 449 157 82 72 68 35
0 37199 34 72 45 7 199
0 37280 124 9 44 209 70 8 79 171 1 104 110 110 28 11 60 118 40 41 100 4 72 58 247 55 66
0 37316 199 10 170 25 436 30 98 210 29 5 301 86 421 16 32 11 361 15 116 39 87 14 63 40 28 78 539 55 547 32 133 31 66 125 27 101 18 3 22 37 49 13 1 20 17 28 16 17 48 1 49 10 3 53 240 82 1 45 156
0 37541 132
0 37610 8 46 98 126 13 9 180 30 61 179 70 13 51 18 36 90 271 129 81 10 286 19 13 24 55 7 26 103 54 88 21 97 61 3 77 22 18 25 145
0 38004 5 70 102 48 54 21 37 16 95 89 12 9 60 18 297 45 1 13 88 3 79 3 571 57 16 82 210 19 42 36 11 41 48 2 148 68 16 19 361 12 98 52 109 20 230 104 30 56 266 31 39 74 13 23 48 37 80 6 69 5 278 12 18 28 249 60 48 9 285 37 50 28 28 94 9 84 71 96 91 2 95 41 92 7 111 119 122 16 124 65 15 39 203 10 46 20 114 36 64 14 2 64 13 21 105 55 274 135 146 42 91 68 298 40 18 88 264 16 101 69 12 45 76 41 53 68 160 15 7 14 29 18 14
0 38184 28 15 170 9 38 68 91 19 28 33 107 171 145 12 46 124 81 68 83 24 56 29 34 38 40 26 72
0 38322 112 76 238 56 38 136 35 44 22 150 62 19 3 10 91
0 38451 24 61 92 108 345 55 94 62 84 4 176
0 38775 7 86 5 112 22 6 195 13 365 18 464 37 521 18 111 75 144 24 49 111 20 104 6 24 47 84 46 16 2 36 1 12 69 43 22 39 58 76 130 23 127 8 145 68 215 37 226 115 18 1 250 92 53 31 32 47 39
0 38979 177 160 23 6 28 3 39 34 28 119 266 234 113
0 39032 157 43 16 2 4 39 77 39 49 20 56 73 82 4 36 17 45 36 112 53 117 29 175 31 150 138 69 5 82 38 13 8 18 53 17 39 316 10 516 11 13 11 94 7 112 16 62 4 25 57 71 41 182 5 9 60 141 111 24 70 3 165 70 11 18 67 18 44 393 217 88 40 6 108 31 32 11 40 321 62 36 28 7 140 17 56 213 53 75 79 204 20 178 55 108 13 267 27 9 2 7 24 13
0 39118 116 33 51 18 18 89 84 25 37 6 126
0 39197 5 63 59
0 39216 20 45 6 45 156 24 3
0 39472 29 49 27 129 141 13 28 30 23 43 13 69 3 33 136 36 49 8 44 9 25 99 96 7 125 68 423 74 32 89 35 77 37 104 132
0 40448 22 76 87 141 304 16 262 99 304 80 133 6 49 1 73 13 24 41 349 19 17 62 50 68 71 28 475 62 52 7 347 5 54 9 333 97 335
0 40526 13 12 74 141 57 70 37 9 10 97 44 35 33 30 82 22 171 74 69 7 150 1 66 18 92 2 17 1 133 85 289 25 49 172 68 24 20 32 92 10 87 18 104 41 109 62 36 14 53 24 55 11 14 87 65
0 40718 6 20 86 19 75 19 79 54 33 74 172 12 29 34 70
0 40814 74 29 36 17 223 16 54 14 146 38 46 10 136 26 63 3 51 43 352 31 127 85 91 87 39 56 35 25 28 13 114 49 418 41 112 33 3 7 14 150 39
0 41344 239 26 35 8 26 92 108 87 12 6 59 3 66 59 30 12 14 41 29 20 58 60 43 2 67 102 18 115 50 93 15 39 157 123 88 2 92 68 35 99 15 21 31 91 16 109 57 170 23 29 15 4 55 134 44 69 73 4 193 2 127 9 87 9 30 8 163 28 82 110 389 35 103 27 35 73 153 45 53 27 133 28 24 34 75 91 110 174 22 1 58 112 79 26 32 7 49 58 107 69 89
0 41588 39 62 147 32 243 70 77
0 41590 36 3 269 36 2 106 81 30 29 21 183 26 45 41 4 94 9 27 69 4 31 1 21 2 19 144 143 8 45 11 4 135 32 34 68 1 91 45 44 57 49 63 197 43 29 18 395 4 91 19 8 89 76 40 230 68 109 32 52 109 115 54 166 20 60 45 112 62 163
0 41726 30 33 175 45 69 79 419 9 28 12 90 35 135 9 51 22 62 107 387 35 18 49 201 1 217 94 325 194 17 48 84 28 73
0 41875 8 30 34 145 84 16 26 134 69 4 82 11 9 81 15 51 150 97 26 155 161 56 181 36 396 9 41 14 25 24 52 104 30 18 20 3 38 23 19 6 211 2 123 9 74 1 13 66 113 14 29 164 202 8 64 5 258 20 124 48 69 31 105 97 14 9 129 33 12 18 31 79 35 42 61 109 6 12 299 41 95 66 318 65 9 31 10 31 91 109 38 10 4 34 121 28 18 17 370 75 266 77 17 51 23 16 2 43 26
0 41963 90 39 330 12 7 18 8 8 68 29 183 10 10 18 205 18 29 1 26 131 13 1 23 108 87 6 92 60 30 18 72 53 174 68 2 72 17 27 72 18 88 111 26 51 122 3 87 34 40 22 27 181 217 1 68 6 57 3 41 126 62 1 186 52 57 113 308 86 30 65 55 85 52 2 142 36 22
0 42010 99 65 17 109 92 28 70 21 79 57 43
0 42104 7 45 194 39 103 22 93 102 86 36 219 4 158 26 98 28 102
0 42264 56 48 7 1 37 5 109
0 42459 86 42 47 178 48 257 47 74 205 59 86 67 61 87 499 34 448 9 94 31 20 100 13 29 70 3 169 84 82 13 5 152 60 71 81 60 69 34 158
0 42477 72 39 218 75 95 48 79 3 48 26 5 37 138 44 114 73 42 19 68 22 108 11 71 17 316 46 69 126 44 5 21 42 70 68 2 51 3 34 22 45 131 11 5 55 68
0 42598 53 53 279 3 95 59 76 8 74 122 99 6 51 138 5 146 72 62 160 90 30 270 69 27 112 17 78 10 217 9 181 1 4 37 66 32 20 131 645
0 42626 7 6 92 2 229 65 81 32 11 61 16 8 9 15 6 2 108 25 89 143 106 33 233 9 3 12 23 93 209 45 62 4 152 5 23 47 137 17 10 42 46 6 18 37 73 108 346 41 45 33 155 43 33 18 137 58 134 17 94
0 42644 39 55 76 97 101 14 28 44 189 128 18 165 171 4 364 43 10 19 237 25 210 66 25 57 115 37 104 87 51 52 384 66 54 54 10 14 79 24 22 8 229 63 139 26 105 82 47 7 63 8 75 7 199 12 409 227 2 113 32 38 113 77 416 5 123 17 103 240 38 11 568 2 105 64 8 84 43 11 5 32 4 20 167 28 370 34 232 11 37 46 21 82 185 14 68 59 44
0 42825 89 24 187 76 35 92 38 39 129 141 20 9 53 3 77 42 296 23 18 24 160 2 11 161 34 46 45 13 66 71 83 1 40 36 16 114 11 65 155 84 15 13 62 32 95 5 110 59 182 25 34 123 116 15 69 92 52 16 46 107 27 65 110 25 14 44 143 75 184 20 43 64 157 39 29 6 15 20 52 7 74 29 143
0 42878 8 60 151 94 134 15 15
0 43262 60 61 64 38 128 1 44 104 57 26 135 86 46
0 43315 10 5 8 96 2 153 278 244 11 80 113 13 81 187 317 26 81 4 38 53 77 11 121 30 102 13 108 7 188 39 77 69 113 71 52 30 11 43 6 64 61 72 232 233 43 133 17 11 33 93 81 17 70 32 12 53 189 30 95 15 148 180 95 77 52 43 49 20 121 78 125 104 162 19 5 48 68 45 13 22 52
0 43453 441 71 22 30 33 165 46 43 202 116 18 11 275 130 43 47 137 64 100 52 64 73 12 140 456 223 68 145 55 18 108 37 57 3 241 1 105 9 13 12 119
0 43937 16 83 147 27 22 19 3 44 38 37 74 8 221 8 95 23 102 86 12 26 92 38 123 78 82 48 10 12 184 16 16 104 75 8 17 63 28 24 164 34 48 55 114 23 24 7 40 52 124 162 105
0 44317 269 9 96 93 42 99 38 12 297 5 105 14 17 3 17 37 86 7 104 29 9 26 111 204 22 129 11 138 139 46 405 10 148 42 7 38 37 16 32 14 29 13 8 140 11 30 23 27 150 74 25 197 101 70 328 2 27 128 155 28 32 146 61 67 104 108 19 16 88 18 58 15 45 135 4 15 16
0 44502 13 7 48 91 109 13 42 51 29 29 127 16 204 71 104 45 389 92 996 8 6 21 224 8 33 145 127 94 11 24 121 2 9 27 129 33 130 34 20 10 1 13 456 237 15 74 84 47 203 90 25 15 175 50 251 39 148 13 95 83 61 12 9 20 131 67 39 47 148 51 153 8 2 26 42 3 1 57 110 3 140 1 375 13 41 23 53 42 57 12 1 1 23 105 51 15 46 17 30 37 124 50 87 11 32 47 23 4 30 21 54 43 61 58 160 51 24 53 7 17 45 19 110 27 38 23 29 56 52 37 36 1 555 41 68 54 40 182 400 27 251 5 68 91 88 16 72 58 45 14 427 26 60 7 439 8 32 26 47 103 159 32 24 12 13 17 166 4 165 3 62 46 181 120 121 80 13 94 124 14 76
0 44683 3 1 59 40 5 65 172 59 173 68 52 21 135 19 40
0 44706 20 186 60 2 60 108 18 7 24 85 63 1 20 37 45 65 102
0 45001 83 28 17 48 172 48 105 32 10 38 3 60 196 66 226 56 256 90 270 65 250 16 304 17 15 45 26 16 164 25 487 27 124 21 59 50 38
0 45186 216 12 123 121 5 161 191 52 289
0 46210 134 57 140 16 91 20 211 11 4 45 177 7 204 134 60 8 38 3 741 4 102 66 52 11 43
0 46328 78 56 78 14 54 159 108 83 44 9 194 51 20 41 51 27 17 27 242 13 164 20 12 10 46 51 88 33 68 28 5 289 17 12 201 1 169 58 180 24 98 96 373 11 50 26 192 15 15 225 49 82 86 36 33 19 110 130 36 6 32 7 55 8 56 54 42 43 26 8 41 45 23 57 84
0 46397 70 68 50 11 142 161 36 6 33 75 283
0 46672 9 26 81 58 23 53 127 22 84 143 30
0 47108 49 47 104 35 10 64 83 12 159 20 54 4 73 91 52 28 121 31 23 97 227 12 26 132 121 39 49 62 187 55 153 1 120 14 34 7 133 70 201 64 10
0 47154 75 35 142 28 107 63 73 131 164 43 105 59 90 106 34 93 16 23 11 128 108 185 37 24 296 1 34 18 47 47 398 37 31 23 27 10 203 10 44 108 29 18 218 162 417 21 32 11 51 112 21 97 20 101 164 114 95 11 148 41 40 56 123 88 51 21 23 55 275 10 202 1 126 26 114 14 39 13 367 216 27 20 154 79 132 12 215 20 12 58 108 70 83 8 49 6 65 5 89 6 5 88 44 53 32 47 5 58 12 17 80 70 11 35 82 39 35 12 53 3 27 2 356 7 224 10 145 41 575 17 361 16 135 46 24 13 13
0 47751 44 16 174 43 21
0 48043 133 197 163 186 159 11 36 11 20 2 21 16 3 181 24 25 71 3 26 115 205 200 58 1 60 17 70 100 10 44 22 28 18 70 97 12 6 34 13 262 34 18 213 38 196 18 13 72 7 21 253 133 2 15 60 89 92
0 48384 71 87 64 70 314 47 26 11 13 7 94 10 325 11 103 60 25 122 55 72 307 55 3 17 152 222 111 74 77 14 125 86 96 63 90 40 56 16 114 170 140 31 96 6 27 19 74 54 81 24 23 68 30 8 51 90 148 40 219 1 78 43 12 1 136 57 3 6 110 45 155 51 47 88 118 30 203 25 10 20 120 104 156 235 76 5 119 35 6 70 47 45 17 10 83
0 48427 94 50 31 20 36 18 68 13 51 7 73 20 99 34 33 4 98 10 162 16 242 124 14 30 22 40 170 10 24 2 84 67 98 65 43 4 115 1 17 32 5 41 127 11 4 23 219 97 160 213 11 120 52 136 39 38 59 8 31 73 260 39 221 59 92 219 75 1 16 136 64 29 297 30 271 16 2 53 32 90 18 36 345 26 35 81 69 250 127 76 39 47 47 8 53 27 246 54 66 23 360 83 133 6 47 93 31 60 30 38 85 22 288 2 55 223 23 21 19 15 202 121 4 15 48 2 37 8 62 140 38 30 53 71 9 70 151 20 404 43 154 72 54 54 2 20 57
0 48663 339 37 29 39 181 13 130 74 216 6 68 112 113 58 172 126 29
0 48666 13 17 145 49 45 10 118 24 24
0 48700 155 13 148 11 86 51 13 72 65 103 93 39 9 9 33 13 143 66 41 11 5 28 42 7 29 3 55 37 46 1 20 58 282
0 48985 47 87 3 10 27 28 25 7 113 33 29 114 16 119 101 3 211 1 97 10 15 71 9 1 68 58 55 24 46 33 113 106 7 9 60 8 128 24 74 46 33 20 21 93 24 14 2 9 14 78 89 28 54 98 401
0 49018 227 4 73 18 26 42 297 54 20 72 508 116 105 133 143 28 132 19 31 88 29 9 12 40 339 35 346 18 58 106 51 128 95 47 545 20 58
0 49171 138 1 43 111 50 135 65 45 46 373 152 3 60 23 144 11 62 3 51 27 39 39 15 6 113 16 48 16 117 26 12 22 19
0 49451 155 20 57 83 22 57 62 20 7 15 115 70 6 3 224 183 151 136 92 12 171 27 15 16 18 66 28 107 206 19 71 3 37 12 26 11 308 44 109 15 60
0 49735 38
0 49984 71 60 82 31 2 61 34 40 102 92 47 155 299 113 29 56 50 9 187
0 50358 124 119 90 76 125 29 33 18 20 74 22 147 10 113 36 82 158 33 111 102 125 22 34 67 347 80 111 30 21 128 49 33 139 26 50 15 26 11 134 54 18 7 88 42 42 5 53 57 151 22 83 23 24 16 90 44 48 35 116 45 110 81 71 26 133 164 254 66 53 178 221 30 323 123 60 32 7 21 543 15 289 84 57 8 29 22 66 3 140 40 50 4 92 22 108 4 10 33 151 10 434 48 289 3 22 196 155 16 59 63 67 42 113 3 54 180 61 29 36 20 32 9 32 20 108 9 59 22 71 41 165 20 9 9 330 84 119 32 158 1 70 25 135 91 162 210 34 158 81 71 57 45 4 58 63 5 97 105 10 41 43 9 480 18 117 76 31
0 50363 2 81 57 60 16 36 58 11 13 35 29 1 392 78 76 79 292 81 114 4 180 4 61 30 75 41 80 31 357 4 49 19 29 31 50 66 11
0 50392 99 32 53 7 221 38 96
0 50627 151 6 117 22 248 96 137 4 36
0 51326 114 164 50 15 28 29 17 48 100 57 94 74 219 109 138 14 5
0 51433 247 196 212 69 137
0 51595 12 49 9 119 54 28 85 25 25 39 47 32 126 55 6 97 84 49 11 40 49 10 56 36 113 126 55 112 66 52 277 48 367 58 77 13 326 10 144 12 215 19 113 4 38 9 223 54 370 82 46 69 41 15 154
0 51693 89 141 129 32 114 63 293 50 5 18 61 24 3 4 235 62 5 20 27 56 27 3 209 68 39 44 201 174 71 36 276 11 56 3 15 43 30 109 40 10 123 3 30 49 42
0 51997 260 39 126 134 63 15 78 4 112 44 85 61 76 235 146 58 5 5 16 41 340 63 71 1 117 12 92
0 52345 71 33 11 87 13 80 9
0 52598 168 74 125
0 52676 270 99 40 125 3 32 114 92 21 109 58
0 52707 90 32 25 11 65 43 59 6 14 5 86 69 34 132 38
0 52782 340
0 53151 55 31 12
0 53312 47 63 35 63 21 24 106 12 292 32 159 79 17 35 14 56 53 122 82 114 72 18 6 40 8 8 115 36 126 11 57 19 18 11 176 16 127 10 95 49 392 10 255 101 89 35 64 17 100 43 64 66 11 123 38 15 114 12 25 69 8 89 42 57 281 58 25 24 91 51 159 65 60 43 62 111 47 17 32 154 9 36 112 38 170 39 116 6 90 118 435 99 115 110 194 84 184
0 53412 113 19 118 94 99
0 53777 208 6 151 8 47 11 41 27 174 87 93 19 316 45 40 58 110 51 111 5 130 7 147 19 75 54 92 122 242 10 36 4 9 114 151 56 68 67 179
0 53877 15 55 383 45 196 19 98 12 20 9 184 37 14 14 44 68 354 5 68 35 160 11 91 47 25 13 120
0 53952 234 31 180 27 26 185 117 58 58 39 4 27 78 32 16 33 51 21 179 1 7 28 92 52 71 118 333 9 20 43 239 14 223 195 97 57 61 65 25 52 139 19 112 81 4
0 54133 29 26 395 110 115 55 314 3 202 120 149 19 160 61 111 8 332 49 4 23 433 66 24 37 96 35 80
0 54202 60 19 67 31 277 16 127 34 12 17 14 13 81 4 38 26 101 9 48 46 10
0 54439 93 4 175 2 62 23 46 18 251 13 11 19 176 2 40 29 162 26 67 27 264 36 118 21 123 84 369 6 39 24 122 47 56 113 53 15 1297 160 78 45 80 60 272 2 167 7 106 16 63 6 137 126 127 26 205 77 90 32 17 1 117 104 96 22 111 143 87
0 54479 94 90 5
0 54637 15 24 219 26 63 53 82 32 150 29 24 12 86 72 248 108 30 92 396
0 54746 118 81 78 20 7 76 37 48 178 38 11 153 297 4 38 26 84 32 133 38 16 31 73 17 382 53 37 10 110 104 43 11 167 62 4 76 60 47 463 61 65 27 38 29 88 55 62
0 54763 23 81 14 32 184 72 244 104 30 5 15 12 42 66 40 9 16 41 46 132 575 3 62
0 54796 10 39 183 21 83 312 35 134 1
0 54829 10 151 14
0 54876 14
0 55001 155 17 148 22 51 128 4 169 134 4 19 17 74 18 81 89 45 98 69 11 158 14 114 94 108 34 129 66 23 32 73 7 63 25 9 32 27 135 223 16 92 79 98 5 78 57 122 16 14 48 195 11 338 17 162 16 39 20 57 2 107 15 97 68 13 9 37 26 7 78 1 39 5 31 314 85 15 87 5 66 269 158 73 52 319 30 135 33 350 19 190 60 112 113 208 8 210 17 5 50 49 85 64 28 22 14 155 137 54 37 92 17 4 146 80
0 55030 43 31 177 69 194 59 130 23 57 3 95 27 27 66 14 30 64 67 152 2 324 39 100 32 29 66 18 101 203 7 10 61 5 2 39 21 151 14 293 78 24
0 55424 38 71 18 48 24 36 19 9 190 12 7 45 42 156 151 156 97 85 12 8 51 24 42 13 92 29 13 118 5
0 55430 71 80 70 17 372 35 68 111 77 1 66 32 1 18 14 164 157 175 67 3 89 10 83 1 311 23 12 13 3 55 19 86 183 39 434 15 382 29 69 89 33 97 133 15 206 17 2 34 278 8 31 18 223 38 3 45 18 41 98 178 380 13 2 59 20 95 153
0 55468 14 5 7 26 298 7 102 32 120 14 282 46 16 37 57 7 56 37 7 5 65 13 154 22 23 36 105 29 10 152 46 22 97 37 45 4 75 1 19 9 51 33 270 143 41 10 252 21 32 29 66 13 64
0 55711 74 6 18 50 45 18 132 58 65 2 28 2 31 12 25 42 43 111 91 173 55 10 76 3 17 16 56 127 12 59 129 101 156 91 383 34 485 6 67 2 293 1 86 560 199 174 70
0 55982 210 100 89 19 25 18 6 47 261 15 122 32 26 48 140 79 39 108 36 18 188 102 239 14 58 63 10 83 42 21 115 16 336 36 137 34 65 140 92 10 283 94 174 45 54 2 101 8 45 23 165 5 4 18 73 10 35 137 100 48 203 111 273 129 114 36 60 37 192 14 48 9 20 59 104 113 61 11 176
0 56190 48 15 26 139 96 39 50 115 8 16 11 95 38
0 56387 117 47 103 130 317 5 6 12 1 25 196 92 25 17 141 55 111 37 38 3 72 2 18 4 40 13 2 23 31 11 181 38 39 44 41 69 14
0 56472 25 101 76 55 1 22 1 11 20 16 53 28 591 40 40 25 157 5 126 51 5 1 39 25 92 17 173 200 39 62 32 97 44 3 148
0 56559 93 35 119 59 85 25 28 44 6 16 92
0 56561 47 7 160 22 127 6 54 57 9 8 46 41 165 110 49 76 20 23 38 29 62 27 2 41 49 28 75 149 39 17 137 38 264 49 1 48 194 106 109 12 71 21 27 89 125 13 36 35 181 37 139 85 71 198 5 40 9 50 25 116 83 6 100 1 145 25 154 12 18 58 72 67 265 10 70 2 57 99 11 28 113 120 263 22 178 82 12
0 56623 156 22 74 113 25 43 64 110 26 14 148 79 295 8 288 26 149 66 25 57 66 111 49 45 2 32 91 2 70 54 77 91 94 110 137 33 159 43 76 9 364 115 110 46 19 33 51 149 46 40 95 164 18 12 173 69 30 1 105 18 105 7 125 235 38 11 69 26 156 6 83 62 46
0 56794 53 72 28 70 109 11 251 19 59 15 98 8 25 149 15 202 126 72 6 67 11 57 62 42 99 1 149 8 138
0 57259 1 36 16 11 30
0 57399 123 22 317 45 73 16 165 34 48 39 312 36 83 122 149 16 55 73 24 23 33 64 62 6 83 27 53 5 110 34 312 38 64 135 45 92 23 26 16 79 116 4 13 12 232 22 81 208 27 22 118 33 98 39 30 15 77 74 183 24 39 24 96 293 73 1 7 13 29 8 4 2 346 62 202 36 49 4 197 71 108 54 168 26 88 93 26 211 123 61 414 44 19 24 55 7 20 251 201 27 6 63 4
0 57984 171 81 60 39 52 7 95 35 325 31 124 25 35 104 82 38 86 1 23 89 5 84 17 24 195 2 114 55 100 22 3 28 8
0 58121 63 40 22 120 32
0 58367 137 55 105 5 30 18 124 82 3 4 139 65 255 29 42 39 43 101 51 96 572 20 165 19 91 36 69 2 190 5 170 89 23 60 117 23 1 52 182 166 128 37 100 21 61 6 69 67 54
0 58510 68 35 91 44 109 94 15 8 76 14 219 29 267 106 171 27 26 11 33 86 8 57 142 114 12 89 182 34 10 35 13
0 58804 4 200 4 15 71 5 93 79 68 90 137 118 138
0 58897 4 63 337 46 20 7 78
0 58912 45 27 90 16 622 53 41 2 141 5 363 68 128 67 256
0 59238 376 10 13 13 75 76 205 22 141 28 81 33 37 80 53 136 106 31 60 33 98 34 113 123 147
0 59284 9 80 191 20 10 11 133 159 127 70 89 86 31 33 34 62 288 174 136 5 113 36 111 111 50 31 28 25 84 73 89 37 47 8 2 26 238 21 144 36 55 351 75 26 212 32 110 48 49
0 59660 8 84 48 34 137 133 3 14 36 37 74 154 14 39 405 17 230 17 119 65 70 21 78 5 34 137 84 33 25 25 35 8 69 87 90 116 12 14 68 74 221 36 40 7 37 123 32 23 136 41 101 28 67 46 119 22 39 79 44 17 25 51 68 237 25 84 33 103 46 80 49 48 14 56 106 67 128 60 37 57 22 1 78 25 35 168 4 80 110 1 94 70 2 40 307 75 99 8 45 108 123
0 60054 10 76 26 78 53 45 119
0 60158 140 42 336 34 123 55 193 51 42 13 9 22 1 3 18 80 102 20 224 62 411 52 103 21 3 27 115 36 11 16 33 17 41 95 9 112 52 25 180 7 221 5 60
0 60169 136 115 190 1 18 44 56 70 219 8 251 16 122 3 29 1 89 138 42
0 60251 42 10 16 45 4 16 48 64 83 3 36 14 162 147 191 5 93 60 87 114 24 42 35 15 147 3 71 6 167 52 278 17 50 64 23 4 10 88 96 14 295 7 5 74 10
0 60331 203 49 37 52 217 11 35 40 84 28 11 26 33 27 423 64 109
0 60405 9 58 105 26 93 41 71 33 14 1 91 54 13
0 60425 252 34 17 34 106 72 67 14 27 27 78 66 42 7 394 73 52 29 65 5 213 16 64
0 60445 45 11 4 49 196 1 283 6 16 16 56 21 169 22 15 161 199 39 88 32 19 8 23 36 25 107 64 11 59 189 270
0 60494 71 38 80 35 87 4 94 27 61 22 287 78 63 7 184 38 92 19 158 37 6 16 44
0 60555 135 8 7 98 124 38 19 49 43
0 60723 50 55 238 28 33 137 7 22 152 108 7 74 67 52 77 19 40 12 17 46 1 11 112 53 67 62 14
0 60863 290 26 180 146 58 143 62 40 141 42 36 99 110 18 219
0 61123 6 23 46 15 91 3 230 8 25 2 228 45 46 30 459 14 119
0 61137 11 10 5 36 14 9 66 4 46 65 152 124 5 33 82 41 41 176 137 5 281 30 39 7 8 6 88 8 7
0 61411 49 12 173 11 24 12 20 84 375 116 62 82 9 2 84 35 166 130 89 146 31 6 20 5 148 29 38 171 188 3 222 24 156 14 58 3 23 15 124 56 17 84 8 113 77 1 188 27 40 17 53 48 88 87 76 113 159 12 202 20 21 38 112 5 68 91 104 50 64 19 162 33 837 8 58 157 141 75 313 22 89 89 357 23 99 53 51 208 99 11 60 25 100 97 41 55 8 23 19 151 78 137 9 38 4 35 194 33 32 6 33 39 96 96 73 55 135 30 10
0 61505 116 75 96 23 243 42 6 107 140 6 35 152 41
0 61521 36 36 42 26 12 29 164 3 67 27 49 15 83 45 35 29 195 220 7 14 294 109 116 13 110 34 64 80 222 57 94 84 5
0 61562 34 38 123 15 144 6 72 60 210 82 58 15 108 37 11
0 61651 11 16 237 10 63 158 291 15 13 58 55 11 123 36 6 49 3 38 59 28 18 38 24 8 38 2 16 5 49 65 59 163 199 8 164 18 132 155 258 10 14 29 55 37 9 14 78 36 72 42 229 8 64 116 73 80 42
0 61941 228
0 62051 13 67 242 55 8 86 132 36 147 6 81 32 14 152 156 38 4 37 174 11 131 1 54 1 50 6 10 111 177 41 308 41 97 182 20 105 74 54 18 131 43 13 204 7 24 97 291 131 6 79 61 23 136 181 129 26 65 41 71 31 34 12 213 4 41 24 117 59 36 25 5 4 163 5 31 3 164 24 15 22 13 32 70 70 170 5 67 9 19 83 38 34 104 33 49 28 20 54 119 10 52 44 185 146 86 70 172 8 4 20 89 12 172 16 271 10 73 84 54 48 152 108 39 62 23 24 55 27 159 16 442 2 58 18 215 30 115 3 278 37 190 13 102 69 25 25 4 13 310 71 40 16 246 44 261 1 7 41 209 51 3 27 76 27 85 107 295 30 27 9 463 133 7 60 54
0 62123 94 9 11 131 76 152 317 8 22 156 191 21 137 22 41 49 36 18 255 81 2 10 10 14 63 14 33 55 6 76 261 13 118 55 188 15 263 109 29 102 53 54 6
0 62233 34 20 22 56 47 103 58 169 25 19 80 40 2 33 49 6 78 2 91 1 23 58 59 20 219 8 76 41 3 54 34
0 62270 30 29 65 20 157 103 15 41 109 15 79
0 62386 63 19 224 8 108
0 62412 105 34 45 24 2 146 351 20 23 14 28 26 7 45 320 74 25 38 181 13 44
0 62594 54 102 148 3 12
0 62674 30 23 74 4 152 11 131 258 141 100 14 17 49 49 133 8 193 17 118 8 42 50 79 17 22 150 211 3 34 33 21 43 5 6 277 96 115 44 14 36 111 4 72 116 123 14 36 79 238 27 4 14 15 60 230 42 18 114 159 34 48 38 22 51 147 23 153 8 192 35 105 27 41 76 1 161 53 39 4 58 99 8 211 97 68 16 48 28 7 5 140 41 21 30 232 14 254
0 62957 137 31 12 17 16 56 128 3 79 5 34
0 63227 33 26 50 46 22 67 36 52 26 49 12 2 53 77 92 65 92 59 124 5 290 33 137 17 91 24 40 11 21 43 103 104 15 175 41 85 99 121 94 4 97 94 4 19 20 27 148 208 221 45 210 43 21 60 200 31 278 189 61 18 134 93 2 217 581 41 38 7 3 9 61 55 424 33 43 162 234 64 25 41 65 91 20 12 244 2 36 35 107 84 289 80 38 16 158 8 247 9 35 8 1 83 360 65 12 1 82 39 48 1 50 153 77 130 53 35 42 33 57 90 29 71 55 7 30 15 194 38 24 56 46 36 48 69 43 32 48 25 29 50 12 18 5 14 185 48 25 36 12 42 81 8 63
0 63235 47 8 41 1 38
0 63433 152 5 16 21 9 71 99 158 95 10 244 7 5 109 18 140 29 16 52 16 35 15 27 32 31 61 67 11 441 40 32 85 20 32 156 37 89 9 21 43 37 230 152 111 72 95 206 27 77 26 52
0 63480 33 94 37 62 7 74 653 52 53 37 95 8 139 87 28 136 22 10 6
0 63631 297 11 21 120 179 39 17 143 228 99 3 2 53 15 59 5 88 196 67 57 172 46 291 34 83 3 268 112 9
0 63681 51 15 87 2 29 37 69 4 76 13 161 13 113 37 1 26 40 8 28 24 55 46 244 43 320 9 393 28 75 48 202 6 102 63 67 2 37 25 17 22 123 27 31 341 97 12 40 6 90 1 177 39 304 76 61 217 102 95 125 84 110 58 174 70 42 27 54 31 192 38 32 35 86
0 63824 135 55 15 24 83 66 4 4 152 4 81 13 104 163 84 136 225 29 157 32 40 130 77 26 6 20 71 257 13 53 101 2 247 26 2 13 84
0 63961 16 197 73 25 264 16 37 53 410 105 8 40 45 50 33 74 116 71 53 35 86 78 398 7 26 17 203
0 64100 8 67 8 97 179 52 35 100 190 15 225 66 116 51 70 65 123
0 64404 123 35 231 59 43
0 64518 51 36 41 30 21 3 260 98 80 76 171
0 64566 341 135 3 98 126 36 12 12 112 60 46 34 28 24 149 105 304 61 150 5 609 123 1 54 10
0 64662 161 38 61 62 14 12 13 20 45 37 98 47 77 42 237 19 40 110 320 37 42 91 89 44 117 9 23 19 9 93 74 20 69 23 148 37 54 10 180 14 35 27 49 145 27 61 15 17 52 68 242 64 1 150 44 21 65 38 187 53 161 77 30 36 117 154 5 137 135 137 44
0 64809 28 44 50 67 29 15 21 63 45 102 249 73 135 54 33 59 149 26 157 6 156 34 202 37 76 80 442 13 14
0 64816 126 38 326
0 64856 48 3 402 3 284 39 114 9 48 67 18 130 245 231 6 29 57 95 111 10 15 1 202 17 38 186 109 86 245 1 51 227 120 18 70 4 154 3 265 12 28 4 12 82 180 15 143 71 74
0 64983 18 14 96 25 88 47 68 3 215 67 5 15 227 118 5 35 115
0 65123 81 43 96 14 119 98 6 33 208 20 215 61 145 61 78 16 122 22 67 29 6 43 272 32 15 18 127 16 347 53 44 16 26 115 124 6 47 62 130 4 222 46 53 21 57 36 4 15 33 87 265 17 12 42 22 19 344 2 3 55 120 24 107 8 68 32 194 10 5 31 242 10 620 25 43 2 53 65 46 87 10 3 141 68 6 3 40 6 5 72 38 61 7 2 5 61 12 4 1 16 338 22 7 57 63 22 177 16 15 9 43 44 8 84 25 30 9 42 208 91 77 41 39 1 10 152 128 26 104 5 56 24 174 60 165 16 37 53 115 60 162 71 175 18 201 221 199 2 424 190 5 18 30 55 338
0 65346 13 135 77 18 352 66 160 8 1 141 309 9 231 31 150 87 37 67 171 72 307 53 44 55 155 78 95 62 95 34 30 46 11 8 45 252 135 3 91 106 53 60 122 30 43 60 152 34 54 28 50 114 48 16 5 97 110 14 7 22 66 119 75 25 13 31 61 63 301 41 19 19 37 14 45 78 40 38 354 111 132 13 9 69 26 75 31 8 26 18 12 7 71 50 15 20 45 25 36
0 65578 15 11 13 17 60
0 65729 253 26 7 8 55 15 73 84 585 28 121 9 6 41 117 11 213 26 4 16 101 61 21 14 58 28 116 79 30 113 61 9 267 9 291 72 200 38 240 46 26 78 204 9 2 26 151 2 163 34 72 21 18 64 35 91 132 2 73 15 225 8 158 28 5 18 91 24 107
0 65773 165 14 9 47 113 70 54 11 109 83 4 19 112
0 65945 6 36 675 139 301 54 32 10 58 75 34 42 38 55 161 24 169 88 19 80 180 41 66 276 93 9 39 80 231 35 201 33 145 20 24 21 86 47 148 18 27 34 116 58 21 35 22 33 226
0 65974 77 45 24 2 31 109 60 33 495 8 64 72 95 31 126 22 77 30 57 14 389 60 108
0 66057 137 28 40 75 154 60 311 7 36 5 14 10 97
0 66088 73 310 20 77 43 282 76 3 23 31 217 25 28 58 49 6 229 185 35
0 66180 2 19 75 134 30 26 230 118 245 97 56 21 139 183 140
0 66270 46 28 183 1 288 33 10 19 15 210 9
0 66311 362 17 179 168 20 40 57 12 121 35 60 41 187 8 25 3 26 49 117 10 31 39 246 172 24 20 16
0 66650 100 153 165 35 48 152 6 73 79 32 72 6 132 72 80 39 32 24 121 6 279
0 66659 44 125 63 3 197 34 91 44 5 109 209 30 2
0 66770 121 10 104 150 232 13 32 88 50 7 250 12 246 36 78 32 57
0 66841 227 56 130 12 98 12 4
0 66939 15 47 57 24 234 6 5 130 21
0 66946 165 24 5 33 137 9 162 22 153
0 67062 83 1 67 72 94 50 30 21 55 135 42 39 52 35 5
0 67067 109 29 720
0 67091 7 11 28 27 59 1 72 28 158 10 11 4 76 34 18 55 169 116 151 86 21 64 6 77 86 35 166 57 28 35 37 90 9 51 40 48 98 23 39 11 20 55 84 107 81 9 99 81 3 11 177 87 240 29 63 1 455 49 102 230 15 56 229 180 13 64 177 41 328 10 57 52 149 15 133 19 95
0 67157 201 11 34 79 118 35 34
0 67170 4 76 18 53 59 12 58 43 22 26 26 20 261
0 67228 50 22 130 2 163 211 86 71 38 11 48 5 57 54 61 8 66 10 113 1 70 10 27 55 90 12 148 3 26 15 87 145 139 66 74 15 42 15 48 6 57 8 60 5 149 181 14 87 7 18 84 60 21 19 49 6 27 59 238 89 41 14 28 66 88 48 9 46 81 60 28 36 134 16 20 15 205 22 29 323 396 57 141 48 58 19 8 17 74 97 244 12 45 18 269 67 55 52 74 90 16
0 67253 21 57 6 9 33 15 120 32 123 175 20 23 73 42 192 1 495 3 193 14 49 62 166 67 13 82 154 32 161 34 80 295 370 38 120 21 151 2 180 24 217 81 133 19 4 15 154 239 5 3 36 14 160 83 12 7 167 127 212 11 15 41 136 36 10 45 116 59 404 21 121 161 24 2 7 45 82 41 53 170 7 70 4 229 446
0 67527 76 35 58 34 2 16 7 9 51 8 87 67 19 83 9 75 42 9 326 47 133 21 18 168 31 58 165 11 47 85 193 33 28 74 102 225 228 47 166 71 140 22 41 143 216 8 176 69 128
0 67950 138 46 182 125 47 9 212 11 57 21 189 15 19 30 98 72 233
0 67959 48 54 127 6 125 9 80 26 6 32 99 1 147 18 42 21 94
0 68106 105 12 64 38 3 67 140 49 11 48 67
0 68302 1 14 51 68 157 56 19 18 90 6 46 220 66 9 119 71 307 1 56 98 158 100 6 46 80
0 68315 33 31 83 30 257
0 68419 543 30 31 4 337 106 39 48 135 57 39 23 59 88 212 53 42 26 7 3 79 15 22 52 195 30 9 49 18 22 126 60 29 53 12 28 89 92 15 23 4 23 334 11 22 24 4 12 121 41 13
0 68528 80 37 21 79 80 10 15 157 92 3 24 3 55 41 109 38 5 8 11 13 170 2 117 23 279 44 235 12 110 5 103 106 95
0 69077 196 112 343 9 199 119 60 50 52 18 23 15 179 20 14 8 56 7 170 26 57 55 16 20 283 171 52 145 153 319 48 226 150 5 5 11 296 4 82 10 76 17 66 3 3 36 27 77 113 64 26 16 63 22 20 140 99 71 52 44 112 110 61 35 191 16 64 12 278 70 27 17 38 3 36 33 34 67 259 170 179 71 9 111 173 95 48 99 23 75 7 27 90 34 21 107 8 30 21 1 11 104 28 31 262 41 729 162 256 168 25 15 181 49 86 182 22 49 78 82 87 86 12 39 147 65 404 54 57 23 81 109 44 27 14 30 149 59 67 35 3 77 11 160 18 84 419 2 187 51 71 22 114 53 31 6 52 6 42 85 87 18 33 22 112 21 44 39 96 22 117 50 58 30 29 50 81 165 120 23 11 29 64 28 122 7 165 19 139 151 94 23 91 19 68 15 116 104 130 14 603 58 24 38 231 9 450 58 372 12 55 16 13 36 67 4 121
0 69154 122 28 138 7 12 8 133 5 22 43 268 222 10 112 90 16 65 39 100 33 45 96 117 56 60 105 232 13 49 19 44 6 109
0 69444 73 73 138 78 51 236 19 103 138 97 96 34 176 28 71 93 23 115 73 32 72 93 55 2 1 92 161 153 115 12 106 26 31 13 68 44 360 47 45 32 91 84 427 20 11 155 339 6 96 173 310 38 80 31 47 92 5 62 49 108 18 2 83 31 82 5 145 19 143 11 123 9 73 27 129 87 15 27 30 23 18 22 138 5 16 57 117 6 1 91 128 11 99 63 221 30 49 38 51 53 55 29 36 31 73 9 12 1 162 19 38 58 57 96 38 15 261 53 105 3 124 51 119 3 29 21 72 84 172 20 1 38 344 10 238
0 69553 111 119 272 121 279 26 11 53 75 24 134 34 7 6 27 13 40 31 118 47 21 79 254 51 17 44 1 47 18 22 41 36 14 34 139 58 42 1 98 21 7 53 1 29 8 255 91 2 54 66 63 14 163 54 29 7 14 21 74 94 28
0 69629 249 90 32 117 53 25 7
0 69686 67 101 81 38 70 5 193 59 63 18 34 25 30 111 158 9 109 87 34 108 97 16 145 17 10 24 110 22 25 23 343 101 9
0 69796 34 22 335 5 58 4 164 14 15 57 128 62 80 33 24 3 21 33 68 36 12 21 68 120 272 112 31 46 25 46 75 32 91 29 39 45 39 6 168 33 99 1 97 16 97 126 327 155 45 85 83 133 4 36 10 5 20 15 96 79 27 50 87 31 165 31 53 174 56 11 5 20 107 2 45 183 2 38 98 91 32 37 262 78 25 52 163 37 43 7 303 92 45 21 66 28 229 5 174 37 51 35 288 63 60 62 44 2 156 89 276 45 49 63 87 79 357 71 8 105 219 55 275 36 192 25 22 55 430
0 69899 156 11 121 30 142 63 89 11 397 71 51 11 221 27 41 11 38 55 352 5 324 46 6 3 169 12 9 65 130 4 20
0 69996 11 12 540 59 291 56 59 46 3 8 168 9 13 198 69 25 192 103 214 61 7 23 67 6 221 91 207 29 347 47 144 34 6 57 207 154 334 27 151 5 217 115 22 67 67 403 240 114 114 8 180 28 34 67 57 20 29 96 19 16 105 73 51 20 9 71 114 48 128 183 26 35 176 12 169 20 4 84 50 6 71 24 28 20 108 71 56 36 146 2 12 91 96 30 14 57 11 4 16 214 42 76 143 24 250 23 84 64 61 36 93 20 174 17 30
0 70017 12 4 111 33 16 51 171 60 454 19 30 140 67 8 70
0 70063 11 53 44 74 45 61 62 57 29 151 47 1 7 103 88 34 347 71 123 20 183 143 3
0 70436 260 47 81 1 204 43 236 78 212 18 56 164 35
0 70543 128 54 79 66 30 37 83 70 267 243 383 55 273 22 29 100 28 2 161 19 1 29 28 37 69 44 321 74 10 8 13 7 385 105 3 42 71 7 19 17 50 24 31 13 66 9 7 42 272 2 109 14 23 91 134 71 90 141 263 70 145 17 85 8 110 38 116 56 65 76 27 57 10 36 54 9 195 15 219 4 26 19 172 37 50 102 74 105 314 65 135 5 226
0 70704 77
0 70705 127 49 330 76 140 51 7 48 195 9 340 30 232 110 59 19 101 36 65 50 149 81 4 29 127 106 15
0 71018 136 92 50 2 2 20 205 39 13
0 71269 87 8 26 57 29 58 149 106 129 38 272 112 22 23 17 63 5 22 305 35 17 149 115 141 232 22 14 74 20 60 73 62 36 11 145 58 79 47 27 103 131 75 101 71 3 86 10 3 10 185 2 26 62 63 108 85 182
0 71276 260 9 34 16 15 136 122
0 71498 88 4 294 252 41 56 191 37 47 58 231 55 1 63 141 96 114 81 68 3 141 18 2 36 41 185 55 13 38 103 257 111 44 58 100 122 75 15 82 84 139 56 284 52 77 48 24 49 123 15 90 76 43 61 114 62 86 12 15 55 14 19 237 188 31 37 44 47 12 1 291 198 203 3 25 28 11 47 16 62 170 64 271 66 131 8 436 11 120 9 108 17 11 2 10 36 92 35 78 196 68
0 71537 129 59 9 147 53 7 82 23 2 16 12 11 272 21 46 9 244 51 53 6 154 36 83 17 39 19 17 12 117 56 6 52 377 64 215 21 227 51 85 21 42 11 39 6 124 4 71 78 8 96 190 21 190 91 63 41 120 160 88
0 71584 75 36 148 3 83 26 125 14 6 40 3 37 102 29 14 113 107 52 36 27 4 82 19 24 129 158 33
0 72078 103 20 64 20 100 2 428 64 115 71 34 20 818 175 282 1 351 15 38 21 130 43 128 1 58 85 6 12 185 17 100 5 57 44 215 35 173 34 28 49 56 7 556 10 10 54 18
0 72188 24 37 130 52 197 43 243 27 86 7 18 63 41 4 18 213 21 72 98 43 209 39 299 67 25 26 147 138 11 132 82 42 151 69 342 49 295 22 89
0 72401 56 173 48 118 138 6 31 57 16 69 1 106 363 10 17 20 141 35 23 59 38 100 87 29 20 6 188 41 73 19 16 109 128 39 76 5 283 7 39 158 24 95 83 56 64 20 271 87 275 3 189 17 23 80 42 16 49 75 36 251 9
0 72408 15 11 58 58 172 3 21 85 34 98 105 4 114 23 9 42 180 7 150 14 78 168 69 39 1 4 3 122 9 26 140 47 1 15 54 23 52 28 167 58 76 45 89 107 104
0 72421 79 237 132 13 53 41 56 90 94 38 5 35 242
0 72451 88 31 33 43 6 36 19 26 2 7 109 44 14 35 219
0 72525 53 37 75 241 105 52 4 37 168 23 61 95 59 10 125
0 72825 23 25 138 12 64 52 80 81 75 5 28 12 178 17 47 257 75 5 174 17 68 21 66 44 103 16 40 30 405 27 59 7 238 2 228 40 223 68 50 19 171 140 23 7 162 52 130 203 96 29 237 72 65 51 57 5 23 178 124
0 72968 78 28 26 8 130 24 214 68 433 34 201 22 79 42 51 3 6 71 107 52 486 32 248 15 401 75 14 172 92 29 73 69 30 52 140 9 93 13 23 69 63 64 39 42 198 34 147 3 115 141 260 85 124 45 83 47 42 61 14
0 73328 350 64 31 96 174 2 252 2 91 91 4 25 18 20 28 87 21 15 415 41 130 48 446 34 38 17 84 3 76 42 20 111 69
0 73655 30 26 69 44 13 215 49
0 73804 78 77 77 118 143 9 92 12 87 193 28 95 285 34 127 34 43 34 143
0 74025 56 6 159 60 53 6 77 55 216 38 91 1 100 14 687 9 39 10 75 16 64 58 196 52 125 86 10
0 74107 36 41 31 34 41 13 39 60 31 38 50 16 24 15 9 64 26 36 65 47 185 127 56 76 73 17 29 11 100 31 57 24 75 7 83 5 34 150 206 7 145 13 44 1 165 33 247 5 32 60 62 52 10 60 45 6 44 201 46 51 4 100 98 15 136 93 3 67 112 43 197 56 140
0 74183 11 68 96 74 47 1 34 17 186
0 74355 6 52 149 50 114 20 43 135 96 25 344 67 104 74 11 50 193 14 63 6 61 10 216 18 137 42 22 21 83 46 12 7 75 29 17
0 74477 49 136 87 9 50 20 18 12 146 11 92 134 70 9 3 16 327 19 74 75 290 12 37 47 162 1 152 21 41 60 2 95 43 4 24
0 74526 96 2 117 8 8 10 40 3 43 34 41 1 28 174 197 19 149 30 278 46 90 26 47 17 157 32 518 165 336 10 99 68 34 19 206 1 255 66 49 83 19 5 11 41 32 44 79
0 74532 46 5 46 130 28 162 197 40 42 21 31 13 64 4 156 32 136 16 36 177 19 60 125
0 74583 60 67 188 24 108 67 136
0 74718 314 121 3 5 5 46 258 58 185 20 102 46 82 25 164 14 19 48 181 41 80 3 68 22 839 196 70 19 42 72 35 14 21 40 8 1 29 11 76 11 58 40 4 26 51 1 324 25 81 90 176 48 16 10 33 108 169 12 94 6 21 92 40 47 92 30 101 2 83 35 223 25 129 346 26 48 26 97 14 13 9 91 68 83 145 63 329 24 86 93 45 53 78 48 21 93 58 54 88 33 39 9 197
0 74787 4 60 424 5 26 25 4 10 538 11 75 68 62 25 223 81 51 18 32 62 178 8 107 112 107 16 17 94 12 17 17
0 75017 159 58 4 32 1 1 55 176 33 2 51 70 390 140 80 21 227
0 75675 215 68 89 47 104 51 135 34 100 13 361 30 4 147 56 10 119 48 115 11 15 27 19 10 109 258 53 6 5 103 181 104 78 5 80 26 9 56 113 108 120 17 207 12 40 4 184 1 87 65 72 37 28 2 26 3 58 6 150 128 5 75 22 39 285 37 80 16 66 148 19 36 70 25 35 77 31 18 8 2 80 28 179 11 36 6 16 10 20 9 88 76 58 82 110 37 211 25 142 54 52 45 73 28 34 45 149 29 17 127 106 43 13 25 300 7 146 10 316 74 151 15 11 14 112 107 508 63 31 12 131 115 154 22 99 18 52 19 175 141 165 41 91 115 79 4 82 3 264 42 56 19 14 176 40 17 67 157 37 40 222 1 301 292 58 2 189 66 100 65 357 35 117 51 147 34 112 11 47 14 85 137 364 96 77 187 17 20 13 46 95 34 61 120 89 47 191 6 492 61 132 28 10 68 23 5 70 59 9 36 2 73 219 2 212 73 55 74 184 17 163 84 75 61 147 1 73 17 24 42 104 27 32 20 1 2 39 14 58 36 64 65 21 81 99 59 113 44 31 70 126 7 63 6 30 4 36 31 87 149 112 7 122 15 115 96 34 3 55 5 111 66 29 72 516 14 72 4 178 8 149 33 14 29 124 76 186 22 219 82 12 59 276 42 21 8 84 23 44 43 50 59 6 13 59 13 113 42 216 11 112 3 43 14 105 30 3 45 105 57 151 52 114 61 384 21 33 220 33 77 164 40 287 118 211 41 170 8 56 347 98 63 82 13 132 92 77 8 32 32 8 16 186 27 17 40 12 38 98 35 126 38 394 24 29
0 75843 165 14 231 43 176 18 224 19 223 1 94 29 137 24 106
0 75905 12 39 245 52 31 116 202 12 52 58 163 35 141 19 44 58 39 39 281 3 84 105 188 63 126 66 37 23 39 192 188 26 66 72 53
0 76007 44 32 122
