0 0 273 13 13 52 13 148 22 25 390
0 98 214 7 24 102 194 23 66 100 64 45 56 50 107 3 143 1 46 138 39 5 833 47 60 75 156 25 4 5 12 130 320 194 142 17 1 37 331 25 47 25 79 55 159 5 252 126 130 18 311 6 145 5 35 116 48 100 197 27 17 81 50 99 60 137 48 50 220 27 94 23 73 10 90 63 41 3 69 44 10 72 168 38 97 57 3 38 80 77 96 9 61 202 40
0 206 36 18 117 26 32 68 213 125 75 24 260 3 8 124 23 12 152 29 136 57 13 14 124 25 2 13 375 15 128 130 25 191 9 102 9 78 176 41 173
0 236 245 198 73 10 137 70 10 185 5 77 53 29 42 14 15 27 1 22 262 8 56 40 42 15 17 111 5 231 179 32 17 70 47 163 364 44 4 81 74 9 71 58 12 69 103 69 247 72 75 1 10 16 192 8 296 75 256 17 9 13 83 126 196 26 27 40 77 46 434 28 37 46 93
0 269 152 3 28 11 86 80 22 2 5
0 493 67 4 5 26 27 11 172 77 45 69 115 32 151 115 229 31 225 31 58 144 191 47 9 105 39 8 180 17 36 63 93 156 101 38 7 33 467 49 217 3 174 3 32 9 74 148 40 151 22 45 22 23 194
0 512 2 39 162 29 74 67 48 27 65 2 55 1 26 154 75 47 29 17 110 82 129 101 117 39 240 51 66 3 74 60 12 101 67 203 79
0 541 78 87 331 16 66 2 81 28 9
0 1432 213 96 101 34 16 34 75 9 27 34 71 30 118 129 18 8 12 10 138 84 148
0 1574 37 36 46 125 29 97 18 26 18 3 40 59 41 56 18 35 17 157 57 25 68 27 136 2 183 35 82 16 73 63 169 26 182 176 47 56 21 24 78 15 42
0 1849 50 83 76 44 146 160 126 26 363 64 133 104 191 9 11 34 131
0 1860 111 35 105 44 56 52 173 21 9 26 42 13 281 40 136 110 49 18 275 31 97 11 2 59 108 201 17 29 32 3 24 48 136 75 5 18 240 7 5 9 58 92 12 119 171 115 62 1 54 85 6 29 317 16 197 5 51 36 53 56 92 16 302 12 60 50 50 12 7 61 77 16 65 124 102 47 175 3 21 57 39 1 161 25 65 17 146 32 366 261 7 26 20 43 11 16 179 26 12 92 126 89 39 10 4 11 6
0 1901 88 62 304
0 1905 51 3 30 84 1 27 117 40 10 51 93
0 2021 119 35 251 3 162 14 135 53 199 124 95 234 344 14 89 16 5 7 8 12 180 34 1 42 393 23 2 61 17
0 2024 15 88 149 21 2 45 117 37 5 29 7 95 26 2 28 14 112 38 72 35 50
0 2238 132 22 73 64 88 11 312 100 29 3 172 5 22 39 118 21 65 57 307 5 438 39 351 18 135 78 149 43 233 115 10 53 16 56 94 132 63 95 13 80 89 12 22 62 151 260 300 18 145 123 93 181 52 82 27 147 80 5 104
0 2390 94 101 80 23 264 23 74 170 29 76 35 33 13 50 84 58 208 8 70 14 20 2 6 113 53 13 22 66 92 28 48 34 139
0 2586 68 45 221 31 134 66 57 26 6 109 8 36 100 21 161 103 77 3 3 15 10 89 109 69 111 4 3 107 103
0 2812 105 86 52 5 66 17 14 33 99 127 66 263 109 43 4 23 167 34 78 19 80 4 74 18 83 220 41 26 57
0 2909 11 41 42 93 85 66 142 77 328 41 29 15 1 6 549 8 68 97 114 73 137 60 36 2 150 42 123 163 27 9 7 70 5 16 64 92 3 46 267 78 109 65 4 68 98 73 74 58 99 52 44 65 113 14 120 21 163 60 115 11 256 7 153 31 76 18 4
0 3057 164 36 62 21 151 53 107 25 108 64 10 115 12 34 52 41 115 6 77 42 16 16 3 61 89 22 210 115 12 37 69 84 155 46 11 14 180 55 20 6 24
0 3753 21 129 20 6 168 2 210
0 3821 204 15 124 8 88 233 70 8 138 37 18 18 32 39 418 177 14 100 65 36 399 134 32 31 22 13 5 1 60 80 143 41 43
0 3874 142 57 39 12 47 50 74 44 38 8 189 46 56 104 86 34 297 41 174 25 48 27 2 11 20 19 24 25 113 44 242 46 7 1 1 52 75 48 182 23 12 40 78 9 15 30 21 141 86 63 83 122 18 52 100 21 65 25 54 5 206 25 10 20 108 49 145 1 44 21 226 5 128 14 95 17 145 64 381 48 87 98 113 22 104 188 22 31 5 19 38 24 79 102 27 32 125 128 76 121 95 74 115 68 270 10 178 5 263 63 15 108 147 54 212 11 104 14 68 16 16 21 34 65 30 11 188 175 101 42 272 38 86 4 68 34 85 25 133 23 21 34 6 33 52 168 104 12 80 113 180 5 77 17 42
0 4224 85 51 96
0 4307 541 6 126
0 4682 89 189 8 123 6 23 30 139 77 14 2 2 3 10 36 9 267 5 163 37 54 6 87 11 20 116 242
0 4816 119 15 9
0 5038 279 36 9 2 161 36 170 90 155 71 226 85 12 24 162 53 182 38 75 95 95 132 179 2 73 6 88 44 14
0 5426 189 89 1 14 45
0 5447 36 8 127
0 5690 111 211 4 20 28 21 96 16 62 54 25 75 121 45 518 37 36 13 266 23 100 41 24 34 8
0 5701 229 19 88
0 5896 45 39 13 42 39 14 130 101 114 18 184 9 114 24 47 4 49 41 13 14 85 1 81 32 161 5 4 38 127 58 250 13 161 38 22 7 70
0 6243 77 7 491 56 27 20 41 38 188 132 67 17 74 114 68 46 23 40 199 2 45 21 28 24 25 19 38 71 60 25 105 120 44 118 84 42 121 5 100
0 6311 162 18 67 18 97 23 156 5 78 31 40 21 30 5 8 3 284 40 182 31 126 20 15 24 90 182 81 30 20
0 6331 16 7 425 152 72 76 207 34 22 12 476 84 309 37 83 25 172 4 13 108 45 61 56 66 1 19 37 16 45 32 97 40 24 1 48 6 231 147 26 14 115 31 184 38 38 9 112 137 224 15 42 95 126 62 38 1 102 10 5 46 76 69 119 23 140 32 53 77 25 208 517 16 92 18 443 30 44 43 76 49 137 19 55 42 175 5 54 3 64 147 92 51 105 7 124 14 4 64 125 62 114 2 113 16 189
0 6501 84 26 535 1 368 230 114 7 42 17 41 1 110 55 304 2 178 48 118 23 66
0 6633 59 15 125 71 86 26 60 55 35 9 254 25 96 68 124 1 147 89 167 28 24 31 127 12 5 27 65 39 82
0 6814 28 22 47 105 210 110 90 1 93 33 38 44 65 70 122 237 2 23 17 23 69 8 31 3 203 21 9 43 189 68 231 169 20 5 255 6 221 4 2
0 7014 77 83 66 3 4 70 136 38 11 13 62 55 59 80 227 91 472 117 244 27 51
0 7078 61 80 8 7 9 25 193 11 278 4 9 63 78 305 26 68 235 1 55
0 7109 5 35 55 63 41 37 193 16 187 74 32 6 245 4 27 75 221 23 383 42 195 41 13 91 3 34 294 43 333 22 224 90 8 63 9 141 201 39 377 55 37 113 13
0 7154 25 13 183 23 11 79 133 160 22 18 43 34 143 3 225 85 8 46 71 6 10 14 22 44 24 15 28 9 67 98 42 21 13 41 56 79 58 25 194 8 34 144 36 10 21 18 31 103 47 247 13 54 22 3 6 28 47 27 64 36 2 269 162 138 18 124 433 116 43 22 54 36 68
0 7214 278 11 71 30 89 27 23 62 230 26 80
0 7230 94 54 42 164 27 72 8 129 29 91 72 3 54 17 1 22 18 115 32 51 1 27 20 37 82 10 188 51 7 4 17 3 107 34 35 54 188 38 4 20 147 61 3 18 11 23 92 19 197 74 26 17 82 12 597 35 81 79 26 39 209 82 67 58 12 113 56 44 71 35 112 54 203 169 47 79 30
0 7248 138 11 72
0 7341 74 20 44 6 171 10 80 48 78 62 118 229 39 69 254 5 432 52 28 33 233 44 19 22 215 3 17 25 155 118 10 248 104 42 299 22 9 19 113 138 101 47 64 10 87 30 129 57 106 99 154 13 21 70 10 17 20 51 6 13 121 59 101 96 40
0 7402 92 14 184 185 101 74 83 50 132 40 167
0 7418 17 28 169 17 417 96 43 44 150 6 21 42 205 42 43 21 63 7 134 88 62
0 7873 11 183 71 32 124 113 30
0 7995 50 56 38 18 131 57 64 10 30 31 63 39 299 35 49 31 71 44 22 1 87 107 15 33 42 5 63 11 32 10 79 18 123 112 280 70 74 109 31 47 288 37 15 53 45 11 167 53 163
0 8275 192 54 15 11 52 126 153 8 7 30 78
0 8353 43 43 67 80 198 62 12 89 222 4 163 56 85 141 52 52 20 10 87 62 201 58 39 138 184 20 31 2 135 127 1 82 20
0 8500 37 50 249 27 43 10 47 67 160 57 83 64 106 72 11 90 160 48 224 95 192 66 26 13 198 61 73 55 91 47 184 96 23 21 5 27 81 23 312 23 2 9 140 26 154 3 100
0 8657 202 4 16 4 43 68 122 132 2 48 31 42 164 19 132 3 87 86 13 21 47 41 10 69 346 41 145 61 32 5 49 78 164 4 121 27 63 126 87 130 125
0 8854 378 11 12 21 175 84 247 49 252
0 8925 39 64 156 9 85 40 266 101 74 61 104 6 83 39 1
0 8938 229 39 327 11 100 4 577 1 5 19 215 41 463 10 89 63 13 48 285 7 9 53 406 19 1 75 200 115 26 32 1 12 71 55 31 12 15 53 23 17 7 25 48 101 3 45 9 70 291 38 118 44 15 15 218 33 239 5 181 127 169 38 112 23 74 47 117 10 61 12 53 8 99 155 95 80 245 23 54 36 115 74 20 34 32 5 73 48 253 52 221 209 301 151 69 18 90 26 104 1 117 43 216 31 129 9 8 9 156 6 14 56 17 1 248 53 104 49 91 86 149 31 13 183 79 66 15 12 29 201 30 6 15 76 304 65 101 27 65 86 17 37 18 93 108 115 20 7 29 14 24
0 9089 108 132 264 1 66 1 26 10 273 36 79 41 10 53 7 16 113 1 61 12 4
0 9099 48 116 32 42 32 21 87 34 78 98 46 124 145 4 27 1 117 22 114 34 134 8 108 24 130 94 130 42 68 32 241 44 423
0 9110 169 74 118 9 52 6 129 65 18 116 78
0 9270 77 2 279 106 30 29 71 93 13 43 44 58 113 4 107 121 77 36 161 58 96 153 209 11 64 100 44 27 25 11 19
0 9580 223 18 53 40 4 168 114 54 23 9 292 65 176 37 10 46 100 2 3 50 81 77 4 32 260 73 92 27 5 43 66 39 111 63 108 10 68 72 5 136 4 13 147 13 269 74 26 54 29 199 3 251 137 74 51 7 344 178 106 47 55 11 172 41 164 39 89 24 10
0 9635 79 75 206 116 315 43 43 17 127 32 3 87 297 143 112 26 37 4 7 58 1
0 9648 254 113 103 7 21 95 33 80 65 103 40 28 107 85 302 4 10 13 25 32 29 57 36 42 53 56 17 2 41 123 38 29 75 33 180 68 56 82 46 85 350 10 128 6 53 97 77 6 107 8 160 45 309 33 78 18 195 116 20 127 53 201 53
0 9760 60 2 131 31 29
0 10038 78 114 48 18 44 55 90 79 112 25 117 109 118 11 4 22 46 6 55 4 137
0 10074 115 48 109 81 225 1 72 98 32 36 30 45 387 36 317 142 83 19 65 44 100 106 194 7 184 5 84 6 137 22 207 4 31
0 10168 153 9 16 3 11 76 28
0 10211 59 170 60
0 10247 31 21 115 49 56 48 121 91 36 48 36 2 143 8 132 8 86 58 15 29 17 37 8 66 211 64 189 16 48 138 294 25 500 35 31 12 154 111 7 138 25 112 359 80 118 52 164 18 33 115 23 95 127 165 148 112 32 63 122 38 127 54 58 21 37 33 63 44 32 84 301 3 15 73 52 9 224 86 40 15 165 151 55 3 55 33 76 22 25 1 59 13 36 110 19 116 13 25 40 17 100 98 240 34 137 2 141 230 33 1 121 12 68 59 71 114 48 129 66
0 10747 272 66 5 221 169 1 135 31 164 6 590 91 150 95 24 68 206 156 144 19 71 84 55 54 1 111 51 11 408 17 51 101 36 17 37
0 10890 25 96 157 178 156 40 19 72 216 29 109 1 161 55 98 64 58 83 5 3 45 76 17 31 2 48 52 54 8 8 42 84 510 19 80 6 321 12 76 98 53
0 11441 25 19 245 109 116 107 182 30 147 1 327 53 164 32 790 24 224
0 11443 48 113 25 13 210 6 148 10 448 51 55 38 58 160 44 23 292 80 198 47 99 59 48 9 231 130 74 136 50 3 140 22 80 9 67 3 121 20 34 26 96 5 13 37 114 23 69 20 23 75 107 15 68
0 11858 158 92 23 100 301 43 49 41 95 6 153 23 511 215 184 1 90 39 162 60 14 3 56 6 101 12 216 35 79 32 22 60 108 22 163 230 55 38 131 48 51 52 29 110 190 18 138 58 62 14 52 33 177 67 57 66 6 46 57 12 142
0 12169 17 18 115 12 44 32 85
0 12287 376
0 12597 51 126 77
0 12667 34 8 20 10 307 3 110 60 158 9 64 5 158 21 25 32 106 8 371 97 20 12 12 97 353 137 121 32 35 2 47 60 113 29 1 38 280 6 45 184 47 12 167 5 80 132 95 108 505 1 195
0 13356 169 122 444 20 151 45 26 20 142 30 57 44 9 39 12 123 83 112 33 61 36 12 15
0 13491 168 27 4 83 1 32 55 55 102 39 72 2 87 96 50 137 15 17 88 11 87 25 68
0 13529 59 30 446 101 198 66 34 29 128 22 100 42 15 150 11 27 129 1 330 33 45 106 142 15 320 27 84 79 11 92 36 45 3 43 3 9 54 66 24 60 43 2 229 28 111 15 2 5 16 251 233 62 93
0 13617 24 28 124 33 90 76 335 4 63 9 23 66 96 53 10 130 66
0 13729 35 19 125
0 13868 36 72 38 77 59 38 48 38 15 32 10 79 36 49 35 53 144 54 126 43 14 36 273 83 77
0 14211 250 1 34 28 33 86 12 60 203 132 126 50 46 18 80 23 28 44 81 30 19 14 57 3 12 29 103 100 112 1 181 8 149 207 5 45 260 6 170
0 14428 10 8 74 171 110 72 13 209 12
0 14489 108 15 2 22 7 103 42 2 119 13 13 90 53 5 118 11 48 7 39 380 110 27 18 6 342
0 14520 58 31 59 14 56 55 103 33 126 64 39 51 80 42 99 59 9 112 99 62 18 7 54 95 21 97 402 91 120 152 40 27 331 27 29 59 39 5 397 38 47 41 60 63 7 107 16 90 103 179 128 19 357 14 57 57 17 32 241 27 73 175 79 25 17
0 14691 78 42 36 327 199 160 10
0 14816 107 94 90 102 37 39 135
0 14921 120 5 90 151 61 110 8 74 40 94 48 83 55 3 36 56 58 16 159 8 7 32 185 156 14 36 47 43 34 9 20
0 15134 100 50 6 114 6 229 191 46 25
0 15425 98 65 252 33 8 10 10 27 135 10 4 35 4
0 15547 82 60 80 42 140
0 15693 7 17 59 6 85 95 297 29 58 23 63 22 104 53 357 5 12 14 91 24 198 23 296 43 415 6 18 142 60 16 203 21 110 3 11 52 388 17 96
0 15974 170 205 22 5 75 16 182 7 42 10 183 103 524 137 83 31 23 34 35 61 133
0 16035 15 79 25 70 232 5 133 6 160 52 17 98 73 9 140 23 305 19 20 64 49 25 117 160 25 55 80 20 272 107 83 12 227 61 134 112 83 101 42 88 213
0 16228 20 37 92 35 129 97 54 132 80 46 53 55 208 20 403 13 72 7 134 146 132 2 115 62 407 314 54 55 271 45 135 15 48 71 70 57 27 44 139 113 63 1 55 36 255 27 71 44 59 52 31 122 17 41 84 2 139 41 52 57 344 6 161 32 72 4 208 61 300 71 70 51 116 2 19 60 126 35 174 23 37 25 36 4 139 103 83 29 42 59 53 93 38 26 94 71 12 82 20 36 43 36 88 117 28 115 205 30 100 16 55 48 117 19 137 7 115 38 393 77 18 146 17 10 11 29 260 3 9 26 96 12 32 18 60 1 315
0 16374 213 85 53 45 103 51 3 210 77 3 23 11 74 335 28 221 69 18 164 94 196 128 24 57 233 8 7 11 66 54 27 189 57 30 44 40 26 131 221 43 80 10 239 94 59 22 51
0 16376 19 35 9 43 9 43 310 74 47 40 190 115 112 73 185 34 29 8 199 2 95 5 19 25 29 38 38 64 6 101 28 3 183
0 16473 6 55 19 12 57 6 256 4 6 40 162 44 40 13 104 7 34 82 19 60 126 6 69 27 11 7 163 33 9 12 29 79 54 19 85 55 80 9 109 95 37 2 148 25 28 61 306 72 152 68 117 84 49 19 182 23 62 84 33 11 9 4 250 65 13 26 9 41 103 7 99 59 25 17 76 117 311 42 7
0 17024 4 12 79 24 56 23 4 38 8 88 5
0 17137 61 11 31 28 171 153 24 213 60 116 58 24 393 5 38 74 162 56 69 14 70 15 4 60 17 21 210 3 23 43 63 46 76 85 18 63 5 80 6 55 13 12 158 1 409 21 14 6 454 128 159 54 299 82 76 70 42 251 24 258 53 24 5 6 27 74 17 17 129 13 223 2 210 42 125 36 67 91 52 13 211 4 12 20 39 218 88 70 4 34 176 20 271 51 36 80 99 66 108 1 50 6 23 7 34 17 172 1 253 12 117 91 166
0 17285 42 57 24 30 116 47 29 26 4 19 210
0 17501 85 12 70 7 23 107 36 37 97 17 171 184 183 23 142 18 16
0 17939 56 46 58 5 267 8 18 140 28 90 247
0 17947 131 1 64 73 30 42 118 5 63 85 97 114 168 46 74 19 58 145 139 54 95 21 119 6 19 13 11 3 101 8 4 38 224 5 14 174 24 5 114 163 86 9 128 18 85 1 19 173 197 16 138 42 277 68 51 5 122 42 99 62 221 239 32 4 75 35 211 83 7 104 22 52 569 83 172 138 49 4 93 241 197 31 205 23 52 20 24 27 55 46 16 101 48 61 112 104 82 67 34 84 33 44 218 39 53 69 122 18 129 36 6 15 12 25 121 42 109 39 30 72 18 39 16 16 27 19 27 9 57 12 100 50 8 12 68
0 18159 7 24 41 8 63 2 71 52 24 9 115 55 142 16 195 56 8 12 79 155 186 1 1 26 725 63 277
0 18236 52 17 9
0 18314 50 25 162 30 59 21 28 32 44 20 139 16 64 44 44 44 43 57 240 23 72 5 376 149 99 132 339 38 160 56 2 46 68 107 138 3 249 35 18 18 84 37 42 43 158 54 20 90 116
0 18379 88 9 32 191 103 12 146 65 47 31 47 7 182 81 29 74 5 31 206 24 26 15 30 22 362 178 30 32 271 40 28 17 84 31 263 24 87
0 18406 76 26 58 15 68 13 40 17 118 4 3 73 108 30 2 8 141
0 18870 11 1 62 62 61 19 245 91 80
0 19138 35 114 95 48 130 28 32 28 253 3 5 15 6 34 11 59 29 4 17 91 80 13 43 6 239 59 8 11 150 57 52 85 14 69 10 28 34 9 68 24 71 22 126 63 105 1 22 25 41 14 52 102 139 13 7 32 14
0 19494 64
0 19672 103 48 6 42 164 61 77
0 19745 5 39 28 77 20 9 221 17 16
0 19785 91 20 37 73 22 193 26 3 242 5 363
0 19838 76 47 95 25 17 1 108 207 110 73 4 54 213 106 65 10 56 27 97 12 77 39 34 174 24 84 165 9 126 6 144 1 240 63 14 36 262 21 38 154 4 9 50 29 130 7 33 5 65 35 81 38 233 28 498 73 47 18 17 10 94 41 74 19 23 78 21 37 54
0 19882 114 11 19 62 79 61 50 58 138 38 1 71 47 97 244 6 38
0 19938 25 66 17
0 20375 484 16 23 64 18 25 215 230 92 15 26 76 83 40 476 101 170 13 94 68 366 5 66 21 18 9 26 11 150 53 35 25 73 159 261 125 124 20 152 7 161 42 53 60 49
0 20560 281 39 36 2 28 11 624 188 98 25 37 6 37 65 43 57 11 102 234 29 138 13 522 37 19 96 8 33 284 43 15
0 20641 102 41 7 132 264 31 115 6 86 12 116 10 271 61 82 72 79 46 222 87 11 21 9 61 217 147 7 91 309 31 68 93 63 1 186 23 167 65 100 24 486 32 203 13 59 148 9 17 190 62 81 31 287 35 60 65 287
0 20669 17 38 181 1 145 25 47 27 24 7 123 11 355 5 77 12 79 175 189
0 20960 52 49 60 302 76 15 38 13 81 5 223 1 81 20 174 96 66 58 70 54 1 27 193
0 20992 4 86 175
0 21195 23 16 249 18 31 28 21
0 21199 11 43 308 25 595 134 201 25 46 23 35 42 17 94 110 23 84 32 23 32 113 4 172 39 51
0 21248 77 9 35 19 145 12 34 23 14
0 21502 152 32 159 26 4 4 47 217 10 191 17 7 109 134 13 137 109 38 9 44 5 4 16 8 106 2 155 63 140
0 21821 67 23 115 83 7 57 5 23 108 20 9 161 240
0 21950 48 6 2 20 13 6 83 41 21 149 14 17 2 13 149 66 23
0 22203 22 27 100 45 205 4 16 34 377 12 149 9 28 100 45 90 12 43 109
0 22327 72 10 41 141 241
0 22504 80 42 227 26 143 23 3 60 38 194 27 108 420
0 22805 96 20 63 22 79 17 39 82 34
0 22949 11 79 82 26 239 1 119 114 15 101 533 100 2 56 169 7 204 1 136 52 133 34 14 4 46 46 165 104 10 28 137
0 23077 3 15 125 19 39 17 124 51 6 99 66 43 42
0 23115 12
0 23348 269 79 43 34 33 20 27 90 50 45 8 140 26 8 226 28 429 7 62 19 1 5 199 29 37 41 57 51 26 19 200 24 12 2 214 47 72 224 78 48 498 55 181 16 594
0 23382 122 6 665 109 122 25 133 24 252 25 90 30 41
0 23484 104 39 132 144 59 8 22 37 119 47 39 234 57 126 73 6 76 7 197 52 32 32 69 3 31 111 49 13 232 10 468 8 380 29 12 88 150 45 39 9 77 114 38 92 2 60 151 107 44 47 26 14 55 13 97 42 63 87 75 20 134 6 10 1 71 120 180 9 1 103 22 15 39 78 31 46 136 48 33 24 43 47 7
0 23549 234 45 449 4 183 73 135 1 127 27 48 7 34 33 38 116 20 31 65 75 124 7 75 42 195 42 3 2 11 117 351 63 139 127 94 35 125 11 19 96 38 21 67 54 65 44 92 26 11 23 46 22 45 3 171 20 262 6 70 44 144 7 28 26 74 13 199 111 16 59 43 49 21 28 18 111 35 121 50 18 301 16 1 75 6 10 185 1 7 19 78 122 56 15 13 26 416 84 29 72 29 143 54 24 22 41 154 68 1 138 98 21 48 28 7 95 53 63 116 28 232
0 24139 7 73 96 90 352 52 99 28 260 21 69 45 80 35 59 33 142 10 80 35 44 13 1 2 59 10 22 123 203 27 80 4 148 15 20 19 312 61 45 42 104 116 31 4 211 51 39 37 168 66 7 32 211 48 38 57 166 27 5 48 37 1 76 2 36 20 109 19 63 19 189 316 4 113 16
0 24281 160 107 3 6 30
0 24359 170 21 47 97 10 90 51 53 101 3 386 98 82 107 241 60 128 2 126
0 24555 26 212 89
0 24628 71 105 40 49 175 5 67 28 102 29 13 33 11 12 28 29 15 24 58 148 66 6 21 40 32 16 146 38 135 30 104 75 117 125 24 68 18 140 187 205 5 46 61 44 7 38 188 38 296 40 53 49 76 60 326 61 100 40 149 9 215 66 16 24 148 24 21 59 39 130 3 22 31 16 102 58 138 265 79
0 24944 3 22 32 119 39 24 108 8 4 23 59 5 127
0 25311 209 37 47 1 26 88 4 26 24 139 140 3 3 23 13 158 1 162 115 217 73 82 218 27 487
0 25534 29 10 33 12 374 7 105 78 30 27 111 84 20 88 86 11 36 10 35 47 19 22 6 54 34 132 81 12 71 7 3 84 107 13 79 19 160 3 23 93 211 64 60 30 131 5 257 60 30
0 25553 15 26 57 105 490 2 29 24 114
0 25623 52
0 25628 8 88 238 18 50 15 4 13 34 4 109 13 32 204 101 7 63 109 279 114 15 26 127 55 25 48 210 76 176 57 213 14 247 66 4 24 303 8 254 127 155 47 98 16 63 68 76 87 29 51 129 6 143 84 28 47 87 26 74 99 75 42 248 13 35 45 19 30 191 28 45 25 269 62 219 41 45 10 195 61 8 114 22 22 45 46 127 1 112 21 86 18 37 105 16 52 24 5 317 15 360 3 308 63 20 21 111 64 27 36 6
0 25893 66 104 152 20 167 51 104 20 30 51 5 161 188
0 25897 93 9 10 95 110 93 155 57 131 71 44 25 27 53 181 58 51 36 21
0 25931 101 55 17 126 46 41 29 50 156 254 243 199 19 38 326 61 7 25 13 73 114
0 26054 240 2 114 39 51 56 140 117 152
0 26260 60 83 79 20 121 29 291
0 26347 45 18 286 33 63 32 272 32 273 78 68 13 281 34 106 3 35 73 305 44 55 54 57 29 210 141 18 40 49 48 124 3 59 8 50 15 58 26 146 45 9 28 74 13 21 47 55 61 98
0 26556 367 50 56 36 332 28 172 156 36 35 70 39 72 2 123 15 20 101 32 4 185
0 26677 44 16 271 8 76 26 95 23 140
0 27023 165 77 470 16 104 91 4 13 46 31 25 57 65 28 50 69 24 86 55 99 316 28 56 29 166 153 197 130 23 37 171 74 144 16 7
0 27102 8 111 6 100 114
0 27276 183 76 247 1 3 5 229 18 133 48 95 52 28 99 29 67 57 7 131 10 346 27 1 9 26 11 159 27 113 21 10
0 27490 166 25 346 23 58 4 80
0 27580 66 15 30 53 8 1 429 170 194 1 15 84 181 139 19 21 56 87 209 56 160 49 103 46 10 4 13 54 771 14 148 51 80 185 41 14 37 5 34 103 268 164 84 165 2 32 45 182 61 18 80 26 9 26 69 1 39 72 20 67 49 94 43 79 72 1 49 46 141 28 78 22 49 46 258 27 191 45 34 52 2 148 107 29 252 85 44 5 166 82 34 6 8 12 92 32 207 104 123 36 133 58 28 11 1 59 42 4 24 41 54 11 57 123 17 62 109 13 206 88 97 50 31 4 274
0 27812 46 76 45 15 98 123 3 168 29
0 28042 115 89 61 139 3 5 23 33 47 27 9 32 34 1 14 6 56 40 225 139 63 110 15 89 14 69 64 54 48 42 64 2 15 25 110 59 32 4 26 33 96 20 93 41 75 30 41 31 31 3 32 42 133 92 300 69 37 22 62 47 74
0 28074 37 184 47 3 78 41 2 17 257 3 82 90 83 49 61 26 67 24 223 22 23 57 61 139 54 54 44 32 161
0 28466 259 30 110 50 110 46 9 5 129 123 150 25 36
0 28531 60 27 3 52 104 12 59 5 106 24 1 10 22 32 42 26 183 272 295 7 227 23 22 61 7 38 144 17 57 32 46 9 367 33 102 58 214 68 52 27 72 12 172 28 6 289 7 3 95 21 117 20 86
0 28534 4 2 58 26 464 5 2 40 31 91 392 43 67 7 8 133 513 3 48 87 52 29 67 22 76 63 232 5 3 103 137 31 133 12 74 371 15 10 38 249 13 41 11 168 51 6 5 6 68 13 65 25 51 127 276 8 96 26 39 22 245 7 9 12 18 4 175 111 236 77 22 80 439 5 101 18 29 8 8 161 100 8 77 19 39 13 153 14 41 37 172 9 202 25 58 10 16 70 54 57 160 39 389
0 28911 111 3 11 91 2 13 72 8 95 10 13 10 56 2 251 384 86 26 51 35 39 41 70 7 110 40 107 14 269 64 160 91 16 64 235 42 142 35 262 214 207 143 76 70 89 52 100 36 5 14 34 280 23 102 3 29 48 12 56 30 464 60 59 177 33 38 60 25 2
0 28922 164 46 238 15 132 31 20 7 186 133 40 60 15 24 29 81 312 64 144
0 29044 23 12 56 35 74 47 15 1 59 1 22 52 14 37 1 86 77 55 112 93 90 32 133 50 142 123 4 113 22 1 361 220 105 39 51 29 233 26 126 17 60 34 292 116 1 65 139 18 45 67 127
0 29286 41 41 107 66 102 8 227 41 50
0 29296 60 16 135 80 30 170 33 121 18 181 96 41 124 17 31 65 3 1 88 150 5 179 62 56 25 11 14 24 133 27 116 101 48 68 69 1 98 34 57 23 101 97 89 48 102 27 191 263 323 71 83 40 12 27 26
0 29302 7 12 14 141 56 7 48 80 178 38 72 189 8 70 9 22 112 6 180
0 29443 50 38 527 65 22 4 209 49 109 32 68 23 104 6 3
0 29461 173 79 343 152 127 8 172 35 214 113 20 14 114 14 148 46 143 46 38 94 10 25 98 32 39 13 5 104 86
0 29493 66 19 96 24 168
0 29923 7 42 106 195 104
0 30036 262 39 75 133 60
0 30131 211 11 340 18 101 18 43 100 53 45 197 33 117 18 93 317 121 70 324 60 32 48 63 31 17 47 237 23 3 10 143 56 4 86 43 4 11 39 73 64 118 158 93 64 108 46 29 27 91 3 27 124 167 45 276 14 52 8 7 27 7 28 41 1 24 64 78 46 149 9 119 41 79 34 95 17 18 7 2 27 355 32 30 15 278 14 47 62 23 41 69 25 82 8 1 42 14 14 86 23 95
0 30159 88 14 127 37 15 183 144 128 62 11 221 19 112 48 37 25 103 65 195 23 249 16 7 8 112
0 30577 14 52 38 27 157 35 63 21 221 70 90 21 191 3 25 168 15 20 3 18 68 83 216 198 8 19 23 43 168 2 61 12 23 79 42 8 116 4 3 22 287 2 43 35 34 127 26 70 128 136 140 98 237 61 4 3 16 44 187 52 111 182 64 405 5
0 30621 41 10 2 45 49 38 54 71 237 20 51 42 109 23 85 13 72 51 75 132 229 20 123 57 22 4 4 15 518 18 50 14 116 2 11 80 50 22 36 10 92 132 16 94 112 123 80 21 104 75 61 141 157 111 15 109 87 33 131
0 30882 57 39 314
0 31151 71 47 64
0 31308 105 60 62 2 48 66 46 56 67 64 12 5 73 30 41 45 48 25 8
0 31494 114 25 45 39 235 69 58 107 3 178 244 1 33 27 48 85 64 46 105 56 137 117 20 112 36 8 4 2 66
0 31608 16 6 74 27 289 63 56 191 26 7 3 9 29 39 58 16 4 8 64 93 259 205 897 57 7 150 255 224 15 15 167 17 115 6 132
0 31708 1 13 24 4 13 2 64 12 23 44 39 19 145 3 21 3 288 7 227 167 396 75 570 13 20 11 35
0 31778 251 9 106 21 100 42 554
0 31808 84 20 23 84 83 61 106 12 51 33 88 31 5 211 245 103 58 178 92 14 133 39 297 48 18
0 31980 374 30 43 14 10
0 32268 81 77 99 59 2 24 59 37 153 32 255 51 64 19 72 38 137 4 156 41 356 117 259 13 1 24 9 3 114 102 226 10 72 89 17 6 268 46 28
0 32279 362 154 74 5 27 38 294 2 82 13 224 73 95 132 23 8 282 50 122 58 33 6 62 1 26 32 31 40 171 47 116 43 62 25 84 52 18 26 278 40 141
0 32346 16 59 204 19 181 10 79
0 32383 29 7 64 18 119 36 44 34 54 30 144 16 107 75 63 33 94 29 215 119 73 10 58 208 225 345 120 8 135 11 223 41 89 18 142 89 21 2 11 44 1 14 64 29 46 71 51 53 268 21 8 14 46 34 8 2 124 60 160 234 43 57 32 51 379 64 343 32 195 136 109 73 64 67 157
0 32495 411 200 52 28 62 10 63 56 109 58 344 34 36 92 4
0 32501 25 64 20 56 69 91 44 4 153 17 30 106 230 21 75 26 71 158 119 23 2 95 361 16 56 64 237 11 109 69 39 35 140 14 72 9 42 2 36 2 21 8 241 3 8 98 153 60 46 33 27 39 79 74 111 1 137 2 86 5 152 73 69 9 41 120 96 129 24 33 8 28 25 76 199 36 225 6 86 4 163 23 33 30 11 72 207 1 14 16 1 62 117 34 307 80 123 9 48 33 270 8 161 16 143 252 66 4 105
0 32517 24 93 123 141 152 101 154 40 34 8 64 69 70 26 273 61 5 233 119 12 82 1 195 50 93 24 19 22 13 2 65 78 69
0 32527 76 224 109 74 224 57 119 62 163 77 34 80 140 60 1 28 60 71 83 5 27 36 127
0 32780 137 6 10 111 76 21 60 9 3 116 50 216 157 42 93 19 7 5 172 82 40 96 82 12 52 23 135 41 25 8 91 75 28 23 12
0 33061 340 48 97 24 189 6 107 21 21 9 57
0 33106 52 11 19 77 410 13 126 17 49 91 79 51 97 64 165 22 249 47 230 14 72 30 42 6 56 48 109 54 162
0 33148 69 26 12 13 30 118 22 10 195 49 203 45 483 16 1 33 17 52 57 19 42 3 38 35 47
0 33443 86 2 137 56 75 43 33 1 89 16 124 8 23 10 141 35 95 9 36
0 33505 61 25 1 21 28 7 89 41 54 63 34 23 167 36 6 170 47 26 38
0 34237 11 16 553 352 126
0 34282 217 30 1 285 112 62 307 47 66 96 28 17 39 3 85 7 145
0 34314 112 11 107 27 27 39 61 84 131 7 21 3 276 61 36 160 32 24 33 28 15 3 5 109 178 284 9 21 28 127 32 126 18 18 36 73 8 6 67 24 240
0 34320 5 37 358 39 10 7 635 146 46 38 112 290 22 13 237 46 69 18 190 33 201 27 144 3 60 89 34 5 40 2 92 155 75 15 43 22 33 135 138 107 12 32 25 34 59 8 7 27 241 1 22 80 11 16 67 25 147 24 107 31 87 29 78 24 4 148 52 6 29 95 154 5 21 32 55 289 52 118 33 25 31 49 56 39 4 121 70 15 30 6 98 35 78 39 59 53 61 23 76 21 112 44 112 4 54 91 213 15 58 83 103 57 23 23 239 157 104 78 82 80 185 3 71 28 43 6 83 25 32 129 11 105 51 20 4 119 24 135 26 128 175 42 33 19 124 19 13 46 165 51 231 33 38 16 202 53 42 196 104 13 15 49 192 21 2 133 72 21 18 52 91 58 52 6 42 135 140 26 25 88 3 89 42 34 2 27 12 116 166 149 6 44 80 10 81
0 34479 56 115 43 93 12 23 57 26 89 15 205 9 145 79 100 19 285 40 31 73 94 18 94 144 206 7 382 134 71 104 115 1 110 51 164 109 128 4 149 38 114 10 50 66 28 118 126 22 92
0 34546 11 43 32 37 8 5 167 21 193 20 87 3 105 19 57 33 39 23 112 84 45 3 152 14 116 11 44 83 378
0 34858 82 56 312 158 85 9 6 37 115 40 15 106 265 38 2 14 29 6 197 179 13 122 19 16 57
0 34976 22 12 133 158 272 12 387 193 338
0 35077 26 15 2
0 35145 13 5 155 111 52 42 2 76 43 301 70 17 76 16 59 4 73 48 209 4 441 75 36 16 56 112 116 12 300 36 37 80 109 145 172
0 35163 18 51 42 61 465 97 120 65 104
0 35874 68 10 68 157 48 75 222 175 9 28 251 10 17 115 26 15 3 63 75 27 6
0 36079 126 59 96
0 36138 346 39 229 61 94 90 259 50 52 77 56 7 94 7 49 30 171 7 54
0 36195 246 103 17 26 141 93 63 10 47 9 51 22 182 16 208 13 181 31 44 22 176
0 36243 25 85 4 29 65 16 161 27 175 1 112 146 228 60 1 19 245 1 451 39 21 22 14 66 38 46 24 16 184 165 85 18 69 2 82 71 87
0 36294 59 238 47 50 140 26 1 133 8 44 357 22 351 32 11 3 90 40 138 18 17 22 14 10 80 32 98 46 106 7 61 227 30 35 62 51 339
0 36387 33 232 257 14 31 5 109 86 11 59 68 28 30 43 3 13 41 13 366 53 28
0 36501 273 75 104 63 29 19 98 24 117 14 12 14 31 3 22 55 161 24 23 12 209 65 16 69 67 18 268 12 72
0 36539 132 81 525 68 36 139 142 92 20 54 39 4 10 12 16 36 6 97 336 39 275 14 39 9 57 3 100 46 90 18 63 28 87 6 70 26 15 104 108 39 31
0 36640 12 16 71 11 63 45 106 4 253 14 93 92 51 45 163
0 36759 186 30 24 76 57 72 233 107 64 70 76 24 377 136 55 14 2 43 59 11 308
0 36818 18 9 47 53 25 6 70 1 207
0 36955 85 10 4 6 10 83 38 2 32 178 77 42 13
0 37051 162 19 39 69 128 40 122 90 147 24 194 22 10 197 6 51 132 68 131 53 235 167 35 5 111 139 44 15 35 62 7 24 188 14 320 63 76 37 273 11 113 78 5 28 36
0 37285 54 39 61 103 50 29 66 23 75 281 172 53 249 40 73 32 5 5 177 220 32 31 17 66 5 60 554 82 140 35 469 9 61 3 27 81 218 145 213 60 171 158 119 3 77 9 52 45 92 28 16 42 22 21 222 14 40 32 184 42 203 81 210 123 6
0 37586 9 6 32 12 60 1 75 25 5 12 88 19 144 26 26 23 226 58 138 21 319
0 37626 85 30 68 24 9 9 85 30 12 41 69 75 9 35 116 26 79 83 39 24 14 82 143 47 85 15 80 6 12
0 38032 97 72 214 85 7 4 19 16 24 59 66 23 66 56 184 79 282 61 315 1 210 58 379 131 297 146 24 64 243 1 108 68 142 31 54 4 26 26 70 29 54 38 267 32 69 262 32 102 43 40 68 89 28 9 27 17 96 2 28 1 34 26 23 14 80 50 156 20 191 15 47 52 259 13 53 115 109 27 35 26 13 32 444 50 95 46 119 77 369 25 49 4 146 84 259 94 29 78 35 41 192 289 29 29 258 68 150 12 62 23 38 34 131 22 8 81 89 69 53 66 104 27 40 57 39 98 58 4 33 139 37 127 124 16 136 5 40 31 45 66 19 27 5 64 82 46 13 59 368 7 36 56 497 33 107 10 103 23 27 25 34 66 19 22 34 4 112 68 52 20 47 18 33 33 20 23 10 31 20 16 133 23 59 52 221 16 45 17 113 66 59 57 62 105 25 22 290 15 63 59 97 23 75 187 16 23 41 65 46 38 25 3 23 63 72 49 123 21 95 2 53
0 38451 96 5 164 9 2 104 27 69 2 83 59 160 38 106 69 11 171 52 82 41 38 44 366 40 29 43 6
0 39311 223 56 91 37 51 46 93 25 118 127 23 27 75 10 42 48 79 154 336 16 43 33 86 36 95 31 244 74 200 50 118 109 75 156 191 23 83 7 273 230 35 110 118 14 109 12 35
0 39421 124 1 61 16 133 56 248 46 48 41 33 178 68 9 20 46 5 35 2 5 72 23 97 132 199 48 243 22 108
0 39471 21
0 39723 230 176 143 30 98
0 39798 66 8 34 114 137 9 6 81 130 84 35 65 30 28 86 26 73 31 7 105 16 2 172 87 13 133 78 85 22
0 40148 56 33 141 32 149 71 20 39 25 30 38 13 84 67 23 36 166 136 44 256 51 242 4 72 63 23 88 31 2 42 68 67 142 7 60
0 40411 79 6 117 43 169 19 100 78 69 145 18 27 76 48 124 10 187 83 167 14 46 67 171 47 82 46 28 20 454 70 79 108 517 6 101 80 3 8 37 38 206 54 23 124 59 7 470 5 101 9 217 16 27 38 149 39 118 35 128 19 21 89 159 37 38 50 165 7 50 7 111 170 21
0 40762 18 110 31 185 88 90 25 141 42 39 473 12 24 33 234 3 274
0 40794 196
0 40800 102 176 329 47 66 42 29 20 110 63 6 2 115 38 151 46 227 6 2 67 317 58 78 7 14 33 85 2 111 11 147 17 11 34 3 18 25 20 105 40 145 7 134 6 56 110 88 9 59 7 147 94 24 51 31 32 160 35 3 13 96
0 40817 36 72 203 63 188 33 7 187 89
0 41012 8 70 33 36 27 31 38 160 91 23 213 76 57 14 138 9 14 38 47 37 48 12 11 39 148 29 5 19 29 219 123 48 41 50 37 11 412 2 41 72 123 31 11 94 30 28 28 32 83 42 362
0 41154 469 44 220 9 36 7 127 47 106 27 252 7 35 72 73 7 21 1 370 42 46 107 67 6 5 23 17 124 92 7 64 26 191 11 77 9 43 21 26 32 117 43 121
0 41208 12 24 18 22 20 77 17 4 38 32 167 5 131 50 1 83 52 59 37 50 11 105 160 108 5 19 376
0 41255 2 99 82 25 273 22 130 113 133 31 27 115 14 12 113 27 21 33 137 63 353
0 41403 133 96 65 64 192 42 95 5 9 15 155 150 166 60 48 12 71 56 26
0 41449 4 135 92 6 65 44 9 1 99 18 91 184 447 86 56
0 41562 17 56 56 78 171 11 83 122 43 34 5 107 2 16 1
0 41649 295 42 30 17 89 15 29 125 3 55 115 95 245 12 131 88 62 5 135 15 235 138 23 2 66 93 69 27 105 109 1 19 10 18 40 40 48 51 59 9 102 21 130 22 24 24 1 62 148 1 14 50 7 50 54 18 259 26 18 40 11 11 14 84 212 34 145 162 49 2 194 24 20 14 10 35 72 50 9 27 46 26 24 35 72 23 154 134 37 36 277
0 41696 56 76 99 7 16 24 69 6 114 25 26 28 79 162 145 34 51 22 481 1 389 3 38 108 111 16 69 288 93 31 16 14 18 89 305 13 92 32 99 43 25 62 143 29 195 1 2 87 125 180 11 17 85 24 100 58 6 12 104 51 51 20 126
0 41733 154 74 30 7 130 49 97 89 4
0 41744 337 183 290 2 77 9 55 65 223 61 87 55 30 10 83 73 137 83 699 38 7 13 47 1 241 39 15 19 130 6 108 81 172 22 107 30 30 73 39 5 99 50 78 28 230 6 120 71 140 58 32 55 61 31 20
0 41778 50 1 136 102 54 56 109 76 67 44 99 31 8 73 273 62 62 6 32 16 131 70 228 9 61 54 163 21 73
0 41790 140 49 48 186 258 72 100 42 13 108 93 77 481 107 68 39 228 3 27 22 62 5 224 91 295 64 50 29 624 18 11 23 75 24 270 19 63 157 438 79 135 57 58
0 41821 159 28 189 43 239 74 329 53 70 14 22 12 196 21 37 31 612 13 79 45 175 40 129 31 190 32 147 12 60 16 83 27 166
0 42188 151 35 9 14 136 55 91 31 33 120 124 45 15
0 42495 32 19 107 5 112 138 85 133 10 154 28 52 98 93 12 59 52 42 209 2 246 10 2 27 14 4 137 9 34 64 6 51 61 76 148 29 2 1 3 33 145 81 193 44 50 35 17 1 64 36 78 8 78 1 47 1 12 67 65 135 266
0 42812 21 14 74 15 229 16 4 54 155 71 114 25 351 47 68
0 42824 162 39 67 5 139 17 164 5 46 35 13 33 68 1 24 100 23 24 98 61 15 5 60 70 132 52 371 13 31 42 109 56 374 170 89 24 280 41 144 29 154 77 65 7 81 9 21 27 171 65 30 93 16 65 18 18 10 5 220 6 224 102 50 39 3 90 20 17 9 81 59 109 41 47 38 8 134 52 16 4 15 111 14 9 133 93 180 34 26 17 141
0 42843 405 15 67 16 57 106 3 98 61 29 90 30 17 74 384 23 177 85 184 71 180 81 108 29 421 42 234 2 8 7 330 30 21 61 171 26 13 65 32 1 143 42 60 58 113 1 149 26 5 70 1 2 9 49 8 24 144 32 25 58 218 15 223 22 572 4 3 77 47 35 157 230 47 4 208 47 93 7 12 48 21 1 344 37 231 11 114 188 84 154 7 54 457
0 43214 66 126 48 55 9
0 43269 52 66 18 121 136
0 43626 32 3 407 50 15 15 114 68 9 26 2 39 27 7 412 174 106 73 40 34 59 41 6 15 58 10 188 22 63 51 172 65 16 21 54 25 32 81 178 114 187 5 150 76 5 35 147 33 60 7 275 41 17 9 100 31 66 121 304 76 43 20 149 13 85 178 95 37 109 39 46
0 43654 12 46 165 55 37 166 25 21 26 196 151 2 33 16 32 48 146 17 85
0 43752 29 62 57 135 36 68 41 7 21 35 51 11 84 17 21 37 48 12 73 77 7 28 5 171 72 24 31
0 43864 235 117 106 151 2 90 21 46 46 1 2
0 43953 26 30 78 140 352 5 291 15 194 5 31 24 131 55 170 9 226
0 44840 16 36 73 10 14 36 314 68 56 18 144 26 188 56 134 21 186 29 30 15 123
0 44925 271 28 53 53 104 40 16 28 271 9 164 21 65 227 62
0 45400 11 8 76 82 28 20 25 17 170
0 45440 33 29 3
0 45640 150 86 114 76 469 8 193 8 234 47 112 39 125 111 69 57 39 39 236 9 46 70 20 105 18 41 345 30 9 81 24 162 188 121 246
0 45930 12 6 173 16 69 28 38 103 44 82 266 64 53 125 74 43 36 5 174 49 74 19 195 44 248 2 7 16 239 5 70 123 25 24 137 9 59 164 59 9 15 166 5 70 191 22 64 37 456 134 31 47 5 21 181 97 53 9 60 9 97 126 141 10 113 6 78 88 115 61 208 14 304 6 76 6 76
0 45976 10 78 162 14 96 79 267 56 181 109 29
0 46137 1 72 9 168 7 59 43 34 191 72 138 105 179 24 37 19 53 79 37 44 6 59 58 1 24
0 46296 123 44 67 7 129 1 78 45 19 145 69 56 12 22 352 41 35 17 4 4 131 52 22 106 17 15 82 12 238 3 2 20 49 50 130 65 12
0 46654 288 94 118 143 64 39 392 5 76 78 113 50 766 47 166 7 6 31 280 58 131 31 16 26 910
0 46784 197 49 113 161 108 30 2 46 4 40 169
0 46839 32 49 292 41 114 38 39 10 273 50 424 12 84 15 40 7 81 16 23 32 147 110 56 26 43 60 25 1 17 76 37 127 108 6 63 79 30 3 14 58 9 27 3 180 46 5 151 1 52 140 71
0 46857 97 104 59 30 28 147 41 85 221 63 45 183 537 12 253 101 92 51 146 13 106 11 88 91 184 33 106 79 14 2 42 9 17 1 1
0 47168 231 91 70 19 112 26 38 6 16 24 40 52 259 44 27 121 10 66 2 81 279 52 39 45 49 23 131 31 97 49 44 35 356 12 266 16 11 52 23 9 304 181 2 3 18 126 37 29 491 72 129 2 31 14 113 3 1 25 10 66 20 70 19 71 22 53 25 49 38 12 72 133 191
0 47186 145 17 279 28 41 21 71 20 16 21 24 59 53 11 101 9 17 47 149 6 40 21 224 62 119 27 150 45 90 83 56
0 47376 478 15 6 1 58 22 118 12 47 129 87 17 54 4 13 127 49 6 8 35 135 19 12 24 234 72 105 22 259 83 128 144 196 10 12 88 59 38 60 1 100 64 63 57 180 78 20 37 170 48 36 144 56 27 190 31 82 86 55 18 11 8 54 1 175 20 18 3 86 71 63 33 58 35 17 3 8 47 96 15 103 20 82 85 56 38 110 12 83
0 47381 78 144 59 169 101 103 41 98 3 44 397 43 59 29 87 7 74 15 428 7 464 84 31 84 2
0 47602 66 12 215 37 16 43 253 27 114 51 291 144 113 47 62
0 47730 77 4 152 92 43 18 19 18 30 44 123 2 154 27 23 38 63 115 53 24 221
0 47890 245 1 19 17 186 99 58 16 60 29 46 86 26 61 53 38 69 28 158 38 29 32 16 19 113 65 32 45 252 91 16 14 831 28 32 27 81 150 20 31 209 23 227 100 58
0 48297 28 87 35 32 232 137 94 8 109 4 7 3 148 27 142 40 54 27 139 16 10 27 44 16 38 134 122 4 56 120 56 20 16
0 48578 96 11 74 13 58 126 389 64 13 1 14 21 63 51 22 4 50 92 19
0 48944 19 6 8 45 58 45 177 29 211 14 34
0 48970 33 26 53 166 241 11 128 179 39 15 155
0 49119 154 20 26 48 47 128 181 35 59 15 93 32 9 6 32 24 33 85 36 22 4 98 49 164 85 27 39 122 1 30 209 9 385 44 50 94 88 134 12 23 109 114 4 22 144 95 326 44 74 46 95 8 307
0 49147 59 7 18 39 42 3 42 27 83 7 28 105 118 28 198
0 49379 16 62 6 95 6 225 38 19 66 55 55 88 22 104 100 66 16 65 183 66 19 35 157 25 299 99 95 27 42 53 313
0 49629 112 21 118 15 197 36 45 29 205 46 27 42 81 50 48 1 32 30 31 6 65 24 92 47 110 14 107 28 23 97 15 22 45 15 22 35 49
0 49773 141 10 283 120 54 100 535 32 85 15 2 93 52 226 6 38 5 307 109 58 43 51 234 52 100 121 63 3 146 89 293 8 51 13 212 28 139 139 30 15 108 42 54 176 74 103 278 2 117 449 157 82 72 68 35 6 61 17 144 23 13 100 62 27 124 9 44 209 70 8 79 171 1 104 110 110 28 11 60 118 40 41 100 4 72 58 247 55 66 74 24 100 20 85 50 218 60 49 419 15 10
0 50031 421 16 32 11 361 15 116 39 87 14 63 40 28 78 539 55 547 32 133 31 66 125 27 101 18 3 22 37 49 13 1 20 17 28 16 17 48 1 49 10 3 53 240 82 1 45 156 1 150 66 96 23 8 46 98 126 13 9 180 30 61 179 70 13 51 18 36 90 271 129 81 10 286 19 13 24 55 7 26 103 54 88 21 97 61 3 77 22 18 25 145
0 50425 5 70 102 48 54 21 37 16 95 89 12 9 60 18 297 45 1 13 88 3 79 3 571 57 16 82 210 19 42 36 11 41 48 2 148 68 16 19 361 12 98 52 109 20 230 104 30 56 266 31 39 74 13 23 48 37 80 6 69 5 278 12 18 28 249 60 48 9 285 37 50 28 28 94 9 84 71 96 91 2 95 41 92 7 111 119 122 16 124 65 15 39 203 10 46 20 114 36 64
0 50428 128 7 42 53 110 137 270 73 84
0 50632 298 40 18 88 264 16 101 69 12 45 76 41 53 68 160 15 7 14 29 18 14 33 120 14 29 85 18 19 135
0 50688 28 33 107 171 145 12 46 124 81 68 83 24 56 29 34 38 40 26 72 18 92 56 151 119 111 19 271 18 87
0 51138 62 19 3 10 91 13 86
0 51320 92 108 345 55 94 62 84
0 51583 140 108 7
0 51590 224 11 11 98 25 183 36 232 73 261 35 56 149 72 48 25 222 10 207 3 47 24 167 23 32 1 71 1 24 35 86 11 78 29 152 65 46 64 16 73 135 108 74 113 229 9 2 125 184 27 61 16 94
0 51637 136 89 319 12 12 14 5 20 67 14 237 133 467
0 52017 35 79 86 8 4 2 77 39 78 25 39 28 145 41 8 18 34 23 71 56 105 59 57 88 62 75 276 35 9 41 75 7 15 9 106
0 52133 316 10 516 11 13 11 94
0 52301 32 31 7 13 114
0 52422 182 5 9 60 141 111 24 70 3 165 70 11 18 67 18 44 393 217 88 40 6 108 31
0 52438 79 161 124 18 55 4 280 9 112 107 105 38 158 102 39 89 109 54 26
0 52519 9 2 7 24 13 14 57 58 65 26 36 9 177 42 49 19 12 63 8 27 5 63 59 8 13 10 89 3 90 78 47 2 87 86 29 49 27 129 141 13 28 30 23 43 13 69 3 33 136 36 49 8 44 9 25 99 96 7 125 68 423 74 32 89 35 77 37 104 132 45 651 11 151 44 282 152 31 131 198 152 160
0 52535 49 1 73 13 24 41 349 19 17 62 50 68 71 28 475 62 52 7 347 5 54 9 333 97 335 68 52 7 24 37 282 29 140 19 18 5 193 22 70 17 60
0 52599 171 74 69 7 150 1 66 18 92 2 17 1 133 85 289 25 49 172 68 24 20 32 92 10 87
0 52755 81 55 123 18 28 27 47 28 22 7 173
0 52805 128 3 40 43 37 38 38 40 108 17 147 86 23 15 67 35 98 32 74 29 36
0 53139 32 27 28 73 75 23 20 68 51 32 6
0 53266 352 31 127 85 91 87 39 56 35 25 28 13 114 49 418 41 112
0 53271 14 7 300 20 253 177 239 26 35 8 26 92 108 87 12 6 59 3 66 59 30
0 53292 81 15 39 29 119 22 3 34 204
0 53636 50 93 15 39 157 123 88
0 53773 135 18 197
0 53835 31 91 16 109 57
0 53870 57 8 8 28 268 22 138 37 7 97 3 64 18 44 17 15 16 82 56 41 219 195 70 52 54 18 145 77 90 27 53 67 55 12 67 38 181 55 347 11 1 29 224 40 51 16 13 25 115 54 138 45 15 82 39 62 147 32 243 70 77 85 2 18 5 135 71 1 211 41 60 15 41 92 51 23 82 2 187 5 53 35 8 16 2 11 3 10 288 72 16 23 21 2 269 16 68 34 2 46 90 22 113
0 54057 197 43 29 18 395 4 91 19 8 89 76 40 230 68 109
0 54134 218 58 108 83 40 30 89 56 123 82 79 46 30 33 175 45 69 79 419
0 54176 24 45 70 68 18 26 44
0 54495 387 35 18 49 201 1 217 94 325 194 17 48 84 28 73 137 100 4 59
0 54930 84 16 26 134 69 4 82 11 9 81 15
0 55155 194 13 310 81 111 91 72 198 18 21 28 13 47 26 207 15 35 10 5 19 45 10 12 106 3 62 17 37 2 7 131
0 55195 29 164 202 8 64 5 258 20 124 48 69 31 105 97 14 9 129 33 12 18 31 79 35 42 61 109 6 12 299 41 95 66 318 65 9
0 55209 62 46 218 19 19 2 68 61 56 9 33 185 149 133 153 9 102 12 32
0 55337 26
0 55425 90 39 330 12 7 18 8 8 68 29 183 10 10 18 205 18 29 1 26 131 13 1 23 108 87 6 92 60 30 18 72 53 174 68 2 72 17 27 72 18 88 111 26 51 122 3 87 34 40 22 27 181 217 1 68 6 57 3 41
0 55518 2 93 103 29 225 154 171 15 130 28 169 26 3 71 71 11 27 16 99 65 17 109 92 28 70 21 79 57 43 19 63 4 89 97 77 52 44 47 203 43 72 110 8 79 52 49 55 51 18 54 56 48 7 1 37 5 109 47 130 43 84 24 355 24 513 24 148 103 117 43 133 31 173 250 67 224 17
0 55611 20 100 13 29 70 3 169 84 82 13 5 152 60 71 81 60 69 34 158 56 12 36 77 109 149 48 96 40 6
0 55688 5 37 138 44 114 73 42 19 68 22 108 11 71 17 316
0 55791 252 22 10 11 83 35 135 1 101 2 67 11 90 66 22 3 110 34 97 41 53 53 279 3 95 59 76 8 74
0 55939 11 26 275 3 292 36 123 80 180 15 540 35 53 56 34 39 20 109 18 91 1 2 73 33 63 10 262 323 145 10 7 6 92 2 229 65 81 32 11 61 16 8 9 15 6 2 108 25 89 143 106 33 233 9 3 12 23 93 209 45 62 4 152 5 23 47 137 17 10 42 46 6 18 37 73
0 56457 82 23 65 78 85 17 35 69 115 67 34 47 241 6 39 55 76 97 101 14 28 44 189 128 18 165 171 4 364 43 10 19 237 25 210 66 25 57 115 37 104 87 51 52 384 66 54 54 10 14 79 24 22 8 229 63 139 26 105 82 47 7 63 8 75
0 56756 24 205 453 1 226
0 56868 113 77 416 5 123 17 103 240 38 11 568
0 57025 127 4 167
0 57057 5 32 4 20 167 28 370 34 232 11 37 46 21
0 57334 27 34 117 22 205 61 89 24 187 76 35 92 38 39 129 141 20 9 53 3 77 42 296 23 18 24 160 2 11 161 34 46 45 13 66 71 83 1 40 36 16 114 11 65 155 84 15 13 62 32 95
0 57498 117 91 50
0 57867 116 15 69 92 52 16 46 107 27 65 110
0 57888 88 72 149 92 39 22 128 79 78 15 12 8 40 26 14
0 57975 143 7 35 4 120 76 187 67 29 8 31 128 60 61 64 38 128 1 44 104 57 26 135
0 58044 199 18 10 5 8 96 2 153 278 244 11 80 113 13 81 187 317 26 81 4 38 53 77 11 121 30 102 13 108 7 188 39 77 69 113 71 52 30 11 43 6 64 61 72 232 233 43 133 17 11 33 93 81
0 58148 63 6 106 95 59 48 30 74 359 48 153
0 58277 49 20 121 78 125 104 162 19 5 48 68 45 13 22 52 51 92
0 58490 22 30 33 165 46 43 202 116 18 11 275 130 43 47 137 64 100 52 64 73 12 140 456 223 68 145 55 18 108 37 57 3 241 1 105 9 13 12 119 63 323 8 166 74 53 11 38 2 88 19 73 37 15 111 16 48 46 51 171 6 51 46 76 62 156 41 96 5 24 92 31 8 208 38 16 9 125 14 47 82 67 24 109 57 46 12 14 20 104 62 324 53 191 127 269 9 96 93 42 99 38 12 297 5 105 14 17 3 17 37 86 7 104 29 9 26 111 204 22 129 11 138 139 46 405 10 148 42 7 38 37 16 32
0 58534 25 4 279 6 59 12 54 75 147
0 59124 101 70 328 2 27 128 155 28 32
0 59215 133 52 215 10 31 44 35 29 29 23 270 2 29 8 451 62 13 7 48 91 109 13 42 51 29 29 127 16 204 71 104 45 389 92 996 8 6 21 224 8 33 145 127 94 11 24 121 2 9 27 129 33 130 34 20 10 1 13 456 237 15 74 84 47 203 90 25 15 175 50 251 39 148 13 95 83 61 12 9 20 131 67 39 47 148 51 153 8 2
0 59278 6 1 113 55 6 70 2 188 26 21 46 27 83 29 23 1 2
0 59591 51 15 46 17 30 37 124
0 59722 22 16 93 12 8 15 42 27 85 31 115 80 101 12 106 4 34 23 37 55 54 19 46 15 112 26 73 18 1 278 82
0 59883 40 182 400 27 251 5 68 91 88 16 72 58 45 14 427 26 60 7 439 8 32
0 59953 205 80 64 12 23 7 33 83 8 83 6 31 91 91 240 61 159
0 60233 124 14 76 19 121
0 60234 59
0 60242 130 86 117 87 135 26 42 68 37 20 40 8 20 186 60 2 60 108 18 7 24 85 63 1 20
0 60310 129 51 93 99 83 28 17 48 172 48 105 32 10 38 3 60 196 66 226 56 256 90 270
0 60685 31 152 34 8 89 13 31 82 49 244 54 62 41 30 99 19 22 62 216 12 123 121 5 161 191 52 289 30 683 67 114 70 32 46 39 106 21 2 90
0 60704 204 134 60 8 38 3 741 4 102 66 52 11 43 93 79 39 112 39 27 27 317 54 165 22 18 97 101 10 81 26 54 9 53 121 26 82 39 6 19 23 102 44 66 34 56 3 577 9 23 101 2 85 116
0 60775 98 96 373 11 50 26 192 15 15 225 49 82 86 36 33 19 110 130 36 6 32 7 55 8 56 54 42 43 26 8 41 45 23 57 84 14 46 35 136 25 22 71 322 18 11 17 150 142 28 92 9 26 81 58 23
0 60966 44 42 286 15 103 146 49 47 104 35 10 64 83 12 159 20 54 4 73 91 52 28 121 31 23 97 227 12 26 132 121 39 49
0 61246 109 77 2 60 28 17 14 67 140 101 128 5 342 16 75 35 142 28 107 63 73 131 164 43 105 59 90 106 34 93 16 23 11 128 108 185 37
0 61689 2 17 35 24 93 199 73 16 46 14 20 102 19 22 216
0 61741 218 162 417 21 32 11 51 112 21
0 61771 202 82 227 48 22 74 81 20 112 62 175 26 42 12 110 138 19 101 1 63 51 57 27 20 25 184 431 14 40 77 157 66 23 108 39 6 116 54 140 42 16 25 11 33 10 45 11 3 175 22 106 16 94 3 115 6 33 40 139
0 61875 82 39 35 12 53
0 61915 4 178 13
0 61945 145 41 575 17 361 16 135 46 24 13 13 7 398 22 32 87 86 11 143 98 133 197 163 186 159 11 36 11 20 2 21 16 3 181 24 25 71 3 26 115 205 200 58 1 60 17 70 100 10 44 22 28 18 70 97 12 6 34 13 262 34 18 213 38 196 18 13
0 61955 41 127 265 1 29 30 178 46 237 114 71 87 64 70 314 47 26 11 13 7 94 10 325 11 103 60 25 122 55 72 307 55 3 17 152 222 111 74 77 14 125 86 96 63 90
0 62039 31 57 340 70 61 48 12 14 38 37 108 41 47 12 136 15 16 26 180 74 79 110 2 39 85
0 62042 136 57 3 6 110
0 62275 101 24 176 59 59 102 50 5 39 60 207 78 469 38 9 60 69 3 139 24 89 9 19 42 364 15 94
0 62322 40 18 36 34 25 26 14 37 39 50 67 17 7 49 20 81 32 121 248 7 59 11 79 85 19 12 3 42 133 49 129
0 62334 115 1 17 32 5 41 127 11 4 23 219 97 160
0 62350 240 26 272 20 75 30 15 16 145 130 78 111 118 46 437 38 1 8 271 32 58 149 60 136 31 1 105 16 179 9 72 173 51 18 162 35 499 64 152 20 94 24 16 27 54 123 108 33 45 180 166 67 11 24 185 16 119 15 75 43 44 144 3 28 446 12 42 10 29 101 241 2 29 24 3 19 16 31 279 19 59 27 141 5 140 76 40 202 85 77 143 27 107 1 40 29 42 79 339 37 29 39 181 13 130 74 216 6 68 112 113 58 172 126 29 11 2 7 33 73 98 23 19 59 48 12 80 12 155
0 62572 22 43 102 7 143 33 206 47 77
0 62599 33 13 143
0 62660 21 3 56 21 13 15 5 28 73 23 2 10 115 141 133 95 47 87 3 10 27 28 25 7 113 33 29 114 16 119 101 3 211 1 97 10 15 71 9 1 68
0 62742 47 23 66 57 212 4 18 30 16 64 48 37 92 17 39 11 186 12 28 1 18 7 156 45 55 27 196 201 88 11 227 4 73 18 26
0 63188 107 10 143 254 231 53 266 72 55 66 38 16 176 15 18 6 79 170 70 173 36 29 212 26 256
0 63327 545 20 58 41 102 69 1 22 221 25 269 33 90 23 746 76 6 30 46 72 22 31 5 26 53 20 77 8 12
0 63373 48 16 117 26 12 22 19 50 187 78 40 29 166 11 113 31 39 4 30 58 140 3 6 112 365 76 271 46 23 86 54 8 32 9 132
0 63692 206 19 71 3 37 12 26 11 308
0 63855 29 30 2 95 38 23 166 36 120 41 62 1 121 17 80 51 184 24 309 150 225 15 112 25 18 94 414
0 64041 237 45 151 63 58 17 36 10 147 11 293 5 225 18 163 79 66 56 204 63 43 17 134 174 160 56 60 11 255 25 66 70 51 25 30 13 21 67 107 9 14 44 83 21 10 27 113 76 44 42 45 12 31 45 87 24 70 58 89 55 162 36 52 67 327 127 132 27 356 111 60 162 245 30 64
0 64104 543 15 289
0 64190 15 15 43 33 5 70 79 25 8 46 44 54 7 5 66 76 20 217 96 145 5 11 391 78 32 30 125 34 84 57 5 27 360 31 57 18 39 16 17 16 40 54 18 30 44 36 81 83 39 5 18
0 64441 119 32 158 1 70 25 135 91 162 210 34 158 81 71 57 45 4 58 63 5 97 105 10 41 43 9 480 18 117 76 31 46 4 1 161 29 120 8 72 29 22 7 70 15 1 196 155 38 158 146 161 57 7 90 7 31 60 38 82 40 61 179 7 25 38 15 61 25 132 6 18 10 99 32 53 7 221 38 96 9 157 76 11 59 43 124 191 69 7 18 42 233 114 164 50 15 28 29 17
0 64590 113 47 148 110 218 69 27 3 12 36 247 196 212 69 137 68 108 6 97 5 238 27 56 43 49 13 77 24 63
0 64754 6 97 84 49 11 40 49 10 56 36 113 126 55 112 66 52 277 48 367 58 77 13 326 10 144 12 215 19 113 4 38 9 223 54 370 82 46 69 41
0 64985 109 33 89 141 129 32 114 63 293
0 64992 35 31 47 2 7 118 123 3 39 14 112 14 5 105 135 20 88 101 348 36 71 138 22 28 6 8 86 15 218 20 19
0 65001 30 49 42 34 203 130 77 63 268 32 30 39 7 56 88 43 121 38 469 73 115 3 9 8 82 170 125 36 1 59 24 46 17 116 71 33 11
0 65020 160 5 4 85 168 74 125 12 52 135 198 20 250 2 64 57 183 11 218 29 36 11 90 32 25 11 65 43 59 6 14 5 86 69 34 132 38 1 50 170 4 123 55 31 12 122 108 24 125 18 125 11 48
0 65056 292 32 159 79 17 35 14 56 53 122 82 114 72 18 6 40 8 8 115 36 126 11 57 19 18 11 176 16 127 10 95 49 392
0 65438 202 45 70 32 34 50 85
0 65636 11 123 38 15 114 12 25 69 8 89 42 57 281 58 25 24 91 51 159
0 65725 86 31 221 24 33 16 308 5 72 56 75 85 78 58 11 45 236 218 197 58 219 97 167 92 8 34 113 19 118 94 99 49 243 104 11 76 16 24 22
0 65804 174 87 93 19 316 45 40 58 110 51 111 5 130
0 66024 38 38 107 46 244
0 66052 36 4 9 114 151 56 68 67 179 32 67 8 110 192 90 98 38 49 23 10 17 92 73 7 27 22 136 177 9 34 69 80 21 46 94 13 25 60 109 25 234 31 180 27 26 185 117 58 58 39 4 27 78 32 16 33 51 21 179 1 7 28 92 52 71 118 333 9 20 43 239 14 223
0 66197 114 31 129 13 104 70 38 56 162 2 66 61 29 26 395 110 115 55 314 3 202 120 149 19 160 61 111 8 332 49 4 23 433 66 24 37 96 35 80 25 46 30 37 34 62 139 31 64 67 6 33 7 26 41 7 19 51 51 17 24 91 5 168 79 93 4 175 2 62 23 46 18 251 13 11 19 176 2 40 29 162 26 67 27 264 36 118 21 123 84 369 6 39 24 122 47 56 113 53 15 1297 160 78 45 80 60 272 2 167 7 106 16 63 6 137 126 127
0 66504 153 45 63 9 1 59 208 48 44 56 285 44 6 14 94 90 5
0 66662 15 24 219 26 63 53 82 32 150 29 24 12 86 72 248
0 66706 184 198 117 37 118 81 78 20 7 76 37 48 178 38 11 153 297 4 38 26 84 32 133 38 16 31 73 17 382 53 37 10 110 104 43 11 167 62 4 76 60 47 463 61 65 27 38 29 88 55 62 28 11 12 162 7 63 92 144 122 207 15 10 8 24
0 66903 40 9 16 41 46 132 575 3 62 10 22 5 77
0 66966 83 312 35 134 1 4 22 5 302 7 2 16 14 144 83 78 33 74 44 26 255 2 338 67 7 10 33 37 36 41 178 23 195 35 21 79 27 57 188 54 67 65 132 12 63 37 14 32 50 5 64 14 270 112 32
0 67202 98 5 78 57 122 16 14 48 195 11 338 17 162 16 39 20 57 2 107 15 97 68 13 9 37 26 7 78 1
0 67210 62 157 169 8 173 3 132 135 315 37 103 160 59 68 65 175 37 95 120 56 226 104 16 105 33
0 67358 49 85 64
0 67391 27 78 274 27 74 46 33 2 292 40 100 10 43 31 177 69 194
0 67586 46 29 5 48 53 14 132 7 60 32 134 76 3 162 78 50 63 15 131 9 202 102 13 5 121 3 4 20 42 76 28 147 155 12 70
0 67643 141 9 96 12 71 10 18 95 24 4 89 21 312 76 311 49 169 6 15 26 47 21 26 46 58 7 235 3 165 2 71 80 70 17 372 35 68 111 77 1 66 32 1 18 14 164 157 175 67 3 89 10 83 1 311 23 12 13 3 55 19 86 183 39 434 15 382 29 69 89 33 97 133 15 206 17 2 34 278
0 67690 36 112 76 2 89
0 67811 98 178 380 13 2 59 20
0 68041 128 13 14 5 7 26 298 7 102 32 120 14 282 46 16 37 57 7 56 37 7 5 65 13 154 22 23 36 105 29 10 152 46 22 97 37 45 4 75 1 19 9 51 33 270 143 41 10 252 21 32 29 66 13 64 57 162
0 68058 18 50 45 18 132 58 65 2 28 2 31 12 25 42 43 111 91 173 55 10 76 3 17
0 68142 254 6 118 65 202 78 181 192 68 243 11
0 68147 293 1 86 560 199 174 70 98 181 105 200 45 37 13 35 3 94 131 30 61 64
0 68289 140 79 39 108 36 18 188 102 239
0 68375 125 5 166 21 41 58 32 168 72
0 68475 65 140 92 10 283 94 174 45 54 2 101 8 45 23 165 5 4 18 73 10 35 137 100 48 203 111 273 129 114 36 60 37 192 14 48 9 20 59 104 113 61
0 68738 32 70 48 15 26 139 96
0 68813 229 4 31 6 190 19 90 66 117 47 103 130 317 5 6 12 1 25 196 92 25 17 141
0 68979 73 19 5 36 4 9 7 20 25 1 45 16 21 91 76 20 87 21 137 7 86 29 25 101 76 55 1 22 1 11 20 16 53
0 69865 79 20 50 79 9 63 101 3 2 20 49 46 34 87 400 20 123
0 70154 44 3 148 13 58 47 69 60 117 43 50
0 70284 6 16 92 107 2 24 14 80 43
0 70301 54 57 9 8 46 41 165 110 49 76 20 23 38 29 62 27 2 41 49 28 75 149 39 17 137 38 264 49 1 48 194 106 109 12 71 21 27 89 125
0 70355 69 91 74 70 169 36 396 3 79
0 70504 25 116 83
0 70654 1 73 50 77 24
0 70826 72 67 265 10 70 2 57
0 70842 56 57 240 132 44 89 163 6 180 21 156 22 74 113 25 43 64 110 26 14 148 79 295 8 288 26 149 66 25 57 66 111 49 45 2 32 91 2 70 54 77 91 94 110 137 33 159 43 76 9 364 115 110 46 19 33 51 149 46 40 95
0 70869 24 87 137 15 2 53 36 53 13 63 470 19 21 35 51 78 12 42 123 23 71 57 53 72 28 70 109 11 251 19 59 15 98 8 25 149 15 202 126 72 6 67 11 57 62 42 99 1 149 8 138 5 310 1 71 8 22 15 256 47 123 22 317 45 73 16 165 34 48 39 312 36 83 122 149 16 55 73 24 23 33 64 62 6 83 27 53 5 110 34 312 38 64 135 45 92 23 26 16
0 71043 8 7 23 116 44 41 415 14 44 59 65 49 78 15 29 39 148 92 48 20 47 48 586 37 1 4 26 15 15 2 4 173 124 101 72 25 8 99 141 54 107 84 52 44 186 13 422 62 121
0 71174 19 24 55 7 20 251 201 27 6 63 4 40 390 86 161 30 78 26 13 48 70 163 61 62 49 18 208 41 75 43 2 12 178 3 167 9 48 98 3 57 109 50 43 2 56 4 9 46 63 40 22 120 32 61 164 69 110 53 10 15 35 62 163 2 7 70 129 128 58 21 77 22 201 26 192 286 39 83 38 46 71 35 3 95 9 85 177 12 120 59 45 1 103 91 331 64 73 50 41 31 11 35 133 27 74 48 68 35 91 44 109 94 15 8 76 14 219 29 267 106 171 27 26 11 33
0 71186 113 71 228 6 178 91 68 5 70 7 33 98 4 200 4 15 71 5 93 79 68 90 137 118 138 8 62 2 125 169 92 10 13 39 33 5 45 27 90 16 622 53 41 2 141 5 363 68 128 67 256 30 218
0 71214 13 13 75 76 205 22 141 28 81 33 37 80 53 136 106 31 60 33 98 34 113 123 147 60 31 5 159 96 40 5 21 67 318 64 140 45 171 16 65 17 123 144 348 68 10 57 72 56 222 25 62 14 50 42 145 45 73 24 15 1 52 119 41 72 72 28 701 38 51 106 63 55 95 25 249 126 8 84 48 34 137 133 3 14 36 37 74 154 14 39 405 17 230 17 119 65 70 21 78 5 34 137 84 33 25 25 35 8 69 87 90 116 12
0 71316 147 111 72 20 13 19 245 16 46
0 71438 101 28 67 46 119 22 39 79 44 17 25 51 68 237 25 84 33 103 46 80 49 48 14 56 106 67 128 60 37 57 22 1 78 25 35 168 4 80 110 1 94
0 71441 79 154 149 50 16 23 216 62 13 132 10 76 26 78 53 45 119 53 69 70 83 168 67 62 109 97 101 21 25 5 44 1 5 9 160 51 40 112 124 206 103 52 42
0 71520 115
0 71536 31 17 34 21 189 5 223 26 49 90 13 111 9 30 46 4 136 115 190 1 18 44 56
0 71864 15 126 32 61 6 15 1 45 275 21 110 28 42 10 16 45 4 16 48 64 83 3 36 14 162 147 191 5 93 60 87 114 24 42 35 15 147 3 71 6 167 52 278
0 71939 127 12 7 5 176 48 28 148 14 3 148
0 71997 54 102 97
0 72151 217 11 35 40 84 28 11 26 33 27 423 64 109
0 72225 9 58 105 26 93 41 71 33 14
0 72361 108
0 72446 14 126 67 9 67
0 72661 67 14 27 27 78 66 42 7 394 73 52 29 65 5 213 16 64 39 14 23 22 2 97 98 2 142 11 8 32 28 41 85 43
0 73142 199 39 88 32 19
0 73176 71 13 214 32 22
0 73742 270 28 33 36 76 40 69 44 7 47 53 31 44 144 156 32 13 92 76
0 73799 158 37 6 16 44 12 41 68 16 4 195 62 76 10 98 22 66 56 50 55 238 28 33 137 7 22 152 108 7
0 73899 103 39 38 20 23 9 92 1 21 56 106 34 123 7 37 47 290 26 180 146 58 143 62 40 141 42 36 99 110 18 219 21 174 3 46 23 30 46 5 115 16 13 4 114 89
0 73987 459 14 119 36 9 6 19 3 71 7 17 33 7 23 129
0 74357 5 33 82 41 41 176 137 5 281 30 39 7 8 6 88 8 7 147 183 25 24 87 22 12 23 10 168 188 232 31 163 5 4 42 69 83 260 45 292 16 11 10 9 74 57 19 342
0 74365 222 24 156 14 58 3 23 15 124 56 17 84 8 113 77 1 188 27 40 17 53 48 88 87 76 113 159 12 202 20 21 38 112 5 68 91 104 50 64 19 162 33 837 8 58 157 141 75 313 22 89 89 357 23 99 53 51
0 74513 21 30 49 50 193 21 110 4 46 10 301 39 273 5 75 2 70 97 65 16 12 17 77 48 192 37 109 68 59 5 28 32 116 75 96 23 243 42 6 107 140 6 35 152 41 40 11 18 71 21 52 6 58 82 6 34 53 25 30 42 89 18 58 98 439 4 27 147 217 58 25 55 68 32 160 111 113 47 167 3 38 14 34 38 123 15 144 6 72 60 210 82 58 15 108 37 11 71 59 6 32 119 19 32 316 146 29 7 115 28 21 62 72 3 97 2 75 30 56 9 76 12 16 19 3
0 74526 49 65 59 163 199
0 74772 35 66 309 129 19
0 74858 55 37 9 14 78
0 74966 84 115 16 32 231 37 160 21 1 97 228 218 74 7 134 121 109 4 171 66 72 74 12
0 75062 14 152 156 38 4 37 174 11 131 1 54 1 50 6 10 111 177 41 308 41 97 182 20 105 74
0 75089 261 22 26 102 13 12 193 146 261 3 158 31 45 68 362 65 51 33 81 36 62 17 24 107 7 21 48 59 118 18 49 3 8
0 75104 31 3 164 24 15 22 13 32 70 70 170 5 67 9 19 83 38 34 104 33 49 28 20 54 119 10 52 44 185 146 86 70 172 8 4 20 89 12 172 16 271 10 73 84 54 48 152 108 39
0 75138 48 28 53 80 31 221 3 29 35 108 60 58 5 139 74 95 25 51 137 13 50 2 25 155 141 20 32 123 88 131 1 4 81 105 101 2 53 38 53
0 75459 295 30 27 9 463 133 7 60 54 52 48 47 17 6 261 38 304 159 15 11 311 96 41 69 44 21 98
0 75512 255 81 2 10 10 14 63 14 33 55 6
0 75904 25 59 109 94 30 132 217 15 203 27 108 3 77 37 34 20 22 56 47 103 58 169 25 19 80 40 2 33 49 6 78 2 91 1 23 58 59 20 219 8 76 41 3 54 34 14 25
0 75991 65 20 157 103 15 41 109 15 79
0 76107 63 19 224
0 76269 48 9 105 34 45
0 76271 291 176 39 12 28 14 52 4 89 160 148 13 76 91 26
