0 0 273 13 13 52 13 148 22
0 585 310 33 214 7 24 102 194 23 66 100 64
0 669 99 54 6 72 2 23 276 20 10 417 93 30 149 78 50 2 9 6 259
0 1251 142 17 1 37 331 25 47 25 79 55 159 5 252 126 130 18 311 6 145 5 35 116 48 100 197 27 17 81 50 99 60 137 48 50 220 27 94 23 73 10 90 63 41 3 69 44 10 72 168 38 97 57 3 38 80 77 96 9 61 202 40 62 72 18 35
0 1327 32 68 213 125 75 24 260 3 8 124 23 12 152 29 136 57 13 14 124 25 2 13 375 15 128
0 1364 381 5 203 5 156 88 82 87 244 10 245 198 73 10 137 70 10 185 5 77 53 29 42 14 15 27 1 22 262 8 56 40 42 15 17 111 5 231 179 32 17 70 47 163 364 44 4 81 74 9 71 58 12
0 1518 138 124 143 38 1 5 32 96 15 148 150 128 34 5 26 42 251 98 51 14 80 39 91 217 55 19 91 47 26
0 1746 5 14 21 43 159
0 1750 5 88 150 34 8
0 1828 27
0 2086 153 23 137 58 63
0 2431 229 31 225 31 58 144 191 47 9 105 39 8 180 17 36 63 93 156 101 38 7 33 467 49 217 3 174 3 32 9 74
0 2491 301 11 90 11 46 97 115 7 2 39 162 29 74 67 48 27 65 2 55 1 26 154 75 47 29 17 110 82 129 101 117 39 240 51 66 3 74 60 12 101 67 203 79 12 19 39 174 166 31 33 3 41 56 5 68 297 213 96 101
0 2515 67 38 18 14 67 36 60 59 258 9 16 6 19 69 167
0 2714 95 19 72 23 250 15 194 9 51 9 6 20 117 21 111 9 69 9 313 29 50 34 54 68 3 92 70 41 32 37 126
0 2790 182 176 47 56 21 24 78 15 42 26 183 25 166 38 88 73 320 63 51 182 127 67 208 96 18 6 67 66 354 4 111 35 105 44 56
0 3050 41 5 51 21 25 141 80 68 220 25 36 138 62 49 21 1 117 54 402 9 57
0 3058 24 48 136 75 5 18 240
0 3066 18 29 183
0 3423 171 115 62
0 3504 169
0 3589 317 16 197
0 3666 71 27 112
0 3713 302 12 60 50 50 12 7 61 77 16 65 124 102 47 175 3 21 57 39
0 3955 49
0 4004 146 32 366 261 7 26 20 43 11 16 179 26 12
0 4192 178 20 19 2 22 3 10 14 88 62 304 18 3 26 5 15 168 1 53 59 79 5 102 47 94 39 119 35 251 3 162 14 135 53 199 124 95
0 4708 28 45 31 3 14 4 23 90 68 1 83 197 46 1 122 9 67 1 15 88 149 21 2 45 117 37 5 29 7 95 26 2 28 14 112 38 72 35 50 97 143 66 44 37 127 44 22 156 199 15 5 86 10 11 77 59 42 33 113 154 10 219 77 176 35 68 155 75 86 117 230 5 105 8 111 47 263 32 190 7 160 45 23 11 123 76 520 150 36 73 245 47 362 26 164
0 5148 80 5 104 54 101 47 201
0 5217 264 23 74 170 29 76 35 33 13 50 84 58 208 8 70 14 20
0 5226 225
0 5264 22 66 92 28 48 34 139 47 131 34 90
0 5356 134 66 57 26 6 109 8 36 100 21 161 103 77 3 3 15 10 89 109 69 111 4 3 107 103 48 151 53 171 26 9 33 34 7 65 50 253 33 526 55 85 2 46 84 67
0 5411 80 4 74 18 83 220 41 26 57 109 65 6 81 21 185 43 132
0 5641 328 41 29 15 1 6 549 8 68 97 114 73 137 60 36 2 150 42 123 163 27 9 7 70 5 16 64 92 3
0 6042 155 55 129 2 136 49 145 37 116 50 104 22 129 57 27 60 41 82 120
0 6073 256 7 153 31 76 18 4 67 99 82 71 31 41 76 105 54 49 54 128 5 229 6 68
0 6194 115 6 77 42 16 16 3 61 89 22 210
0 6211 74 35 167 78 92 6 28 90 109 10 12 12 23 232 21 129 20 6 168 2 210 53 45 102 29 62 15 44 466 35 16 69 74 9 35 16 78 209 353 7 200 33 71 200 268 16 61
0 6249 5 1 60 80 143
0 6313 512 18 142 57 39 12 47 50 74 44 38 8 189 46 56 104 86
0 6759 82 87 49 24 53 1 21 10 38 12 49 57 88 121 92
0 6762 1 52 75
0 7035 46 6 80 39 17 8 60 11 281 43 126 42 244 9 103 50 41 33 50
0 7050 206 25 10 20 108 49 145 1 44 21 226
0 7241 28 48 33
0 7433 381 48 87 98 113 22 104 188 22 31 5 19 38 24 79 102 27 32 125 128 76 121 95 74 115 68 270 10 178
0 7827 126 8 215
0 7987 212 11 104 14 68 16 16 21 34 65 30 11 188 175 101 42 272 38 86 4 68 34 85 25 133 23 21 34 6 33 52
0 8142 24 40 225 90 10 39 33 21 10 117 85 51 96 2 55 271 11 63 86 125 89 189 8 123 6 23 30 139 77 14 2 2 3 10 36 9 267 5 163 37 54 6 87 11 20 116 242 5 89 60 29 5 96 74 279 36 9 2 161 36 170 90 155 71 226 85 12 24 162
0 8415 76 38 190 48 263 90 3 37 12 44 87 7 14 130 189 89 1 14 45 4 14 18 16
0 8535 162 56 421 2 40 14 41 48 32 31 107 13 150 61 89 259 73 18 26 133 46 50 81 12 67 4 10
0 8878 37 44 122
0 8945 77 7 84 20 28 65 202 57 36 92 18 57 48 24 7 25 81 7 28 43 1 41 64 81 9 2 76
0 9117 250 13 161 38 22 7 70 64 232 39 13 246 112 14 40 21 75 94 263 34 34 37 227 34 92 12 80
0 9122 45 21 28 24 25 19 38 71 60 25 105 120 44 118 84 42 121 5 100 48 45 81 35 34 36 49 46 78 10 39 61 20 41 15 10 4 6 142 80 91 62
0 9180 15 24 90 182 81 30 20 174 14 8 14 213 304 36 151 104 68 11 23 238 168 155 73 42 49 86 8
0 9504 45 61 56
0 9506 37 19 31 23 63 49 79 12 1 24 12 116 294 13 28 58 62 92 75 19 18 56 274 112 29 21 190
0 9690 38 1 102 10 5 46 76 69 119 23 140 32 53 77 25 208 517 16 92 18 443 30 44 43 76 49 137
0 9772 83 88 10 27 6 32 293 46 102
0 9791 124 14 4 64 125 62 114 2 113 16 189 33 114 42 51 268 1 184 460 57 14
0 9841 41 1 110 55 304 2 178 48 118
0 9940 92 44 59 15 125 71 86 26 60
0 9992 17 127 50 48 136 62 2 74 177 84 56 12 61 64 24 3 54 33 77 41 128 61 28
0 10062 210 105 219 45 2 47 65 19 87
0 10271 122 237 2 23 17 23 69 8 31 3 203 21 9
0 10555 136 116 337 10 10 128 11 111 7 1 69 67 77 83 66 3 4
0 10758 76 6 26 31 109 30 159 114 182 236 234 122 54 26 61 22 61 80 8 7 9 25 193 11 278 4 9 63 78
0 10796 135 118 2 28 140 11 5 35 55 63 41 37 193 16 187 74 32 6 245 4 27 75 221 23 383 42 195 41 13 91 3 34 294 43 333 22 224 90 8 63 9 141 201 39 377 55 37 113 13 120 30 13 25 92 46 6 157 67 320 11 36 22 68 72 6 113 169 4 92 36 12 5 27 11 87 12 29 14 18 34 195 21 41 7 82 28 157 29 50 97 16 17 287 18 20 11 36 16 205 24 493 7 108 11 5 3 56 24 54 32 72 1 537 81 275 9 248 217 232 22 44 27 72
0 10845 40 139 21 36 60 45 53 12 124 115 52 40 253 6 94
0 10907 328 14 143 4 257 15 181 36 5 27 34 1 44 9 229 16 102 1 53 10 74 41 20
0 11059 7 4 17 3 107 34 35 54 188 38 4 20 147 61 3 18 11 23 92 19 197 74 26 17 82 12 597 35 81 79 26 39 209 82 67 58 12 113 56
0 11165 70 56 108 102 338 24 158 15 4 6 138 11 72 109 62 37 40 22 12
0 11195 80 48 78 62 118 229 39 69 254 5 432 52 28 33 233 44 19 22 215 3 17 25 155 118 10 248 104 42 299 22 9 19 113 138 101
0 11291 19 44 59 65 114 53 197 77 26 11 139 5 34 10 102 3 25 61 117
0 11578 40 19 41 46 27 92 369 51 147 42 99 66 79 84 69 6 17 28 169 17 417
0 11643 87 75 11 11 83 103 84 22 41 32 14 67 176 31 21 152 11 183 71 32 124 113 30 81 82 25 111 19 36 66 114 32 20 15 62 32 78 150 69
0 11735 71 44 22 1 87 107 15 33 42 5 63
0 11783 19 40 36 62 224
0 11993 74 109 31 47 288 37 15 53 45 11 167 53 163 17 187 96 107 8 22 26 251 77 16 4 59 39 104 26 43 43 67 80 198 62 12 89 222 4 163 56 85 141 52 52 20 10 87 62 201 58 39 138 184 20 31 2 135
0 11994 163 10 151 49 37 50 249 27 43 10 47 67 160 57 83 64 106 72 11 90 160 48 224 95 192 66 26 13 198 61 73 55 91 47 184 96 23 21 5 27 81 23 312 23 2 9 140 26 154 3 100
0 12151 202 4 16 4 43 68 122 132 2 48 31 42 164 19 132 3 87 86 13 21 47 41 10 69 346 41 145
0 12199 10 25 156 82 8 61 53 32 252 44 259 63 25 66 378 11 12 21 175 84 247 49 252 25 47
0 12391 156 9 85 40 266 101 74 61 104
0 12515 77 1 503
0 12859 77 164 22
0 12870 577 1 5 19 215 41 463 10 89 63 13 48 285 7 9 53 406 19 1 75 200
0 12908 64 1 23 36 109 16 24 8 106 12 34 4 50 24 201 2 89 5 139 146 76 59 87 8 29 109 65 120 10 91 254 85 76 56 45 37 94 59 19 31 24 27 16 50 310 48 159
0 12977 54 36 115 74 20 34 32 5 73 48 253 52 221 209 301 151 69 18 90 26 104 1 117 43 216 31 129 9 8 9 156 6 14 56 17 1 248 53 104 49 91 86 149 31 13 183 79 66 15
0 13020 402 15 12 8 151
0 13215 101 27 65 86 17 37 18 93 108 115 20 7 29 14 24 35 101 54 263 132 2 33 2 13 19 137 72 40 82 5 105 4 32 57 1 31 24 2 106 4 48 116 32 42 32 21 87 34 78 98 46 124 145 4 27 1 117 22 114 34 134
0 13377 47 65 188 65 83
0 13472 241 44 423 18 8 85 147 59 17 26 12 65 129 9 231
0 13621 107 39 3 140 212 15 58 36 186 7 86 22 116 57 8 54 242
0 13727 161 58 96 153 209 11 64 100 44 27 25 11 19 115 207 112 35
0 13847 4 168 114 54 23 9 292 65 176 37 10
0 13997 4 2 99 41 153 2 64 130 145 46 54 3 86 33 78 56 126 54 20
0 14212 5 136 4 13 147 13 269 74 26 54 29 199 3 251 137
0 14289 14 172 356 53 94 28 21 86 82 82 78 45 47 5 68 19 79 75 206 116 315 43 43 17 127 32 3 87 297 143 112
0 14344 7 4 116 1 207 5 254 113 103 7 21
0 14393 159 33 206 20 56 54 170 151 7 5 25 13 63 15 113 18 83 27 112 9 4 21 245 19 57 38 66 90 136 28 164 23 169 175 19 64 12 27 194
0 14410 107 8 160 45 309 33 78 18 195 116 20 127 53 201 53 8 75
0 14416 131 31 29 35 185 39 228 24 36 22 109 45 157
0 14491 117 109 118 11 4 22 46 6 55 4 137 52 24 58 96 55 162 113 1 36 196 16 71
0 14624 387 36 317 142 83 19 65
0 14774 212 97 13 92 10 42 12 69 43 104 7 16 23 32 153 9 16 3 11
0 14816 5 15 59 170 60 196 24 16 41 58 97 28 95 61 181 18 96 18 3 72 15 66 16 43 115 8 58 9 73 4 131
0 15008 189 16 48 138 294 25 500 35 31 12 154 111 7 138 25 112 359 80 118 52 164 18 33 115 23 95 127 165 148 112 32 63 122 38 127 54 58 21 37 33 63 44 32
0 15460 6 8 146 26 18 112 171 20 30 83 302 28 5 28 66 38 43 13 1 30 26 18 219 10 231 7 49 20 34 50 195 120 67 69 4
0 16150 33 1 121 12 68 59 71 114 48 129 66 57 333 136 132 3 441 85 1 68 61 82 11 295 181 75 190 12 136
0 16617 144 19 71 84 55 54 1 111 51 11 408 17 51 101 36 17 37 68 95 13 192 79 355 78 80 10 144 108 57 55 2 81 109 49 127 29 166 3 5 23 152 9 62
0 16760 52
0 16772 16 21 167 255 37 40 12 161 23 38 196 27 55 184 25 19 245 109 116 107 182 30 147
0 17262 106
0 17358 790 24 224 87 1 24 225 13 26 105 11 74 20 224 101 28 75 29 319 22 46 146 160 99 94 50 117 24 18 116 259 37 271
0 17365 140 22 80 9 67 3 121 20 34 26 96
0 17384 74 57 46
0 17442 23 75 107 15 68 101 277 79 184 12 200 151 85 25 81
0 17459 153 23 511 215 184 1 90 39 162 60 14 3 56 6 101 12 216 35 79
0 17491 119 54 44 82 459 28 75 66 96 26 104 15 220
0 17543 138 58 62 14 52 33 177 67 57 66 6 46 57 12 142 10 207 9 35 58 23 22 64 43 2 40 376 5 207 26 252 39 168 24 34 8 20 10 307
0 17708 120 79 17
0 17723 158 21 25 32 106 8 371 97 20 12 12 97 353
0 17905 63 18 3 24 119 57 57 1 75 140 11 23 367 24 24 84 9 40 264 48 216 253 2 98 73 230 169 122 444 20 151 45 26 20 142 30 57 44 9 39 12 123 83 112 33 61 36 12 15 38 90 84 53 2 166
0 18001 55
0 18154 77 36 4 44 191 25 274 8 34 44 22 44 50 34 171 13 59 30 446 101 198 66 34
0 18346 44 50 83 8 299 6 53 65 1 165 65 23 212
0 18390 320 27 84 79 11 92 36 45 3 43 3 9 54 66 24 60 43 2 229 28 111 15 2 5 16 251 233 62 93
0 18478 24 28 124 33 90 76 335 4 63 9 23
0 18622 106 5 259 33 10 38 35 19 125 42 93 18 143 19 153 30 75 24 75 8 64 5 157 18 98 18 105
0 18784 126 43 14 36 273 83 77 64 229 125 2 17 56 17 172 6 120 102 264 63 100 23 35 40 46 14 88 41 60
0 18826 57 3 12 29 103
0 18994 2 91 15 75 414 3 90 130 12 85 25 73 10 8 74 171 110 72 13 209 12 41 41 54 29 1 44 4 205 21 4 60 25 7 180 27 9 59 21 24 14
0 20134 110 27 18 6 342 107 21 29 62
0 20175 56 55 103 33 126 64 39 51 80 42 99 59 9
0 20323 124 9 13 27 190 11 194 201 182 60 303 20 54 166 53 15 117 20 10 199 75 24 81 30 126 4 214 8 179 52 357 64 38 179 28 29 114 9 63 121 53 37 350 40 49
0 20358 114 39 83 18 654
0 20838 10 11 83 54 187 45 204 19 77 68 99 35 120 5 90 151 61 110 8 74 40 94 48 83 55 3 36 56 58 16 159 8 7 32 185 156 14 36 47 43 34
0 20868 29 71 100 50 6
0 20877 458 96 92 13 42 97 98 65 252 33 8 10 10 27 135 10 4 35 4 6 82 41 119 40 84 70 126 49 7 17 59 6 85 95 297 29 58 23 63 22 104 53 357 5 12 14 91
0 21173 45 148 85 208 11 9 284 30 32 102 42
0 21181 11 52 388 17 96 33 187 85 410 11 9 38 32 91 13 21 19 92 205 262 274 42 62
0 21283 35 61 133 69 41
0 21519 25 70 232
0 21718 12 80 104
0 22010 73 9 140 23 305
0 22040 128 25 50 59 319 13 109 40 39
0 22361 83 12 227 61 134 112 83 101 42 88 213 229 129 10 74 46 69 65 194 27 263 40 92 27 110 104 40 202 25 36 14 67 292 66 4 58 124 204 628 27 110 136 89 68 30 24 142 35 114 14 87 70 226 32 2
0 22468 255 27 71 44 59 52 31 122 17 41 84
0 22677 82
0 22847 344 6 161 32 72 4 208 61 300 71 70
0 23021 4 10 119 63 70 87 46 19 50 18 8 70 205 42 58 21 118 27 185 19 51
0 23232 12 82 20 36 43 36 88 117 28 115 205 30 100 16 55 48 117 19 137
0 23405 76 197 154
0 23841 17 10 11 29 260
0 23854 51 48 24
0 23908 60 1 315 77 98 107 169
0 24041 103 51 3 210 77 3 23 11 74 335 28
0 24145 36 82 187 98 256 12 113 117 15 4 21 33 108 14 378 29 60 22 79 13 262 111 86 40 19 120 188 30 44 26 105 1 19 35 9 43 9 43 310 74 47 40 190 115 112 73 185 34 29 8 199 2 95 5 19 25 29 38 38 64 6 101 28 3 183 131 65 3 109 10 24 29 12 128 7 3 80 81 87 20 26 52 13 17 164 10 120 63 12
0 24224 11 7 163 33 9 12 29 79 54 19 85 55 80 9 109
0 24279 3 74 49 14 121 153 143 76 135 59 167 25 37 91 46 31 168 17 21 5 8 125 130 7 51 5 82 52 14 50 117 13 33 38 233 156 83 4 36
0 24285 24 40 48 28 45 2 75 4 176 3 375 38 61 11 31 28 171 153 24 213 60 116 58 24 393 5 38 74 162 56 69 14 70 15 4 60 17 21 210 3 23 43 63 46 76 85 18 63 5 80 6 55 13 12 158 1 409 21 14 6 454 128 159 54 299 82 76 70 42 251 24 258 53 24 5
0 24325 147 9 33
0 24364 223 2 210 42 125 36 67 91 52 13 211 4 12 20 39 218 88 70 4 34 176 20 271 51 36 80 99
0 24526 2 25 12 12 14 17 33 86 2 127 24 59 181 83 35 50 42 57 24 30 116 47 29 26 4 19 210
0 24742 85 12 70 7 23 107 36 37 97 17 171
0 25016 45 71 35 8 34 146 56 46 58 5 267 8 18 140 28 90 247 225 5 66 1 32 145 15 83 59 10 32 169 49 227 84 91 37 38 29 290 70 108 48 41 60 11 10 26 6 6 51 16 2 76 112 9 7 348 12 10 57 325 43 18 64 36 43 1 10 346 99 31 69 83 139 135 26 9
0 25140 99 62 221 239 32 4 75 35 211 83 7 104 22 52 569 83 172 138 49 4 93 241 197 31 205
0 25217 40 12 53 28 91 8 201 24 122 56 208
0 25418 34 84 33 44 218 39 53 69 122 18 129 36 6 15 12 25 121
0 25581 78 15 144 9 77 8 31 14 37 14 18 29 23 50 99 4 24
0 25715 141 4 47 21 15 32 3 36 104 12 18 58 109 71 32
0 25881 8 12 79 155 186 1 1 26 725 63 277 2 52 26 34 5 163 26 50 25 162 30 59 21 28 32 44 20 139 16 64 44 44 44 43 57 240 23 72
0 26445 298 50 264
0 26557 160 56 2 46 68 107 138 3 249 35 18 18 84 37 42 43 158 54 20 90 116 61 44 44 17 16 381 52 23 73 129 24 61 24 14 91 162 15 148 3 61 103 47 13 29 15 43 181 356 15 64 136 79 14 33 42 61 132 48 44 56 9 76 26 58 15 68 13 40
0 26734 7 2 146 54 60 1 15
0 26776 309 6 1 31 124 31 38 123 182 40 190 90 35 114 95 48 130 28 32 28 253 3 5 15 6 34 11 59 29
0 26801 182 40 25
0 26819 239 59 8 11 150 57 52 85 14
0 26833 56 17 17 34 47 36 44 63 126 53 1 11 49 21 27 26 204 70 26 4 64 7 4 119 64 10 119 52 95
0 26958 164 61 77
0 27031 5 39 28 77 20 9 221
0 27054 32 14 91 20 37 73 22
0 27093 5 121 10 182 225 18 76 47 95 25 17 1 108 207 110 73 4 54 213 106 65 10 56 27 97 12 77 39 34 174 24 84 165 9 126 6 144 1 240 63 14 36 262 21 38 154 4 9 50 29 130 7 33 5 65 35 81 38 233 28 498 73 47 18 17 10 94 41 74 19 23 78 21 37 54 28 29
0 27125 19 62 79 61 50 58 138 38 1 71 47 97 244 6 38 2 37 13 131 9 145 146 484
0 27160 128 9 50 108 459 46 29
0 27388 83 40 476 101 170 13 94
0 27937 9 33 42 9 17 13 21 75 106 18 50 37 317 131 249 62 39 76 13 81 83 27 119 25 101 62 281
0 27991 4 14 22 312 376 49 50 19 11 19 130 22 113 6 203 117 57
0 28028 522 37 19 96 8 33 284 43 15 94 54 51 82 4 264 132 61 58 11 43 24 58 19 136 122 41 143 40 92
0 28287 11 21 9 61 217 147 7 91 309 31 68 93 63 1 186 23 167 65 100 24 486 32 203 13 59 148 9 17 190 62 81 31 287 35 60 65 287 31 19 9 76 91 2 73 50
0 28368 24 7 123 11 355 5 77 12 79 175 189
0 28659 52 49 60 302 76 15 38 13 81 5 223 1 81 20 174 96 66
0 28764 107 1 53 97 9 11 4 86 175 9 136 12 31 125 36 16 56 11 78 2 11 43 308
0 29657 268 101 49 23 45 18 83 9 188 55 45
0 29751 23 32 113 4 172 39 51 14 33 39 18 18 37 73 24 17 46
0 29896 169 76 64
0 29972 4 4 47 217 10 191 17 7 109 134 13 137 109 38 9 44 5 4 16 8 106 2 155 63 140 20 213 34 45 58 166 4 113
0 30041 108
0 30054 322 120 57 43 48 6 2 20 13
0 30178 81 11 298
0 30227 2 13 149
0 30262 64 85 22 27 100 45 205 4 16 34 377 12 149 9 28 100 45 90 12 43 109 6 83 36 20 21 282
0 30327 118 40 84 114 52 72 45 2 120 19 388 14 216 210 25 101 96 20 63 22 79 17 39 82 34 51 96 6 158 41 51 120 1 60 228 8 201 267 200 1 111 85 13 102 2 68 103 67 68
0 30337 46 46 165
0 30351 56 69 44 43 3 15 125 19 39 17 124 51 6 99 66 43 42 2 26 6 144 78 269 79 43 34 33 20 27 90 50 45 8 140 26 8 226 28 429 7 62 19 1
0 30649 58 19 81
0 30800 26 19 200 24 12 2 214 47 72 224 78 48 498
0 31071 31 297 38 12 122 6 665 109 122 25 133 24 252 25 90 30 41 136 68 52 78 66 288
0 31094 22 37 119 47 39 234 57 126 73 6 76 7 197
0 31142 63 35 6 16 222 25 26 116 20 234 15 190 58 6 176 75 90 20 18 39 227
0 31418 2 60 151 107 44 47 26 14 55
0 31563 83 32 174 38 40 67 12
0 31564 71 120 180
0 31565 205 11 29 20 155
0 31702 136 48 33 24 43 47 7
0 31767 234 45 449 4 183 73 135 1 127 27 48 7 34 33 38 116 20 31 65 75 124 7 75 42 195 42 3 2 11 117 351 63 139 127 94 35 125 11 19 96 38 21 67 54 65 44 92 26 11 23 46 22 45 3 171 20 262 6 70 44 144 7 28 26 74 13 199 111 16 59 43 49 21 28 18 111 35 121 50 18 301
0 31768 150 3 20 93 2 4 37
0 32133 56 15 13 26 416 84 29 72 29 143 54 24 22 41 154 68 1
0 32280 41 24 56 4 190 27 125 58 55 116 249 197 7 73 96 90 352 52 99 28 260 21 69 45 80 35 59 33 142 10 80 35 44 13 1 2 59 10 22 123 203 27 80 4 148 15 20 19 312 61 45 42 104 116 31
0 32596 101 20 74
0 32792 7 32 211 48 38 57 166 27 5 48 37 1 76 2 36 20 109 19 63 19 189 316 4 113 16 7 95 80 214 2 11 15 61 26 170
0 32862 193 5 180 26 105 51 6 193 195
0 33182 241 60 128 2 126 4 131 13 423 45 264 25 71 105 40 49 175
0 33282 56 51 58
0 33381 11 12 28
0 33404 48 29 296 33 11 11 79 16 31 73 75 68 59
0 33627 117 125 24 68 18 140 187 205 5 46 61 44 7 38 188 38 296 40 53 49 76
0 34115 121 50 80 75 17 108 132 8 47 74 47 11 118 20 260 2 43 16 32 51 115 69 530 40 42
0 34119 44 16 237 20 47 54 15 2 45 30 10 64 81 123 209 37 47 1 26 88 4 26 24 139 140 3 3 23 13 158 1 162 115 217 73 82 218 27 487 79 149 15 20
0 34154 374 7 105 78 30 27 111
0 34184 176 43 22 18 20 18 93 10 43 3 107 17 263 41 24 36 14 2 167 54 26 40 38 80 6 12 186 106 127 30 59 66 10 129 120
0 34224 13 8 52 29 210 245 4
0 34296 114 1 47 26 367 2 8
0 34653 36 25 30 2 26 17 8 55 25 16 407 51 13 32 218 140 228 8 51 64 109 13 95 105 151 88 113 107 28 124 132 2 47 152 15
0 35034 155 47 98 16 63 68 76 87 29 51 129 6 143 84 28 47 87 26 74 99 75 42 248 13 35 45 19 30 191 28 45 25 269 62 219 41 45 10 195 61 8 114 22 22 45 46 127 1 112 21 86
0 35089 210 8 103 12 9 159 29
0 35098 308 63 20 21 111 64 27 36 6 20 177 33 207 76 40 84 102 52 39 15 102 3 321 94 61 2 93 9 10 95 110 93 155 57 131 71 44 25 27 53 181 58 51 36 21 33 23 51 110 9 252 23 82 15 99 78 508 122 398 10 76 163 121 4 49 7 145 57 26 41 240 2 114
0 35175 111 70 233 76 24 69 60 83 79 20 121 29 291 80 58 23 35
0 35273 63 32 272 32 273 78 68 13 281 34 106 3 35 73 305 44 55 54 57 29 210 141 18 40 49 48 124 3 59 8 50 15 58 26 146 45 9 28 74 13 21 47 55 61 98 32 140 184 100 28 71 166 55 86 312 18 70 35 78
0 35277 123 15 20 101 32 4 185 14 81 22 32 136 16 38 52
0 35346 140 57 231 83 154 235 32 52 182 2 26 23 62 13 114 33 56 25 138
0 35604 55 99 316 28 56
0 35853 306 99 259 12 73 86 148 72 31 4 12 27 8
0 35861 200 57 100 58 183 76 247 1 3 5 229 18 133 48 95 52 28 99 29 67 57 7 131 10 346 27 1 9 26 11 159 27 113 21 10 11 143 83 49 173 45 29 7 40 416
0 35960 30 15 106 4 2 215 340 97 1 8 167 91 278
0 36023 56 87 209 56 160
0 36177 92 5 7 7 107 386 27 74 101 40 369 21 28 19 9 17 206 134 328 42 329
0 36273 45
0 36364 35 40 52 5 52 35 1 20 144 10 133 25 187 22 157 36 2 25 91 71 55 39 43 25 92 129 53 96 90 17 104 1 296 54 57 126 169 22 10 83 163 17 11 4 24 46 63 104 208 62 71 67 115 14 21 1 118 21 8 12 82 27 22 29 246 9 124 55 26 103 176 49 100
0 36374 274 15 155 23 152 23 30
0 36741 3 168 29 100 153 58 178 31 277 2 9 12 66 24 53 5 64 17 1 7 11
0 36859 225 139 63 110 15 89 14 69 64 54 48 42 64
0 36881 50
0 37056 32 4 26 33 96 20 93 41 75 30 41 31 31 3 32 42 133 92 300 69 37 22 62
0 37166 97 11 37 184 47 3 78 41 2 17 257 3 82 90 83 49 61 26 67
0 37501 43 12 114 31 277 27 108 22 63 81 40
0 37889 60 55 100 55 91 5 9 65 245 75 49 18 176 22 60 27 3 52 104 12 59 5 106 24 1 10 22 32 42 26 183 272 295 7 227 23 22 61 7 38 144 17 57 32 46 9 367 33 102 58 214 68 52
0 37997 23 86 56 3 577 4 5 48 42 59 39
0 38511 2 2 4 29 51 232 10 1 79 16 181 196 85 34 14 4 265 257 6
0 38770 52 29 67 22 76 63 232 5 3 103 137
0 38970 24 37 741 8 19 19 498 7 82 6 335 26 11
0 38986 68
0 39083 49 26 254 138 15
0 39160 39 22 245 7 9 12 18 4 175 111 236 77 22 80 439 5 101 18 29 8 8
0 39310 15 39 38 20 25 77 28 21 74 86 18 101 50 29 19 8 139 27 114 80 78 195 230 126 111 3 11 91 2 13 72 8 95 10 13 10 56 2 251 384 86 26 51 35 39 41 70 7 110 40 107 14 269 64 160 91 16 64 235 42 142 35 262 214 207
0 39423 140 45 104 50 72 3 27 17 560 12 203 2 58 24 23 28 59 232 119 30 354 17 75 30 50 1 62 4 164 46 238 15 132 31 20 7 186 133 40 60 15 24 29 81 312 64 144 83 81 12 23 28 69 37 93 8 2 30 2
0 39578 14 37 1 86 77
0 39745 186 45 63 67 100 71 245 2 225 11 2 181 440 53 77 26 57 117 52 63 34 30 68
0 40091 1 65 139 18 45 67 127 15 161 21 81 54 131 51 16 114 81 25 179 4 60 16 135 80 30 170 33 121 18 181 96 41 124 17 31 65 3 1 88 150 5 179 62 56 25 11 14 24 133 27 116 101 48 68 69 1 98 34 57
0 40242 193 45 96 51 53 96 526 162 142 42 79
0 40323 26 32 4
0 40359 14 141 56
0 40430 159 89 75
0 40996 8 70 9 22 112 6 180 25 94 25 75 264 129 11 8
0 41142 109 32 68 23 104 6 3 49 12 87 158 172 303 64 15 86 69 107 226 10 27 57 28 74 91 72 92 19 187 5 50 49 64 20 26 3 207 43 16 11 66 19 96
0 41394 13 144 7 42 106 195 104 7 76 131 78
0 41793 60 167 63 106 21 170 35 51 36 22 199 27 90 99 66
0 41847 93 317 121 70 324 60 32 48 63 31 17 47 237 23 3 10 143 56 4 86 43 4 11 39 73
0 42023 316 47 128 54 91 15 54 46 6 14 247 84 90 138 27 26 15 4 53 4 55 21 2 12 128 39 92
0 42048 119 41 79 34 95 17 18 7 2 27 355 32 30 15 278 14 47 62 23 41 69 25 82 8 1 42 14 14 86 23 95
0 42076 88 14 127 37 15 183 144 128 62 11 221 19 112 48 37 25 103
0 42368 45 125 31 4 16 56 213 140 14 52 38 27 157 35 63 21 221 70 90 21 191 3 25 168 15 20 3
0 42469 166 108 395 4 38 12 85 84 3
0 42503 23 79 42 8 116 4 3 22 287 2 43 35 34
0 42542 139 64 272 70 196 119 121 2 6 8 88 94 104 56 363 32 809 3 194 15 41 10 2 45 49 38 54 71 237 20 51 42 109 23 85 13 72 51 75 132 229 20 123 57 22 4 4 15 518 18 50
0 42716 4 6 159 25 44 18 20
0 43111 16 94 112 123 80 21 104 75 61 141 157 111 15 109 87 33 131 5 174
0 43227 314 4 180 36 93 32 63 53 105 60 62 2 48
0 43295 111 34 128 6 9 37 60 21 90 24 50 4 92 62 114 25 45 39 235 69 58 107 3 178 244 1 33
0 43366 170 32 92 53 111 69 234 10 223 18 15
0 43370 66
0 43484 16 6 74 27 289 63 56 191 26 7 3 9 29 39 58 16 4 8 64 93 259 205 897
0 43494 299 128 447 8 30 84 34 58 11 66 89 34 1 13 24 4 13 2 64 12 23 44 39
0 43711 6 11 5 144 14 114 333 198 150
0 43748 20 11 35 10 47 126 18 53 42 50 84 277 79 10 84 20 23 84 83 61 106 12 51 33 88 31 5 211 245 103 58 178 92 14 133 39 297 48 18 9 115 187 60 22 27 5 129 96 81 77 99 59 2 24 59 37 153 32 255 51 64 19 72 38 137 4 156 41 356 117 259 13 1 24 9 3 114 102 226 10 72 89 17 6 268 46 28 68 7 181 307 37 10 14 75 147 3 41 26 112 145 48 263 12 16 141 100 61 115 17 12 31 2 13 63
0 43866 171 47 116 43 62 25 84
0 43893 52 139 79 71 19 23 16 59 204 19 181 10 79 124 25 15 14 32 35 60 72
0 43994 54 30 144 16 107 75 63 33 94
0 44317 238 37 19 29 415 113 689 60 16 68 21 112 81
0 44369 142 89 21 2 11 44 1 14 64 29 46 71 51 53 268 21 8 14 46
0 44381 4 62 120 80 468 22 114 16 102 190 128 172 63 98 271
0 44599 64 67 157 23 75 206 399 26 56 31 19 32 111 55 115 172 68 18 183 2 360 2 25
0 44628 111 35 182 22 7 77 34 15 211 115 42 38 51 36 315 60 45 1 190 181 32 28 128 119 21 55 137
0 44732 140 14 72 9 42 2 36 2 21
0 45093 6 4 196 77 120
0 45192 27 39 79 74 111 1 137 2 86 5 152
0 45295 17 21 239 48 258 12 66 4 56 13 151 100 71 113 12 43 8 82 46 17 59 6 144 104 1 7 31 1 123
0 45397 307 80 123 9 48 33 270 8 161 16 143 252 66 4 105 54 11 12 186 62 282 76 201 77 80
0 45421 64 69 70 26 273 61 5
0 45599 23 41 2 98 100 47 48 10 43 7 4 33 155 35 74 4 76 224 109 74 224 57 119 62 163 77 34 80 140 60 1 28 60 71 83 5 27 36 127 57 169 69 11 5 222 38 41 30 18 2 232 25 432 79 84 47 37 4 9 86 164 20 191 41 23 26 46 68 81 13 15 46 150 14 46 6 36 94 340 48 97 24 189 6 107 21 21 9 57 46 30 26 22 10 154
0 45638 126 17 49 91 79 51 97 64 165 22 249 47 230 14 72 30 42 6 56 48 109 54 162 41 28 35 52 6 25 15 235 11 20 98 97 102 89 242 31 1 65 9 104 29 37 21 6 19 70 24 63 99 86 2 137 56 75 43 33 1 89 16 124 8 23 10 141 35 95 9 36 29 41 31 50 1 41 14 14 45 82 27 125
0 45707 167 36 6 170 47 26 38
0 46439 11 16 553
0 46628 52 15 217 30 1 285 112 62 307 47 66 96 28 17 39 3 85 7 145 66 22 56 21 54 53 14 78 31 168 66 14 11 6 138 121 18 319 16 48 17 56 8 6 3 218 89 568 5 42 14 253 16 252 9 36 18 146 4 12 34 47 120 646 2 5 37 358 39 10 7 635 146 46 38 112 290 22 13 237 46 69 18 190 33 201 27 144 3 60 89 34 5 40 2 92 155 75 15 43 22 33 135 138 107 12 32 25 34 59 8 7 27 241 1 22 80 11 16 67 25 147 24 107 31 87 29 78 24 4 148 52 6 29 95 154 5 21 32 55 289 52
0 46677 49 16 98 28 77 2 241 35 30 15 11 49 69 39 77 30 105 31 46 38 41 56 88 56 8 27 181 107 29 29 166 52 113 12 45 120 314 52 156 41 159 93 6 36 55 22 11 42 50
0 47064 11 105 51 20 4 119 24
0 47103 255 88 83 17 37 62 37 7 92 83 102 116 66 19 32 101 105 21 391 52 25 8 97 96 42 1 265 36 42 9 103 46 116 26 11 21 269 70 51 13 175 2 177 21 68 1 54 6 231 83 297 3 87 40 20
0 47339 106 28 230 22 186 6 45 29 52 45 29 103 17 73 157 50 37
0 47457 31 73 94 18 94 144 206 7 382 134 71 104 115 1 110 51 164 109 128 4 149 38 114 10 50 66 28 118 126 22 92 48 45 6 85 16 73 4 10 84 42 97 39 44 5 53 37 29 66 20 45 56 167 23 6 76 28
0 47490 44 83 378 39 208 41 111 156 316 43 18 3 74 58 80 8 212 133 75 1 28 15 12 99 358
0 47856 19 16 57
0 47974 22 12 133 158 272 12 387
0 48481 5 34 26 15 2 56 46 7 10 78 221 26 83 1 151 22 602 35 33 38 32 30 8 37 95 105 8 221 150 18 31 28 224 58 24 150 72 19 160 55 290 86 26 6 18 51 42 61 465 97 120 65 104 34 474 34 20 34 314 24 149 111 349 5 55 126 20 9 229 13 29 2 126 38 53 3 7 69 126
0 48624 62 20 346 39 229 61 94 90 259 50 52 77 56 7 94 7 49 30 171 7 54 34 38 123 206
0 48700 141 93 63 10 47
0 48777 44 91 32 104 25
0 48870 44 22 176 60 32 13 170 2 57 33 32 81 53 88 2 56 292 114 119 1 37 123 1 226 77 11 44 7 131 19 92 12 31 92 330 43 35
0 48875 82 71 87 60 34 30 476 24 100 70 52 1 265 4 88
0 48940 351 32 11 3 90 40 138 18 17 22 14 10 80 32 98 46 106 7 61 227 30 35 62 51 339 33 62 17 464 129 28 16 10 55 172 6 118 34 56 15 85 2 26 21 25 183 106 14 92 38 273 75 104 63 29 19 98 24 117 14 12 14 31 3 22 55 161 24 23 12 209 65 16
0 49040 35 134 24 36 131 13 132 81 525 68 36 139 142 92 20 54 39 4 10 12 16 36 6 97 336 39 275 14 39
0 49125 5 50 92 45 36
0 49208 87 6 70 26 15 104 108 39 31 25 68 6 32
0 49241 63 45 106 4 253 14 93 92 51 45 163 34 80 93 59
0 49468 57 72 233 107 64
0 49582 47 189 272 28 28 1 85 30 22 154 25 20 18 9 47 53 25 6 70 1 207 21 91 43 20 2 12 5 166
0 49588 32 178 77 42 13 75 64 81 37
0 49794 128 40 122 90 147 24 194 22 10
0 49802 102 66 135 66 105 118 334 18 10 56 278 22 29 18 123 4 47 94 28 160 126 38 73 137 22 57 156 3 56 18 213 78 54 39 61 103 50 29 66 23 75 281 172 53 249 40 73 32 5 5 177 220 32 31 17 66 5 60 554 82 140 35 469 9 61 3 27 81 218 145 213 60 171 158 119 3 77 9 52
0 49940 56 8 84 11 41 111 28 20 64 92 84 102 162 105 246 3 67 101 9
0 49988 24 30 2
0 50061 5 12 88 19 144 26 26 23 226 58 138 21 319 48 27
0 50151 68 24 9 9 85 30 12 41 69 75 9 35 116 26 79 83 39
0 50171 164 72 94 43 29 40 12 6 733 136 97
0 50492 170 4 7 10 32 12 117 33 46 33 111 92 158 141 122 158 2 105 115 190 261 149 291 12 128 122 2 54 135
0 50585 54 4 26 26 70 29 54 38 267 32 69 262 32 102 43 40 68 89 28 9 27 17 96 2 28 1 34 26 23
0 50705 99 78 40 96 29 24 103
0 50743 53 115 109 27 35 26 13 32 444 50 95 46 119 77 369 25 49 4 146 84 259 94 29 78 35 41 192 289 29 29 258 68 150 12 62 23 38 34 131 22 8 81 89 69 53 66 104 27 40 57 39 98 58
0 50793 278 19 254
0 50839 136 5 40 31 45 66 19 27 5 64 82 46 13 59 368 7 36 56 497 33 107 10 103 23 27
0 50890 132 10 44 17 7 56 136 26 39 24 35
0 50987 20 23 10 31 20 16 133
0 51075 103 111 31 23 34 57 131 30 113
0 51388 25 22 290 15 63 59 97 23 75 187 16 23 41
0 51457 76 13 5 12 126 36 98 62 41 48 3 27 88 140 96 5 164 9 2 104 27 69 2 83 59 160 38
0 51560 22 86 104 41 82 19 87 183 79 15 85 3 151 287 223 56 91 37 51 46 93 25 118 127 23 27 75 10 42 48 79 154 336 16 43 33 86 36 95 31 244 74 200
0 51737 218 38 311 96 45 42 14 137 460 18 220 59 27 55 24 18 93 37 124 1 61
0 51936 111 124 92 24 82 17 355
0 51963 20 46 5 35 2 5 72 23 97 132 199 48 243 22 108
0 52013 21
0 52265 230 176 143 30 98
0 52340 66 8 34 114 137 9 6 81 130 84 35 65 30 28 86 26 73 31 7
0 52363 4 86 174 7 266 39 169 11 112 117 56 33 141 32 149 71 20 39 25 30 38 13 84 67 23 36 166 136 44 256 51 242 4 72 63 23 88 31 2 42 68 67 142
0 52453 239 88 79
0 52628 85 85 38
0 52861 69 145 18 27 76 48 124 10 187 83 167 14 46 67 171 47 82 46 28 20 454
0 52979 216 259 12 51 160 2 15 19 75 103 108 12 248 30 14 235 9 51 17 109 31 14 76 75 77 59 69 64 37
0 53244 159 37 38 50 165
0 53319 14 56 339
0 53401 234 9 220 16 369
0 53671 25 141 42 39 473 12 24 33 234 3 274 1 22 98 200 2 102 176 329
0 53770 83 15 39 55 126 3 4 58 76 76 92 114 12 1 134 159 116 39 13
0 53868 85 2 111
0 54088 34 6 67 2 35
0 54146 105 40 145 7 134
0 54230 220 44 18
0 54250 147 94 24 51 31 32 160 35 3 13 96 15 11
0 54465 203 63 188 33 7 187 89 85 130
0 54675 33 36 27
0 54732 319 46 46 107 151 29 28 69 17 7 76 24 74
0 54766 11 39 148 29 5 19 29 219 123 48 41
0 54822 22 206 4 21 143 62 62 6 187 15 55 14 63 42 83 181 143 48 469 44 220
0 54876 13 64 93 53 54
0 54895 35 72 73 7 21 1 370 42 46 107 67 6 5 23 17 124 92 7 64 26 191 11 77 9 43 21 26 32 117 43 121 44 36 6 48 9 43 10 153 9 7 19 64 84 9 66 99 1 166 26 118
0 55045 11 105 160 108 5 19 376 35 31
0 55341 82
0 55751 44 65 226 67 61 14 229 7 24 57 54
0 55850 137 63 353 29 99
0 56136 65 64 192 42 95 5 9 15 155 150 166 60 48 12 71 56 26 24 31 2 269 46 12 33 88 5 1
0 56190 91 184 447 86 56 23 75 9 112 28 156 86 21 42 243 22 68 3 213 1 31
0 56641 58
0 56767 30 17 89 15 29 125 3 55 115 95 245 12 131 88 62 5 135 15 235 138 23 2 66 93 69 27 105 109 1 19 10 18 40 40 48 51 59 9 102 21 130 22 24 24 1 62 148 1 14 50 7 50 54 18 259 26 18 40 11
0 56788 167 106 67 73 323
0 56792 194 24 20 14 10 35 72 50 9 27 46
0 56827 69 36 45 77 268 19 72 139 207 16 56
0 56975 13 8 48 35 11 57 49 13 56 40 323 73 67 26 44 241 1 195 5 19 216 56 32 35 575 47 61 8 27 9 177
0 57014 92 32 99 43 25 62 143 29 195 1 2 87 125 180 11 17 85 24 100 58 6 12 104 51 51 20 126 13 25 77 147 15 14 65 98 49 177 2 181 4 337 183 290 2 77 9 55 65 223 61 87 55 30 10 83 73 137 83 699 38 7
0 57085 2 121 78 8 38
0 57102 108 81 172 22 107 30 30 73 39 5 99 50 78 28 230 6 120 71 140 58 32 55 61 31 20 47 23
0 57105 136 102 54 56 109 76 67 44 99 31 8
0 57514 124 31 11 16 32 66 140 114 18 31 108 82 42 37 140 4 140 49 48 186 258 72 100 42 13 108 93 77 481
0 57616 77 114 6 14 43 31 9 112 182 148 128 25 58 312 35 6 45 38 47 135 37 32 313 219 157 68 114 29 110 11 159 28 189 43 239 74 329 53 70 14 22 12 196
0 57671 62 306 25 40 89 88 80 65 61
0 57766 147 12 60 16 83 27 166 19 245 76 69 5 27 68 109 46 61 17 239 62 89 8 200 103 32 19 107 5 112 138 85 133 10 154 28 52 98 93 12
0 57844 84 105 3 123 20 1 53 7 8 69 17 17 127 3 101 31 152 74 58 1 1 2 65 73 161
0 57974 50 35 17 1 64 36 78 8 78 1 47 1 12 67 65 135 266 22 212 11 28 37 30 115 32 2 108 78 141 57 49 176 94 34 303 4 162 39 67
0 58183 34 82 9
0 58286 13 33 68 1 24 100 23 24 98 61 15
0 58376 140 66 103
0 58413 31 42 109 56 374 170 89 24 280 41 144 29 154 77 65 7 81 9 21 27 171 65 30 93 16 65 18 18 10 5 220 6 224 102 50 39 3 90 20 17 9 81 59 109 41 47 38 8 134 52 16 4 15 111 14 9 133 93 180 34 26 17 141 154 13 203 30 34 32 29 211 2 195 31 57
0 58502 17 74 384 23 177 85 184 71 180 81 108 29 421 42 234 2 8 7 330
0 58534 122 86 51 7 130 16 2 72 84 30 116 57 1
0 58612 5 70 1 2 9 49 8 24 144 32 25 58 218 15 223 22 572 4 3 77 47 35 157 230 47 4 208 47 93 7 12
0 58643 2 172 74 116 21 57 376 42 307 4 107 229 11 124 66 126 48 55 9
0 58698 52 66 18
0 58902 233 119 32 3 407 50 15 15 114 68 9 26 2 39 27 7 412 174 106 73 40 34 59 41 6 15 58 10 188 22 63 51 172 65 16 21 54 25 32 81 178 114 187 5 150 76 5 35 147
0 58991 13 138 82 9 18 50 62 33 242 152 152 22 40
0 59029 85 178 95 37 109 39 46 32 19 6 91 83 110 19 331 13 41 13 392 76 3 17 32 16 96 73 33 43 85 33 29
0 59114 270 18 136 21 13 11 69 26 21 42 33 11 74 24 24 37 153 4 55 3 341 36 47 16 32
0 59467 234 53 301 1 179 11 92 23 1 1 57 30 26 30 78
0 59994 9 146 30 97 10 16 47 66 110 85 18 113 65 296 16 36 73 10 14 36 314 68 56 18 144 26 188 56 134 21 186 29 30 15 123 23 57 136 55 27 105 52 79 8 56 136 18 82 41 33 453 31 26 159 11 8 76
0 60036 39 13 34 85 5 14 33 29 3 57 134 75 171 57 152 235 15 97 15 117 94 56 77 63 222 35 113 20 78 118 17 23 139
0 60350 18 41 345 30 9
0 60386 323 94 242 123 257 97 12 6 173 16 69 28 38 103 44 82 266 64 53 125 74 43 36 5 174 49 74 19 195 44 248 2 7
0 60744 10 35 245 13 47 69 17
0 61236 59 9 15 166 5 70 191 22 64 37 456 134 31
0 61244 41 91 194 27 18 30 17 49 252 71 20 57 11 39 176 58 121 104 28
0 61260 76 6 76 16 31 5 156 81 27 48 158 134 112 91 217 15 82 54 1 72 9 168 7 59 43 34 191 72 138 105 179 24 37 19 53 79 37 44 6 59 58 1 24 61 106 62 88 34 13 65 1 39 89 10 290 35 111 6 44 176 82
0 61310 4 4 131 52 22 106 17
0 61432 23 119 6 1 39 25 100
0 61625 12 41 239 144 187 59 286 32 77 196 10 38 156 57 99 383 93 83 13 3 62 140 115 66 62 8 52
0 61674 87 99 98 57 322 54 59 1 91 2 80 85 166 19 32 49 292 41 114 38 39 10 273 50 424 12 84 15 40 7 81 16 23 32 147 110 56 26 43 60 25 1 17 76 37 127 108 6 63 79 30 3 14 58 9 27 3 180 46 5 151 1 52 140 71 57 12 49 207 30 59 14 294 21 170 111 125 23 366 269 23 127 202 46 102 73 26 53 22 44 181 92 65 53 158 7 4 21 17 9 1 1 242 104 231 91 70 19 112 26 38 6 16 24 40 52 259 44 27 121 10 66 2 81 279 52 39 45 49 23 131 31 97 49 44 35 356 12 266 16 11 52 23 9 304 181 2 3 18 126 37 29 491 72 129 2 31 14 113 3 1 25 10 66 20 70 19 71 22 53 25 49 38 12 72 133 191 51 12 73 34 140 56
0 61737 71 20 16 21 24 59 53 11 101
0 61762 94 75 11 20 41
0 61946 119 27 150 45 90 83 56 147 127 239 29 3 2 29 43 59 24 24 257 44 33 27 8 7 253 25 11 4 69 68 37 6 47 117 144 53 43 130 165 64 287 98 20 6 175
0 62060 60 1 100 64 63 57 180 78 20 37 170 48 36
0 62144 53 95 61 41 171 28 35 6 15 27 1 88 40 9 5 43 142 32 66 29 70 9 6 4 93 48 29 52 39 41 169 28 76 55 23 42 82 2 78 144 59 169 101 103 41 98 3 44 397 43 59 29 87 7 74 15 428 7 464
0 62190 168 1 49 74 66 12 215 37 16 43 253 27 114 51 291 144 113 47 62 35 86 39 8 76 184 22 35 10 36 15 87 62 3 77 53
0 62303 63 115 53 24 221
0 62463 245 1 19 17 186 99 58 16 60 29 46 86 26 61 53 38 69 28 158 38 29 32 16 19 113 65 32 45 252
0 62487 28 416 55 16 54 41 299 10 62 105 45 114 200 29 109 136 28 87 35 32 232 137 94 8 109 4 7 3 148 27 142 40 54 27 139 16 10
0 62553 32 19 268 61 7 28 240 28 39 8 63
0 62696 22 37 26 29 251 195 127 7 2 7 42 32 102 11 8 25 183 10 34 122 19 6 8 45 58 45 177 29 211 14 34 16 17 17 51 27 332 121 22
0 63233 39 15 155 88 99 77 39 13 96 24 256 91 69 30 29 47 64 5 11 16 48 17 170 18 44 2 196
0 63725 85 27 39 122 1 30 209 9 385 44 50
0 63857 268 6 45 55 228 2 43 72 190 163 87 37 92 48 15 154 46 10 59 7 18 39 42 3 42 27 83 7 28 105 118 28 198 51 155 8 123 3 190
0 64531 38 19 66
0 64613 175 11 208 50 132 8 129 92 131 10 70 79 49 150 198 48 53 21 105 157 123 84 112
0 64789 30 99 72 23 58 103 91 14 83
0 64937 48 1 32 30 31 6 65 24 92 47 110 14 107 28 23 97 15
0 65005 30 11 70 25 335 48 141 10 283
0 65085 200 268 64 43 30 1 186 26 451 3 76 3 613 55 116 22 102 117 104 50 241 32 6 73 177 147 15 26 26 106 56 70 278 15 29 54 84 27 352 37 206 139 4 59 897 79 163 36 136
0 65102 61 17 144 23 13 100 62
0 65287 17 22 417 35 16 40 342 1 208 55 219
0 65320 60 118 40 41 100 4 72
0 65691 109 33 147 12 199 10 170 25 436 30 98 210 29 5 301 86 421 16 32 11 361 15 116
0 65821 28 32 79 14 156 270 109 274 64 67 62 33 250 14 201 9 6
0 65930 49 13 1 20 17
0 65954 34 24 2 25 20 2 105 120 163 1 89 78 2
0 66152 96 23 8 46 98 126 13 9 180 30 61 179 70 13 51 18 36 90 271 129 81 10 286 19 13 24 55 7 26 103 54
0 66183 194 31 6 39 44 9 49 73 330 132 5 70 102 48 54 21 37 16 95 89 12 9 60 18 297 45 1 13 88 3 79 3 571 57 16
0 66498 38 21 71 6 81 24 3 74 136 8 37 181 23 49 103 55 39 115 207 15 112 133 62 20 147 7 46 24 73 40 12 35 10
0 66532 18 28 249 60 48 9 285 37 50 28 28 94 9 84 71 96 91 2 95 41 92 7 111 119 122 16 124 65 15 39 203 10 46 20 114 36 64 14 2 64 13 21 105 55 274 135 146 42 91 68 298 40 18 88 264 16 101
0 66549 89 38 82 27 136 80 29 4 28 15 35 7 66 60 28 15 170 9 38 68 91 19 28 33 107 171 145 12 46
0 66670 136 42 47 28 58 17 76 20 51 36 36 46 112 76 238 56 38 136 35 44 22 150 62 19 3 10 91 13 86 12 122 46 215 173 109 47 123 42 8 88 140 108 7 86 5 112 22 6 195 13 365
0 67366 73 261 35 56 149 72 48 25 222
0 67677 6 24 47 84 46
0 67680 71 1 24 35 86 11 78
0 67908 130 23 127 8 145 68 215 37 226 115 18 1 250
0 67987 61 16 94 20 31 68 177 160 23 6 28 3 39 34 28 119 266 234 113 127 35 79 86 8 4 2 77 39 78 25 39 28 145 41 8 18 34
0 68093 112 53 117 29 175 31 150 138 69
0 68215 75 7 15
0 68373 17 39 316 10 516
0 68392 22 47 13 56 32
0 68402 25 57 71 41 182 5 9 60 141 111 24 70 3
0 68507 21 9 134 9 87 197 433 44 80 3 215 16 63 6 79 161 124 18 55 4 280 9 112 107 105 38 158 102 39 89 109 54 26 134 54 5 4 4 47 7 27 29 116 33 51 18 18 89 84 25 37 6 126 4 53 3 125 30 15 7 20 45 6 45 156 24 3
0 68763 29 49 27 129 141 13 28 30 23 43 13 69 3 33 136 36 49 8 44
0 68800 198 48 13 63 135
0 69021 32 89 35 77 37 104 132 45 651 11 151 44 282 152 31 131 198 152 160 67 11 25 1 37 25 12 81 175 38 9 123 25 135 36 55 238 123 26 14 174 10 27 18 167 194 168 135 26 13 12 74 141 57 70 37 9 10 97 44 35 33 30 82 22 171 74 69 7 150 1 66 18 92 2 17 1 133 85 289 25 49 172 68 24 20
0 69159 20 44 36 52 81 55 123 18 28 27 47 28 22
0 69419 65 17 128
0 69478 86 19 75
0 69596 108 17 147 86 23 15 67 35 98
0 69707 57 18 33 112 32 27 28 73 75 23 20 68 51
0 69716 51 43 352 31 127 85 91 87 39 56 35 25 28
0 69887 98 209 82 56 65
0 69907 14
0 69965 253 177 239 26 35 8 26 92 108 87 12 6 59 3 66 59 30 12 14 41 29 20 58 60 43 2 67 102 18 115 50 93 15 39 157 123 88 2 92 68 35 99 15 21 31 91 16 109 57 170 23 29 15 4 55 134 44 69 73 4 193
0 70156 18
0 70181 30 8 163 28 82 110 389 35 103 27 35 73 153 45 53 27 133 28 24
0 70293 181 55 347 11 1 29 224 40 51 16 13 25 115 54 138
0 70316 163 20 123 74 64 122 140 39 169 1 36 3 269 36 2 106 81 30 29
0 70590 51 23 82 2 187 5 53 35 8
0 70592 21 2 19 144 143 8 45
0 70598 269 16 68 34 2
0 70733 44 57 49 63 197 43 29 18 395 4 91 19 8 89 76 40 230 68 109
0 70810 218 58 108 83 40 30 89 56 123 82 79 46 30
0 71072 89 35 157 210 18 14 24 45 70 68 18 26 44
0 71391 387 35 18 49 201 1 217 94 325 194 17 48 84
