0 0 480 8 72 69 194 25 171 69 42 148 32 39 216 19 373 70 168 118 22 161 308 76 130 7 43 120 109 65 25 9 109 46 106 13 40 26 14 24 97 66 82 44 14 1 117 21 91 7 41 21 48 26 74 88 30 57 82 58 154 13 256 18 50 21 19 1 37 42 20 43 6 113 129 10 25 36 151 30 18 128 364 7 174
0 49 116 77 262 21 14 57 8 253 277
0 76 219 41 26 91 155 29 54 80 156 2 24 38 75 47 216 19 76 30 46 12 11 2 168 24 29 96 12
0 81 24 13 90 133 112 17 315 2 14 44 145 32 54 15 68 3 127 64 97 68 206 91 124 72 66
0 120 14 58 160 64 46 2 152 29 36 36 6 23 31 19 43 5 14 20 126 42 3 51 67 126 288 43 83 18 79 136 81 13 96 7 132 114 73 73 322 131 19 22 90 148 52 2 339 33 218
0 137 152 59 63 15 124 3 132 10 48 4 22 32 118 137 17 71 44 77 17 12 10 35 120 91 11 19 6 150 118 2 181 19 45 9 12 110 289 69 32 44 216 27 161 111 179 93 26 28 167 13 60
0 209 148 51 32 170 90 14 13 38 98 120 6 19 309 3 2 17 207 80 36 5 54 10 42 20 257 38 5 37 138 105 76 37 16 22 155 1 72 23 242 187 50 218 88 16 148 26 5 41 22 80 251 85 42 120 38 5 9 37 5 72 94 17 5 54 124 198 210 69 32 4 260 56 189 6 106
0 325 25 46 80 18 9 119 164 58 64 32 46 17 108 40 77 224 7 13 124 5 122 214 172 29 4 66 81 59 106 60 94 59 4
0 1051 150 37 94 26 32
0 1057 6 47 58 11 79 156 37 16 2 15 4 10 28 58 91 123 181 26 4 21 61 62 95 41 154 65 262 38 53 51 38 39 26 28 102 13 50 47 29 9 18 40 56 2 265 77 40 24 18 9 79 2 102 119 7 109 72 24 42 99 39 43 77 53 294 192 188 89 8 33 241 30 20 5 9 79 71 81 14 118 5 140 70 6 33 33 7 4 22 4 51 13 102 2 56 30 45 6 25 67 111 13 5 13 168 13 4 65 36 43 51 145 84 128 105 100 52 69 64 91 30 27 10 64 89 12 48 77 316 12 65 1 39 35 35 24 29 33 60 85 101 31 78 57 35
0 1277 17 43 139 4 87
0 1519 120 11 397 86 69 201 21 47 23 9 57 9 88 3 241 35 29 53 46 16 118 18 66 10 93 252 114 237 92 26 19 1 326 68 52 91 282 73 23 120 40 30 20 47 187 26 96 31 220 39 105 38 122 47 66 56 322 43 7 34 15 36 69 14 86 34 88 13 81 29 550
0 1843 79 8 80 106 87 144 84 32 260 165 284 23 141 32 40 7 57 96 7 39 179 121 21 101 98 5 9 61 32 51 55 4 30 25 170 42 1 95 270 1 5 26 10 115 43 19 125 33 306 39 205 18 198 58 92 67 102 9 480 25 31 101 142 28 117 43 85 15 156 40 92 7 157 12 58 57 123 87 15 26 4 93 20 39 158 70 247 106 208
0 1980 93 199 246 2 57 39 65 62 62 40 94 105 120 114 71 39 25 31 19 69 52 5 150 28 46 106 58 12 26 18 203 33 294 78 78 197 29 60 118 37 140 19 48 116 12 18 51 37 53 19 77 126 71 10 1 33 51 2 67 25 102 33 30 14 62 14 44 2 113 4 92 46 303 100 82 32 61 80 23 79 363 6 9 113 228 42 57 11 70 65 33 50 199 122 34 95 141 81 46 34 68 58 88 1 76 7 9 4 21 153 347 2 28 6 15 54 163
0 1985 24 119 6 22 10 68 73 6 29 22 128 83 3 121 377 34 117 17 305
0 2028 215 13 36 28 10 50 88 3 99 38 320 136 65
0 2046 181 51 52 14 22 19 29
0 2152 47 28 45 7 32 8 16 8 48
0 2214 7 12 132 49 19 22 452 102 216 14 125 109 3 9 215 17 48 3 6
0 2603 82 22 46 14 278 48 12 18 5 6 7 81 77 21 100 505 17 13 74 11 20 2 14 24 11 74 144 66 65 109 25 62 98 1 6
0 2736 301 82 143 25 303 92 10 3 71 25 33 19 191 48 55 19 306 122 173 51 213 17 8 23 73 18 23 68 262 82 118 1 12 11 46
0 2826 16 18 120 1 73 51 41 60 211 40 313 17 126 35 156 80 356 125 257 122 2 26 198 34 78 92 59 28 443 20 1 36 104 7 110 8 13 169 43 127 55 18 33 27 47 115 12 121 11 47 109 55 233 1 121 69 118 99 112 87 27 2 98 3 59 25 175 60 144 4 136 35 37 58 9 12 46 21 102 56 460 51 72 54 44
0 2831 79 28 43 38 45 11 16 36 267 51 240 35 47 53 71 3 307 27 134 99 9 17 101 6 13 11 30 9 1 32 46 10 163 5 7 35 249 34 210 11 9 4 177
0 2873 5 75 8 16 70 47 11 25 85 4 46 55 189 21 118 13 11 29 158 8 308
0 3050 22 27 92 3 205 21 3 128 97 159 103 19 16 44 171 80 434 44 74 8 7 25 60 26 101 9 33 96 118 9 36 160 393 51 99 47 161 10 180
0 3058 10 82 79 28 67 80 33 11 136 1 221 73 50 12 266 6 19 88 268 11 290 24 43 47 1 19 13 23 174 4 120 54 692 69 147
0 3244 113 13 168 7 36 7 44 76 238 49 259 5 256 64 34 5 48 71 120 64 38 26 21 151 23 38 111 42 221 19 166 36 39 190 79 6 216 67 46 11 39 6 323 25 16 73 19 54 171 99 20 53 29 108 65 46 183 21 28 52 326 11 425 15 98 5 88
0 3270 159 19 99 87 20 8 37 76 72 23 303 6 32 34 2 29 417 47 65 33 300 34 3 50 176 23 340
0 3286 68 50 209
0 3637 54 72 231 6 60 5 79 92 129 55 350 5 25 171 101 2 73 29 70 82 88 23 203 10 29
0 3768 37 210 183 6 101 17 2 155 15 47 169 6 38 53 53 158 22
0 3781 14 29 98 7 48 25 146 48 43 73 34 63 60 119 212 91 324 35 163 96 29 19 150 126 208 96 5 22 22 68 115 57 21 9 124 31 64 4 26 7 6 111 30 281 69 51 64 90 97 3 7 3 144 165 71 48 278 64 167 38 136 58 8 9 36 75 422 54 103 23 153 49 26 5 197 13 20 8 535 28 8 52 73 14 116 22 59 45 11 28 117 11 25 27 5 31 33 3 64 9 65 67 93 53 45 29 25 29 112 37 36 37 259 180 22 33 136 44 14 41 47 5 117 9 58 42 161 30 10 3 149 90 28 12 102 68 52 33 262 56 18
0 3899 32 80 180 4 11 84 146 5 274 66 558 87 75 21 273 13 52 172 83 8 78 8 14 18 143 7 61 26 37 25 207 14 37 3 17 61 205 76 66 6 289 8 62 4 85
0 4138 67 104 108 63 130 73 153
0 4212 81 72 143 34 79 28 132 30 15 74 28
0 4258 105 28 159 79 176 106 92 112 181
0 4707 139 4 213 5 99 117 188 19 176 107 104 17 28 72 24 21 182
0 4768 36 6 231 21 61 12 143 5 23 91 121 25 30 42 8 94 1 6 46 60 65 16 82 9 27 117 80 3 207 3 116 22 178 24 9 13 6 11 58 124 7 9 48 32 126 4 80 10 70 36 48 29 1 142 130 26 62 1 19 20 203 5 73 127 40 26 118 59 86 308 224 4 109 127 366 325 254 3 143 106 12 11 423 88 107 112 178
0 4843 70 3 51 10 66 59 104 149 9 15 131 46 62 169 16 3 115 32 141 50 53 113 33 27 82 81 3 1 7 64 64 41 103 53 267 13 85 65 98 51 89 60 85 3 52 80 3 17 211 26 108 107 58 117 22 80 27 170 15 105 48 77 299 62 353 87 40 72 72 74 26 35 17 155 209 23 62 48 58 8 69 78 134 23 59 43 37 37 86 27 573 4 19 20 94 8 104 18 38 88 60 21 13
0 4873 172 11 101 3 125 73 9 232 37 24 5 37 187 86 319 26 42 15 24 75 25 36 36 154 75 82 2 151 22
0 4929 99 3 83 22 112 71 20 33 57 56 158 2 103 26 43 8 260 116 101 2 58 76 26 48 12 58 2 280 128
0 5113 73 42 137 40 9 21 31 121 11 132 44 82 122 171 69 3 80 2 30 39 134 27 256 90 87 17 445 91 24 37 217 95 405 2 234 21 91 24 47 114 151
0 5206 153 6 54 236 9 6 130 68 155 63 48 38 8 7 206
0 5296 250 24 162 161 76 8 40 10 15 32 206 42 52
0 5687 253 34 64 67 17 33 173 26 133 32 4 5 179 9 10 50 20 26 2 93 23 86 62 64 6 1 172 30 296 8 384 132 121 19 33 6 68 49 380 56 74 82 516 46 196 32 120 65 92 36 78 16 50 37 75 1 109 23 135 10 453 116 189 40 107 14 240 87 321 38 213 26 104 15 273 60 122 73 6 92 273 22 55 40 156 63 155 1 76 18 44 22 17 2 126 59 41
0 6420 9 31 32 66 5 74 147 144 5 141 4 27 77 51 40 51 16 6 74 51 27 31 12 50 53 13 37 37 32 42 244 34 168 43 32 179 23
0 6584 19 170 95 7 61 27 32 25 15 24 143 3 161 286 22 122 93 17 59 8 14 48 246 119 140 17 63 89 29 17 1 76 118 21 311 50 8 11 96 34 76 55 59 37 235 85 51 25 278 88 153 2 126 7 63 35 228 138 2
0 6737 77 144 262 55 126 21 234 25 296 2 49 3 403 90 103 22 354 71 241 49 107 42 34 30 23 76 28 19 58 13 25 8 29 109 89 56 137 34 64 5 125 5 89 64 77 54 42 26 50 31 155 329 12 16 5 25 59 8 266 35 4 97 41 23 31 3 170 25 154 143 85 125 27 26 98 77 132 151 91 38 138 93 206 2 73 55 49 53 3 2 62 8 9 21 51 40 109 117 62 29 157 68 3 31 3
0 6858 59 23 84 48 2 83 43 22 156 70 8 104 173 24 247 188 58 141 230 83 130 81 103 42 72 31 53 21 23 57 86 59 144 5 311 15 161 3 112 85 24 140 1 16 96 6 20 13 98 174 361 16 32 35 7 4 161 48 16 196 174 24 33
0 7170 10 11 97 44 74 12 80 6 71 208 58 77 22 26 18 90 244 90 8 40 80 42 143 42 184 19 6 60 125 27 52 28 5 13 6 10 262 61 11
0 7254 94 53 33 23 172 105 16 30 70 47 303 28 70 27 5 25 8 5 122 64 98 9 31
0 7338 25 5 1 13 11 65 137 113 340 57 150 5 108 121 2 104 16
0 7387 115 16 87 18 61
0 7433 20 4 126 24 65
0 7543 45 8 34 20 371 21 211 1 165 157 31 26 37 115 16 118 25
0 7576 117 1 141 31 8 47 17 1 111
0 7865 124 72 133 10 39
0 7980 233 28 249 61 302 2 24 10 79 29 32 6 76 33 13 16 167 43 44 22 146 60 95 38 98 68 7 126 89 20 28 26 32 18 75 65 139 13 33 4 14 56 46 92 272 43 29 18 21 31 101 13 34 30 99 15 299 52 479 13 149 85 19 65 195 42 211 1 300 36 3 42 53 74 162 9 4 67 58 9 62 130 432 9 49 3 4 15 58 24 360 28 123 158 108 43 67 5 256 5 116 29 55 100 150 1 132 106 180 11 60 26 56 7 25 40 119 24 51 7 181 57 294 83 149 3 153 125 44 25 65 94 156
0 8148 89 43 105 7 101 7 22 21 137 71 748 32 150 46 22 72 79 355 44 16 92 106 17 23 231 19 153 30 104 12 43 3 180 62 231 15 193 16 46 49 220
0 8153 3 3 34 23 18 104 8 72 206 34 167 3 146 21 50 52 33 69 115 5 3 37 58 267 77 173 13 12 158 59 10 8 57 22 2 6 42 11 300 49 105 37 180 27 439 32 78 2 124 199 108 70 103 121 61 49 75 115 39 112 253 38 1 169 183 85 125 66 157 31 352 1 13 9 83 13 259 159 106 31 120 53 61
0 8175 70 14 80 11 151 68 47 50 269 7 28 44 25 61 50 178 262 103 95 22 123 3 58 166 20 90 10 54 114 58 62 81 2 44 81 32 246 13 98 15 63 72 83 1 142 81 30 82 214 218 37 4 160
0 8625 151 56 231 176 241 4 256 12 15
0 8722 76 296 3 39 26 21 192 11 41 48 12 44 205 29 81 61 213 6 42 11 134 26 270 9 102 28 66 51 303 10 22 7 237 11 128 56 19 13 46 200 330 19 120 135 144 13 38 8 6 1 83 54 36 34 55 24 400 69 28
0 8913 18 64 38 17 66 11 30 107 5 30 125 20 11 15 188 19 381
0 8936 153 214 48 32 40 182 152
0 8989 31 28 2 1 48 77 335
0 9314 26 20 81 129 90 79 64 96 84 32 178 34 30 28 136 3 491
0 9467 146 25 23 51 95 20 151 46 33 10 364 138 137
0 9517 112 24 65 50 91 28 84 23 1 14 16 3 14 26 133 4 45 112 7 33 47
0 9523 168 30 203 43 32 46 151 41 16 94 1 21 1 13 413 41 14 29 52 58 20 52 8 9 1
0 9737 13 87 5 24 66 38 432 20 55 9 7 22 85 1 180 27 92
0 9907 102 81 10 36 15 48 228 85 226 27 82 81 135 44 60 32 21 31 353 51 209 145 214 15 643 15 176 96 57 75 79 83 26 16 59 43 590 13 79 33 86 84 202 22 362 62 46 237 36 6 73 33 225 33 60
0 9945 102 19 15 39 85 10 246 29 118 31 27 76 36 5 77 8 120
0 9956 55 69 20 10 71 44 146 18 36 3 126 15 69 26 25 68 70
0 10228 377 8 194 6 481 30 36 92 4 47 77 27 376
0 10629 8 38 248 138 130 80 20 9 122
0 10755 100 93 84 24 47 76 12 1 14
0 10775 51 85 56 24 167 16 212 62 5 69 13 58 21 17 26 5 99 126 21 53 318 75 122 61 109 31 26 15 35 13 57 73 380 16 351 101 108 118 5 28 38 28 125 55 336 13 85 29 237 18 66 31 147 104 82 154 128 22 67 10 337 17 128 19 24
0 10890 69 31 49 27 2 94 117 28 69 52 70 36 30 82 122 45 29 60 3 48 102 34 63 24 97 4 16 63 1 79 98 92 265 48 106 37 72 25 162 157 4 17 231 21 41 15 188 29 5 18 14 2 106 25 57 78 168 14 177 43 158 22 20 12 163 33 4 4 138 5 146
0 10897 191 28 44 21 22 70 76 12 82 85 106 73 76 1 110 8 106 27 110 33 288 6 142
0 11030 167 16 38 24 203 86 76 60 122 39 72
0 11046 130 43 98 67 277 10 17 12 9 8 1 1 163 3 154 3 196 45 386 5 57 63 330 27 225 21 28 53 59 67 59 80 41 79 195 199 31 20 33 51 100 56 281 3 173 19 32 112 180 35 229 108 189
0 11075 130 3 349 170 47 25 128 5 153 28 6 6 173 24 222 55 17 6 48 43 195 23 132 11 17 119 19 58 64 108 66 36 58 52 109 48 41 96 67 26 12 27 265 14 118 5 20 1 142 21 58 25 51 130 88 16 127 26 182 129 431 21 82 29 312 37 136
0 11297 18 8 29 15 228 39 252 26 40 48 43 64 44 32 34 21 16 18 217 80 22 45 197 17 5 1 68 14 142 11 3 22 53 85 2 55 126 132 99 46 39 40 139
0 11522 151 154 39 22 6 3 8 27 46 2 2 67 43 39 145 57 66 3 8 47 368 11 100 16 139 144 76 5 39 16 82 30 151 30 68 23 113 64 18 25 27 12 453 9 39 22 200 6 109 65 59 7 187 16 34 7 13 5 477 9 85 7 259 20 133 1 40 36 137 12 39 94 225 35 153 25 178 30 16 116 121 5 213 23 20 100 363 76 154 58 77 45 149 7 100 45 123 12 94 168 276 297 46 24 68
0 11648 71 7 9 17 121 3 4 25 99 14 7 80 175 36 153 183 19 3 41 136 10 69 27 72 29 55 125 106 13 44 46 13 48 13 100 2 283 33 25 28 44 3 9 28 22 65 18 5 227 12 6 25 253 24 71 23 6 127 46 53 121
0 11961 106 87 76 7 61 7 20 17 15 35 200 6 21 75 57 90 90 66 4 173 120 22 33
0 12374 32 27 194 24 65 42 53 31 270 111 1 31 37 5 41 60 25 128 61 23 27 20 182 25 80 126 94 114 320
0 12750 451 17 245 65 83 134 63 146 124 59 103 18 73
0 12835 108 1 141 29 208 75 7 13 30 1 53 40 1 57 394 35 204 18 72 104 16 76 55 54 630 4 177 6 159 61 115 52 117 46 110 84 30 44 293 54 71 21 718 2 104 3 548 121 96 29 27 18 17 3 10 151 73 10 276 15 125 138 502 23 22 79 22 10 60 22 38 92 192 51 50 10 106 11 157 141 42 42 88 94 21 45 12 169 3 10 166 48 59 32 41 83 157
0 13297 8 24 51 9 140
0 13475 1 2 25 52 70 34 29 34 211 12 155
0 13487 234 4 99 4 66 52 113 4 47 48 281 94 66 32 41 8 84 7 43 103 139 18 93 1 13 118 254 9 124 50 390 70 84 84 87 191 40 39 3 35 53 19 59 14 5 12 206 97 34
0 13520 7 39 71 50 77 38 186
0 13967 21
0 14206 1 50 396 131 99 31 64 21 6 23 28 64 43 42 4 132 67 51 19 42 62 2 46 31 95 14 49 8 46 5 4 140 2 9 627 233 24 187 128 21 178 5 339 12 390 68 71 122 85 12 69 68 139 95 117
0 14229 82 68 358 22 182 1 86 63 49
0 14303 114 138 82 21 51 27 281 23 47 8 93 18 10 110 92 30 94 21 34 48 173
0 14367 133 14 66 83 59 32 127 32 14 43 150 41 33 71 412 33 80 26 61 26 62 86 58 39 81 12 115 109 248 75 139 32 133 41 70 25 37 4 4 9 265 8 468 10 1 48 47 268 25 1 2 111 121 99 59 30 7 190 21 21 63 29 39 1 18 4 333
0 14512 247 9 27 106 117
0 14614 137 121 47
0 14671 190 32 20 49 70 30 39 20 73 81 4 1 115 44 106 7 6 106 44 34 60 59 116
0 14706 105 24 189 44 93 2 261 12 176 77 105
0 14769 6 37 221 179 94 2 29 120 17 126 197 81 119 105 210
0 14839 69 12 362 64 177 40 41 12 24 12 111 18 198 18 1 60 47 4 108 91 48 21 67 157 93 60 125 208 1 6 53 130 197 80 80 220 91 1 84 109 80 9 105 15 8 87 24 281 14 61 102 98 16 35 409 2 137 59 14 143 10 151 267 120 123 7 8 5 331 135 49 101 313 17 26 13 13 5 145 11 157 3 8 46 168 82 76 146 64 9 58 102 29 44 165 13 71 118 95 26 54 88 73 44 138 54 105 15 62 23 243 232 84 13 36 31 95 12 240 15 139 9 86 53 131 14 109 66 226 18 4 3 10 70 20 4 59 18 26 24 400 20 331 125 97 66 215 12 18 12 4 1 297 17 178 1 39
0 15036 25 3 5 58 81 4 87
0 15065 264 50 148 47 6 44 24
0 15069 13 126 31 22 112 53 126 45 137 209 517 3 128 25 67 15 145 18 75 83 72 6 605 106 19 24 396 96 70 3 69 284 2 45 1 31 8 16 35 26 88 57 131 8 11 125 159 73 100 11 171 1 188 14 109 27 53 23 335 147 42 27 8
0 15128 302 41 80 76 57 36 91 17 1 28 23 65 77 35 257 10 119 81 78
0 15130 26 176 2 45 6 5 70 23 269 19 134 1 112 5 148 5 78 29 78 27 86 54 44 53 324 33 53 82 239 56 107 20 274 40 27 98 111 18 16 2 53 17 58 1 271 95 65 25 163 177 36 74 80 30 31 26 116 11 22 8 65 55 75 78 109 3 77 63 30 9 2 73 79 21 12 194 21 215 260 43 7 7 8 78 27 156 113 26 137 59 184 5 150 31 199 22 103 150 89 27 109 29 72 32 11 32 16 38 24 32 16 13 147 121 61 43 10 14 66 82 55 44 292 17 42 62 92 5 56 14 48 8 155 86 417 20 195 30 14 137 112 61 158 63 100 4 284
0 15209 59 10 74 7 150 38 20 38 2 45 39 6 84 54 80 27 7 23 96 7 134 46 51 20 49 2 225 33 150 150 69
0 15305 6 74 70 5 45 7 36 32 10 139 147 51 91 32 43 14 306 142 74 65 372 50 46 52 118 4 44 58 15 1 147 204 116 95 234 7 90 25 40 22 90 169 27 113 125 104 159 24 68 41 2 12 189 51 28 30 101
0 15568 28 123 8 8 79 44 16 267 33 48 129
0 15600 141 28 434 28 3 10 424 11 73 3 24 7 55
0 15697 21 26 49 48 25 17 202 90 9 11 53 56 28 7 262 19 391 64 49 28 11 36 107 2 28 114 22 86 64 15 4 117 91 6 73 26 64 89 335 51 86 1 33 11 61 39 186 3 125 47 40 19 5 63 31 3 20 61 22
0 15842 26 52 11 95 85 18 307 324 7 55 203 1 21 3 102 2 78 36 63 6 31 61 67 13 127 39 82 22 27 147 258
0 16111 175 4 347 60 50 29 27 133 89 24 79 3 110 35 176 1 87 19 102 20 157 89 48 18 243 4 91 25 157 112 52 44 188 8 58 7 279 1 82 49 86 83 408 10 8 47 170 2 3
0 16328 53 70 70 14 37 9 339 22 24 22 4 101 146 22 27 5 11 13 111 6 94 77 9 30 74 50 37 55 45 3 54 32 116 205 47
0 16408 17 53 239 63 121 37 442 31 200 12 24 52 108 23 161 149 5 9 38 147 318 90 88 140 26 6 339 48 119 75 45 157 181 109 5 212 142 3 182 63 109 47 354 122 310 18 95 86 66 1 58 92 276 174 58 82 1 26 146 143 134 30 125 8 68 28 153 33 255 13 53 4 146 39 3 91 97 38 15 19 51 113 82 6 331
0 16423 20 20 10 105 2 60 134 3 65 12 232 36 90 186 333 43 31 16 240 23 3 53 186 22 68 22 182 1 47 34 103 1 171 40 166 21 27 13 12 158 48 47 252 15 75 14 50 21 28 98 188 35 210 33 159 55 108 39 49 57 53 79 224 4 102 58 9 163 200 44 173 14 21 106 61 17 40 130 154 17 41 58 46 86 1 13 9 11 266 29 89 9 195 175 27 66 81 69 106 22 1 42 240 65 27 180 63 107 24 98 218 17 170 21 39 11 183 3 16 19 1 46 32 12 19
0 16633 39 45 68 2 15 115 67 26 72 22 12 71 66
0 16686 57 39 85 10 85 116 77
0 17138 56 13 187
0 17233 169 33 33 56 28 18 35 36 52 43 145 21 63 38 13 119 132 7 257 62 11 131 59 63 12 152 18 1 193 43 53
0 17419 252 68 274 5 47 10 287 73 74 55 26 43 59 57 634 8 24 54 65 71 50
0 17477 166 48 56 113 104 26 4 24 293 14 203 64 98 10 42 13 110 21 215 30 201
0 17598 52 45 11 266 23 13 88 164 237 76 30 185 169 48 1 66 40
0 17832 7 26 49 5 423 57 57 27 83 52 21 23 115 51 177 99 252 146 26 204 253 5 258 16 64 10 8 16 91 14 79 10 81 72 38 20 92 64 87 110 110 15 113 12 418 29 416 17 151 53 83
0 18040 1 4 17 6 11
0 18181 23 11 118 134 174 79 42 9 7 43 84 11 115 9 119 179 124 16 105 11 41 53 32 18 36 60 37 67 238 63 50 51 99 39 227 52 28 90 29 16 262 16 174 108 95 48 581 30 7 12 22 12 4 23 18 81 133 75 119 49 50 59 44 170 115 20 38 8 319 114 160 37 1 134 413 77 18 25 16 49 9 193 43 40 79 19 73 2 123 15 11 106 42 1 205 24 54 1 119 4 10 17 7 79 18 16 56 14 26 12 21 26 148 15 2 11 74 16 12 9 163 61 42 3 272 2 30 9 196 25 207 48 12 26 4 13 48 19 2 71 90 23 81 44 58 16 47 18 104
0 18253 210 13 101 45 37 4 139 49 118 2 163 29 83 32 230 36 91 3 59 8 160 125 115 15 17 22 81 9 191 113 1 185 67 62 13 431 276 151 42 63 51 8 86 59 84 40 1 8 5 41 104 138 230 138 108 18 122 46 14 17 79 5 48 29 20 67 108
0 18260 322 162 309 72 21 58 184 51 154 7 197 151 9 319 192 191 263 98 39 13 23 60 99 120 96 9 23 44 312 22 55 36 124 71 121 70 87
0 18358 283 5 107 28 17 55 58 23 258 29 90 40 6 35 35 9 137 41 132 89 89 101 27 114 21 26 21 88 54 14 12 14 168 31 16 20 43 35 143 1 57 12 174 138 19 74 6 10 136 98 47 35 48
0 18739 69 25 56 36 69 68 139 34 158 2 304 47 184 76 70 107 112 5 66 21 99 47 11 20 535 25 276 13 122 67 195 35 93 42 20 48 24 76 359 31 1 18 154 6 58 9 14 21 3 63 44 7 86 16 68 133 113
0 18820 68 16 93 97 107
0 18866 20 3 14 1 115 33 54 6 139 51 45 99 52 3 48 116 87 6 66 95 31 78 17 48 19 193 86 102 67 2 91 24 48 17 78 140 99 7 260 54 205 12 66 19 34
0 19019 240 34 261 192 17 54 122 38 116 47 140 1 58 39 205
0 19133 159 15 141 224 141 30 142 10 38 11 54 60 20 1 87 62 24 16 3
0 19313 57 60 247 10 15 74 74 193 250 122 205 19 20 4 90 63 132 52 56 37 264 104 227 68 30 24 39
0 19335 93 35 43 1 10 135 19 129 133
0 19424 73 20 312 79 78 6 82 46 53
0 19529 102 41 33 49 467 2 40 27 139 44 90 5 183 19 190
0 19738 220 81 17 114 643 10 1 27 56 20 120 158 30 3 168 9 14 46 213 42 17 125 11 19 90 258 110 21 197 4 80 12 63 19 210 40 40 8 40 15 3 95 115 1 180 119 47 79 308 33 101 19 116 3 10 24 32 19 117 71 279
0 19795 69 67 161 86 7 173 317 3 14 29 67 9 24 11 110 20 119 13 89 66 7
0 19916 269 6 25 13 42 169 188 107 26 2 111 167 1 222 1
0 19933 128 59 3 5 210 75 49 61 161 76 25 4 142 5 340 57 426 13 73 40 8 36 5 153 120 44 240 90 60 41 29
0 20235 6 78 55 20 114 6 60 36 41 9 7 58 81 39 107 98 16
0 20270 12 15 19 18 15 94 96 7 6 22 151 6 19
0 20354 229 2 4 71 118 43 121 71 32 4 251 33 92 4 13 10 121 102 308 119 8 15 235 59 52 6 107 82 181 98 139 152 24
0 20549 54 16 32 33 44
0 20893 78 36 300 207 248 26 93 2 29 6 42 3 61 20 70 2 52
0 20912 185 81 4 20 20 20 123 35 161 92 176
0 21391 132 44 60 55 102 18 118 42 21 94 115
0 21813 76 18 6 38 88 85 9 65 83 7 23 18 77 10 248 57 62 33 17 67 259 186 193 48 117 10 37 1 177 132 29 16 106
0 21836 107 45 90 10 308 27 31 97 56 1 217 99 245 3 17 3 527 17 98 12 83 17 22 100 24 114 4 30 161 3 74 11 252 8 83 11 11 35 36 164 73 57 66 35 15 18 75 65 106 28 4 65 1 17 77 65 216 108 23 8 78 7 171 29 17 23 34 66 3 5 3
0 21896 261 105 131 27 42 23 150 19 318 228 68 151 50
0 22046 32 58 39 2 105 37 263 10 25 3 339 22 8 20 12 28 152 66 8 8 52 59 41 56 1 16 26 50 138 112 240 12 88 44 84 87 15 47 228 58 111 17 240 4 110
0 22482 26
0 22614 54 106 128 18 115 17 74 94 79 39 37 8 1 85 6 87 40 61 196 14 243
0 22762 35 13 30 3 121 74 16 162 116 7 214 37 208 10 121 93 135 6 37 33 19
0 22943 34 29 41 8 127 60 186 21 215 56 160 58 43 127 4 3 74 27 3 11 39 46 29 20 269 24 7 36 129 56 28 21 159 19 7 150 18 157 6 88 39 56 66 127 177 77 1 10 75 1 106 57 18 103 60 6 131 37 43 5 3 7 104 5 181
0 23015 71 104 17 31 48 35 240 41 211 33 137 54 61 18 82 30 207 117 65 6 22 27 92 74 102 2 23 8 4 32 346 29 39
0 23068 155 128 87 13 63 56 135 53 135 125 126 7 36 12 184 125 34 55 216 8 46 85 74 36 64 7 205 2 170 82 36 18 22 13 56 78 130 60 90 3 21 36 17 14 39 21 81 2 251 49 83 48 331 6 447 27 238 36 251 80 250 18 118 8 3
0 23671 88 10 520 83 117 62 4 59 110 105 181 1 200 15 73 21 47 2 131 48 33 40 28 239 49 49 43 136 54 97 118 130 285 28 172
0 23744 106 33 73 13 179 6 228 65 81 56 218 154 124 137 49 94 156 4 5 29 19 14 93 2 184 171 75 33 78
0 24104 558 8 51 57 9 5 73 14 89 186 13 6 91 15 51 41 266 3 95 126 367 19 135 7 19 13 186
0 24146 3 33 57 72 51 74 364 9 45 78 29 59 158 53 283 209 65 166 29 20 155 56 259 37 130 12 31 45 15 38 158 4 3 67 257 85 52 135 18 108 19 57 51 25 160 7 40 16 124 48 54 152 124 124 104 22 95 81 162 1 118
0 24229 24 79 41 12 1 66 184 28 7 8 207 79 28 187 2 34 41 80 113 175 41 17 130 1 14 52 1 41 266 15 163 7 38 23 27 112 240 57 86 1 15 37 16 72 52 30 31 27 35 32 36 12 24 31 39 45 121 4 63 44 82 225 30 7 57 40 57 24 19 47 8 13 100 132 132 61 23 52 35 51 33 126 17 32 67 59 13 13 19 9 316 54 6 58 47 73 70 7 32 10 434 44 17
0 24492 51 2 22 1 124 20 27 28 100 26 6 24 14 23 143 15 142 61 465 2 150 9 16 140 39 4 52 162 28 63 46 67 102 32 41 21 24 154 5
0 24587 292 23 192 8 2 11 158 19 209
0 24630 115 70 1 40 64 105 94 6 205 18 9
0 24750 112 20 26 2 329 14 121 1 181 20 36 2 197 119 110
0 24827 84 52 40 89 193 51 3 59 153 8 166 71 101 76 2 98 44 78 92 23 3 81 12 2 9 28 9 100 40 77 113 164 59 36 294 19 44 29 127 58 107 3 5 21 52 45 213 35 108 7 28 60 109 83 145 21 187 30 126 87 113 31 76 18 5 2 19 17 273 63 8 96 27 119 8 103 130 7 33 13 240 28 265 51 131 106 20 54 10 35 3
0 24836 388 148 122 24 280 16 20 60 106 3 193
0 25095 3 16 82 180 11 180 149 16 17 70 96 38 10 28 391 18 76 22 149 27 20 97 69 46 144 13 72 2 8 4 177 21 5 17 60
0 25334 48 79 35 8 92 17 46 24 37 222 8 7 116 117 115 49 157 152 17 11 14 29 77 10 651
0 25712 186 39 122 13 49 31 61 2 30 1 35 7 194 14 187 65 40 38 12 135 67 12 74 2 16 235 39 36 65 74 20 73 104
0 25997 30 65 69 43 674 57 104 226 247 26 83 57 32 86 180 60 6 54 1 10 115 51 72 57 133 129 7 107 192 14 7 20 9 2 20 98 10 22 194 6 138 14 77 29 62 7 47 161 77
0 26003 43 43 87 28 185 49 24 8 81 12 48 13 51 10 111 2 151 8 13 57 54 17 87 2 80 69 91 5 125 38 14 9 38 26 99 8 42 44 524 13 14 35 46 6 49 58 15 3 108 82 24 10 180 95 54 36 167 29 126 60 15 10 29 33 3 40 25 76 70 59 46 5 8 73 297 13 11 27 43 51 4 56 190 234 93 63 91
0 26137 10 38 96 86 23 102 288 1 217 108 26 23 75
0 26412 27 37 53 8 71 139 20 58 25 47 29 10 173 44 22 71 23 13 51 2 12 63 80 3 89 58 150 56 150 23 178 6 179
0 26852 32
0 26878 26 4 25 23 128 11 24 24 8 43 90 12 769 18 106 17 17 121 57 109 70 14 169 36 188 19 139 71 33 84 10 127 155 12 135 28 18 19 9 12 121 8 25 30 83 39 24 17 73
0 26909 84 8 276 25 402 160 30 5 51 35 5 88 1 12 5 50 16 60 12 53 128 16 13 16 154 21 79 70 57 20 39
0 27079 92 95 11 25 588 1 250 55 25 81 70 19 36 10 54 4 93 16 66 36 536 68 392 10 48 113 137 58 34
0 27122 3 5 82 28 4 13 314 24 129 122 26 6 39 14 28 9 87 36 111 17 309 65 100 27 98 33 36 67 27 34 7 183 67 321 179 3 43 37 19 106 119 38 144 12 155 33 86 44 117 82 127 107 21 71 123 16 39 31 28 10 206 4 20 53 77 112 84 39 71 98 402 63 61 22 53 24 116 3 14 25 25 20 191 37 49 127 55 6 11
0 27410 60 42 13 44 99 120 190 159 18 19 3 88 163 60 17 12 272 28 13 46 218 6 32 25 39 16 260 13 120 4 69 2 29 15 158 30 198 53 536
0 27423 40 41 41 67 21 34 1 87 32 62 208 84 3 25 81 3 201 132 30 75 79 98 172 6 504 70 143 26 35 19 241 57 36 129 113 3 43 24 57 95 10 71 103 30 31 27 184 8 74 24 44 99 29 132 830 12 21 73 102 6 48 56 83 14 140 3 17 87 2 7 18 6 32 23 37 162 156 60 73 126 19 4 29 32 112 109 1 33 26 51 179 45 18 11 21 76 238 1 3 23 77 33 51 58 241 18 18 349 104 12 62 9 189 39 2 34 157 46 1 107 37
0 27531 71 47 116 2 26 80 216 48 37 210 255 51 86 18 173 74 81
0 27681 26 69 58 43 166 118 325 48 39 1 66 24 36 154 95 45 1 69 109 8 106 130 153 23 108 117 90 55 97 3 104
0 27740 165 61 12 87 98 5 52 236 221 336 75 38 30 35 261 50 55 46 273 98 91 30 359 72 45 77 35 3 110 100 101 85 191 39 28 36 121 4 185 60 4 110 95 84 231 66 98 12 10 30 259 75 103 52 32 16 206 108 63 23 2 1 64 6 42 34 104 2 131 29 312 97 150 74 134 74 149 117 10 15 75
0 27768 207 21 69 37 33 43 50 168 31 110 68 98 409 27 71 5 1 35 31 120 503 94 268 52 12 51 398 249 22 70 215 22 221 12 13 22 107 244 363 53 72 29 22 55 404 127 355 17 58 114 50 14 48 10 109 22 191 94 146 20 32 65 37 15 54 42 49 44 35 32 56 63 164 33 77 85 220 52 289 203 302 6 151 22 216 139 171
0 28116 40 51 117 73 22
0 28205 130 18 4 25 87 104 213 11 277 5 183 15 86 86 116 20 31 189 26 15 13 139 107 28 164 81 76 104 56 90 235 14 230 110 224 49 20 40 27 65 24 35 319 3 7 118 55 23 216 61 31 42 153 6 237 49 153 15 19 51 12 49 76
0 28226 128 33 59 234 67 105 106 5 14 6 237 84 83 21 345 5 135 20 123 19 44 5 40 1 103 39 146 77 63 35 20 21 94 74 22 30 151 48 21 5 1 297 150 19 248 102 187 9 296 10 60 68 100 6 65 8 266 51 46 52 10 31 185 185 85 13 68 167 37 107 377 135 35 9 167 95 8 12 244 74 3 41 95 84 28 3 51 5 27 30 57 47 20 4 171 11 219 7 95 62 121
0 28566 450 11 78 40 96 103 3 102 168 9 18
0 28634 55 17 28 3 43
0 28787 302 63 37 18 8 24 8
0 28923 70 105 4 104 2
0 28978 392 102 80 2 34 126 133 322 290 8 147 47 163 29 99 25 33 52 21 14 41 131 172 46 76
0 29370 351 25 77 40 231 4 96 77 51 38 62 38 41 60 20 54 59 12 5 12 14 57 141 46 5 5 34 19 4 121 5 19 38 51 92 17 79 40 18
0 29373 123 108 382
0 29465 58 4 23 215 32 44 219 11 155 29 74 137 10 126 259 23 137 23 63 35 318 31 4 66 155 56 77 35 287 45 92 9 77
0 29505 156 18 14 5 60 90 5 7 49 10 10
0 29725 234
0 29866 21 24 11 10 180 3 13 4 8 132 16 13 52 43 140 26 56 3 41 42 108 152 153 24 44 5 5 6 63
0 29893 4 14 485 44 58 44 430 10 25 20 179 5 49 26 29 12 3
0 29941 72 138 142 4 345 46 6 100 208 15 149 11 4 49 99 105 287 142 410 56 62 35 38
0 29977 709 3 17 165 549 74 94 93 11 95 6 229 185 3 11 85 4 71 214 32 96 8 259 38 84 27 262 13 179 181 97 45 382 19 39 18 19 1 23 41 4 112 23 60 15 58 24 80 25 10 37 11 107 6 275 88 55 114 45
0 30065 13 172 125 28 165 6 108 2 62 22 55 105 103 71 5 117 76
0 30106 95 76 29 18 5 13 323 45 68 62 89 37 232 49 28 136 15 74 19 17 89 69 72 35 25 87 182 187 122 23 38 5 22 75 12 23 31 67 235 10 92 8 153 211 66 115 13 7 43 5 199 204 67 47 70 7 105 43 87 41 19 10 44 7 61 44 172 173 136 105 48 10 80 46 48 2 131 48 24 46 123 63 148 17 59 115 435 4 80 7 69 23 26 39 108 33 3 92 7 25 223 33 152 13 87 102 14 9 36 53 318 17 77 16 73 57 210 116 23 8 19 66 12 8 75 12 177 32 73 50 115 35 45 103 113 9 2 64 35 20 6 21 162 7 36
0 30391 29 81 166 135 165 116 204 93 105 12 288 15 95 59 565 26 5 41 8 23 48 13 118 13 50 23 210 44 145 23 81 149 66 167 78 63 29 99 107 7 191 76 93 7 250 71 117 71 2 29 17 69 49 69 17 3 402 63 14 11 67 152 3 315 41 16 140 20 80 55 78 83 30 27 68 79 60 2 17 17 52 34 252 28 125 78 99 65 57 39 68 39 41 29 227 1 82 25 13 37 22 34 29 72 89 21 295 13 12
0 30614 341 8 6 82 3 203 181 20 32 4 35 11 98 43 143 16 191 18 110 101 392 79 48 140 146 53 82 11 190 57 45 25 272 16 154 1 181 18 97 174 31 60 156 65 3 20 30 121 103 104 36 39 79 4 154 57 107 33 180 25 80 6 78
0 30689 57
0 31123 100 82 33 104 100 29 153 39 77 37 82 46 28 122 115 2 116 6 50 5 113 67 213 2 386 5 16
0 31382 80 4 175 73 96 76 26 47 106 83 4 3 4 113 148 6 99 5 228 14 153 8 35 7 38 85 71 5 166 125 90 28 148 105 100 40 188 48 101 1 29 15 160 72 16 41 53 21 52 37 172 24 80 38 14 14 32 106 272 118 3 51 143 81 116 9 25 83 2 63 451 74 22 57 2 40 18 51 13 3 102 134 58
0 31457 24 38 37 128 49 16 88 22 61 49 250 72 211 71 146 51 95 32 105 17 61 13 105 24 3 40 191 81 81 22 36 4 131 15 7 16 254 48 111 76 80 6 33 3 123 22 15 4 232 109 30 6 77 17 85 11 102 187 134 74 85 26 41 42 99 80 39 47 182
0 31622 71 164 9 23 16 19 390 30 102 109 25 19 49 42 79 14 92 123 22 7 50 1 26 8 219 63 89 87 55 125 68 79 330 64 156 22 46 97 93 56 464 37 60 8 55 12 50 29 163 42 101 9 39 105 419 110 364 51 53 27 76 23 115 2 11 11 116 2 24 83 94 3 115 45 90 28 219 70 220
0 31646 77 68 39 5 87 29 21 170 106 6 49 33 371 51 54 160 134 23 506 5 247 29 28
0 31663 3 15 186
0 31888 210 17 33 44 23 30 78 12 151 58 129 32 15 8 106 11 83 28 72 90 12 12 71 36 83 22 4 4 33 207 228 58 7 48 24 66 91 109 13 17 75 22 155 36 1 55 6 49 64 19 99 1 21 88 509 23 126 1 21 63 40 9 174 46 24 131 66 25 168 39 131 87 103 43 39 82 65 41 91 82 76 47 71 34 240 61 109 2 81 23 50 81 12 9 24
0 31922 42 136 140 14 23 16 24 8 90 7 25 32 10 49 65 92 11 34 64 4 145 56 152 11 57 150 26 11 106 99 116 32 60 23 102
0 32091 135 16 95 68 53 91 5
0 32445 203 63 8 60 9 177 8 21 233 26 5 18 83 20 82 125 35 10 145 1 44 84 42 8 169 7 21 4 18 14 19 19 80 35 53 9 192 8 4 52 300 8 23 130 181 103 64 13 59 46 48 16 166 69 381 54 67 34 240 14 73 12 11 80 69 44 221 9 58 15 182 2 12 30 114 42 92 49 63 109 99 82 202 66 254 21 197 178 117 70 278 5 144 46 432 44 60 57 120 104 104 22 17 26 190 39 206 46 29 75 9 7 134 42 66 23 23 51 6 370 268 105 176 115 25 13 75 50 71 27 28 12 108 15 10 23 187 7 259 76 84
0 32594 37 17 73 40 3 50 56 1 132
0 32799 50 23 177 99 139 22 288 2 21 123 82 18 51 90 12 3 8
0 32915 189 53 47 88 81
0 32956 169 40 49 26 52 23 114
0 33109 62 10 85 20 68
0 33866 6 13 243 63 51 7 28 1 54 68 128 21 147 37 6 7 38 31 12 95 8 22 26 30 59 32 18 61 189 70 36 16 63 27 29 165 222 11 253 88 3 66 59 8 29 5 188 52 36 3 134 13 351 54 69 52 131 35 99
0 34215 30 1 29 1 32 73 200 3 76 16 56 20 202
0 34428 49 165 48 9 50 65 405 87 317 38 109 149 209 11 188 33 296 78 7 17 33 1 144 38 179 29 59 8 25 116 30 36 133 14 58 5 167 60 86 16 227 68 81 19 85 20 103 26 89 30 177
0 34891 76 125 118 1 6 15 414 46 2 20 102 2 10 53 269 69 87 20 228 58 9 111 14 36 27 69 374 118 317 34 39 102 91 336 118 125 63 163 2 57 193 79 19 7 120 55 73 162 21 31 51 38 6 77 39 19 57 31 82 4 27 72 93 12 40 85 157 17 9 30 6 40 137 23 387 11 48 42 63 57 95 9 122
0 35179 59 48 124 31 76 47 17 7 1 29 513 101 55 54 52 13 71 50 315 14 11 6 27 2 77 161 118
0 35266 19 11 95 10 10 1 4 17 110 16 58 32 121 114 40 39 18 43 261 37 12 28 180 11 48 76 131 77 123 72 153
0 35673 1 95 95 1 146 32 577 39 173
0 35972 1 10 420 18 45 63 13 14 15 34 2 142 24 89 135
0 36005 23 11 69 42 16 12 21 94 110 12 93 72 25 50 15 43 240 63 16 85 31 119 283 21 40 32 9 59 11 45 42 10 155 47 29 192 36 26 208 46 154 87 69 21 97 129 75 24 88 57 11
0 36072 23 81 24 36 96
0 36492 64 36 288 27 186 15 256 42 53 36 18 20 380
0 36677 99 3 39
0 36767 134 18 16 36 26 41 57 21 10 23 123 55 125 7 3 50 104 17 117 46 106 22 33 154 88 10 37 52 141 105 10 41 3 27 297 11 177 17 167 77 270 6 63 1 60 18 59 88 3 45 130 101 142 16 119 23 43 71 1 30 156 6 8 2 56 66 185 19 156 72 41 76 25 204 58 49 45 24 182
0 36811 204 78 86 36 14 93 101 48 52 4 191 94 130 56 194 73 77 187 105 37 10 12 108 18 45 1 2 57 73 19 52 8 345 3 70 41 64 5 101 71 287 31 58 22 155 157 13 30 95
0 36871 99 121 2 1 137 48 170 6 203 27 43 41 57 28 17 23 52 2 567 84 200 82 22 62 170 98 183 38 65 30 138 92 91 33 101 10 105 8 115 6 97 10 301 31 56 16 85 36 123 30 140 14 113 53 1 42 53 49 167 21 106 57 23 20 107
0 36924 152 11 87
0 37036 5 34 13 45 186 9 15 71 172 16 298 140 143 14 26 1 165 50 1 30 14 72 112 6 316 37 281 93 59 22 538 47 19 3 60 21 277 49 235 45 78 5 80 26 328 41 261 8 35 23 71 69 14 139 32 27 327 7 189 86 57 24 266 89 95 12 13 2 214 52 25 37 18 9 13 27 8 14 36 16 9 37 186 71 249 28 52 30 11 57 67 4 62 7 113 72 87 101 1 4 49 37 3 72 129 162 34 5 153 9 37 34 255 37 191 33 13 93 120 53 116 120 92 42 102
0 37069 17 4 109 8 90 43 215 30 10 45 37 37 24 91 33 39 39 134 38 55 72 8 256 15 21 3 484 46 141 64 3 1 32 22 48 20 4 5 5 52 3 10 65 4 125 35 201 25 106 59 56 2 57 158 58 1 140 140 59 8 155 8 31 187 65 52 91 8 25 35 77 89 22
0 37269 22 42 27 81 54 1 87 13 196 23 13 26 84 45 25 12 438 133 46 10 33 3 15 47 4 43 209 167 105 250 268 3 120 69 93 14 1 173 48 31 514 122 295 37 2 66 126 1 14 14 49 51 122 17 18 43 145 48 119 3 129 35 171 3 92 48 71 31 26 103 11 4 34 12 11 94 22 41 51 141 12 33 90 25 16 82 115 141 8 61 305 137 67 44 15 15 16 26 88 3 523 80 8 10 196 18 32 75 18 40 153 20 116 19 156 61 49 11 479 6 98 1 78 80 31 19 9 44 2 4 225 13 59 69 36 28 113 80 22 12 183 17 87 88 98 68 77 28 9 72 118 21 14 70 195 49 87 50 192 249 198
0 37577 73 44 14 3 62 20 115 114 407 1 139 47 138 91 133
0 37609 5 57 239 101 157 66 118 17 142 12 19 41 337 85 68 46 17 30 107 73 6 32 24 45 64 97 246 58 139 12 22 1 138 16 139 27 467 1 42 104 129 46 4 48 32 2 128
0 37845 32 57 114 5 77 34 13 41 20 14 44 107 18 12 259 5 105 2 145 10 259 188 30 6 108
0 37891 91 57 21 62 56 28 22 54 14 71 102 26 144 247 90 58 126 8 40 6 56 34 26 61 3 23 33 105 72 10 53 6 13 237 14 21 209 34 48 97 25 23 40 38 132 42 27 9 166 102 24 1 151 9 124 10 243 10 36 99 19 72 267 10 13
0 38014 68 75 58 26 207 61 5 36 66 31 103 73 63 8 28 22 451 27 2 11 119 38 1 44 37 63 485 23 26 122 211 65 95 60 110 31 170 46 44 10 12 66 28 42 30 64 55 9 344 40 3 30 4 84 20 39 187 15 174 51 16 10 19 76 195 38 18 9 85 5 31 19 35 85 108 29 41 30 41 16 65 27 82 18 9 8 5 5 67 62 25 117 120 18 53 62 123 7 319 4 42 20 7 12 56 30 139 36 291 12 36 4 242 33 73 82 7 66 48 33 108 27 6 3 74 16 107
0 38287 25 107 90 30 67 33 241 4 427 30 49 26 30 217 79 2 394 48 133 108 35 11 65 40 208 16 70 20 69 193 126
0 38391 62 4 41 4 3 162 238 113 76 41 260 79 86
0 38564 116 333 35 98 427 52 116 52 266 13 27 22 20 16 223 67 5
0 38572 214 29 98 29 298 29 104
0 38775 177 10 6
0 39111 8 4 87 41 47 11 86 1 54 3 17 59 36 71 37 150 183 182 295 44 61 8 327 45 85 21 57 19 80 75 3 63 88 16 10 73 244 29 20 64 36 7 70 23 2 16 35 13 61 146 14 11 10 11 18 20 137 33 78 28 338 143 42 43 268 11 36 4 62 20 154 61 66 67 107 29 9 6 41 107 2 96 157 187 199 51 19 181 5 37 52
0 39197 47 67 327 77 240 52 78 97 97 90 116 6 47 85 39
0 39251 176 27 163 61 53 8 59 44 19 177 152 10 32 69 13 43 135 33 229 15 385 224 185 38 106 81 67 154 193 4 109 13 75 21 167 12 5 14 136 21 52 81 484 58 99 31 485 19 161
0 39283 2 74 60
0 39431 78 10 2 23 35 4 97 64 56 8 64 51 17 10 2 221 172 11 319 2 172 20 159 26 138 39 9 32 67 83 16
0 39445 141 18 27 35 10 57 96 112 51 45 233 49 80 12 10 2 84 171 33 112 2 11 159 44 41 6 1 16 132 2 34 66 46 39 461 13 67 9 40 3 20 46 221 4 17 48 122 36 138 21 32 57 245 11 217 32 76 53 18 84 183 97 1 45 7 15 12 13 105 63 175 28 104 146 7 21 152 56 93 2 232 59 69 10 15 98 4 182 13 11 151 45 13 8 132 35 112 4 109 21 149 38 184 71 371
0 39500 43 17 17 84 42 68 63 18 9 152 23 28 92 35 62 39 22 45 456 40 49 54 236 4 111 91 356 16 27 34 40 222 7 88 64 20 16 187 120 11 134 22 46 5 74 16 18 49 6 14 4 23 146 9 55 9 3 85 41 94 150 3 20 22 181 35 40 7 32 1 5 48 16 117 7 13 90 10 129 59 37 9 137
0 39646 40 45 55 60 20 123 15 67 103 61 5 109 4 40 48 5 245 2 144 23 240 14 151 48 62 28 14 194 3
0 39816 56 125 99 40 51 47 36 55 134 23 30 2 16 125 27 2 32 43 87 74 8 60 2 13 168 21 118 31 50 57 17 156 67 6 14 13 69 228 256 24 166 33 28 46 27 50 9 30 108 11 176 6 59 16 192 51 99 62 126 6 174 7 57 16 70 39 64 6 70 53 211 18 154 85 42 75 171 12 7
0 39919 343 4 26 14 15 195 1 58 32 16 41 28 111 70 272 24 117 31 19 73 175 156 69 122 61 136 209
0 39932 22 62 210 3 7
0 39960 57 4 148 5 115 76 64 23 40 125 99 19 57 13 21 32 50 149 33 70 82 93 45 39 4 69 204
0 40155 90 16 58 17 20 57 200 9 118 24 31 35 26 27 7 96 39 39 189 96 24 42 33
0 40201 255 4 82 39 120 12 225 9 56 55 47 119 152 81 17 1 18 92 236 29 17 47 39 14 21 55 86 29 104 18 60 238 170
0 40275 92 102 420 68 4 124 287 102 174
0 40347 61 11 15 87 136 3 17 93 175 111 5 126 31 71 6 4 90 102 64 53 35 1 30 51 125 45 115 11 62 10 113 4 49 8 5 7 11 71 403 71 83 54 51 93 119 256 162 6 59 35 38 7 10 338 58 83 117 63 183 67 138 68 39 79 43 50 74
0 40496 22 53 114 66 58 76 12 60 27 75 65
0 40528 202 20 1 23 55 120 63 54 7 13 186 7 146 71 82 90 171 92 64 133 267 106 100 4 270 20 48 51 58 246 2 11 10 14 16 1 108 17 55 2 29 50 27 4 52 23 12 10 138 112 54 64 3 24 360 243 13 60 98
0 40745 377 150 14 168 114 20 233 19 99 35 6 26 115 100 20 44 78 10 52 128 88 21 333 25 1 32 13
0 40761 163 28 56 4 79 63 43 7 13 5 117 68 49 7 170 28 76 97 52 11 78 140 24 95 170 33 242 68 103 257 94 12 148 9 25 27 13 63 5 51 17
0 40772 55 165 81 30 7 32 64
0 40773 54 30 58 2 15 32 27 15 249 11 491 3 10 5 138 151 132 8 18 17 99 56 99 54 3 43 85 5 20 77 134 25 47 53 51 66 50 72 52 64 270 150 214 54 73 33 47 9 160 66 120 43 14 22 137 6 23 52 128 43 90
0 40775 168 52 65 1 8 123 38 66 262 7 8 1 8 65 125 25 178 1 103 25 33 54 224 31 141 10 326 82 197 25 150 84 26 51 38 86 2 167 265
0 40897 79 5 85 46 36 89 57 18 56 27 145 33 337 30 25 99 17 13 72 20 96 16 238 104 123 50 128 3 102 17 58 71 277 48 20 13 305 24 25 62 260 9 81 86 4 13 238 10 73 51 429 34 75 56 254 17 15 89 224 9 3 6 15 172 9 1 23 25 3 26 59 71 154 4 25 6 264 24 8 21 159 13 125 28 124 95 236 34 54 17 4 98 107 65 14 217 40 21 34 117 22
0 41383 70 46 6 82 451 80 11 28 100 111 34 56 37 29 204 8 92 75 122 93 138 8 159 108 34 32 50 6 29 32 210 14 70 26 141 4 14 11 395 41 198 35 30 69 29 17 20 12 71 125 124 59 8 6 29 54 84 74 20 28 406 29 7 2 26 4 133
0 41453 92 50 556 45 163 52 49 29 272 1 30 108 5 55 100 59 43 44 6 47 43 39 42 35 122 5 40 52 291 131 32 21 29 38 55 42 62 21 67 32 46 6 102 33 12 72 89 11 33 20 269 18 116 3 184 223 109
0 41557 15 67 45 30 24 8 21
0 41634 146 7 82 134 15 48 104
0 41701 42 91 39 42 140 36 333 35 16 42 110 31 99 77 97 52 10 55 136 23 59 108 79 7 62 8 34 2 27 48 184 3 68 63 114 5 294
0 42219 167 41 186 14 27 63 275 117 143 31 24 43 87 8 141 30 134 33 54 130 247 63 24 8 71 111 88 45 3 165 397 33 28 120 350 53 89 45 20 22 117 33 179 69 229 124 72 2 83 18 19 42 167 34 1 2 43
0 42228 30 26 44 71 84 50 105 66 2 19 109 25 135 31 94 47 69 104 55 3 42 36 63 108 163 18 86 16 5 2 120 29 23 51 228 211 72 88 20 10 217 27 17 34 51 50 112 2 36 81 87 7 76 108 174 11 556 4 176 2 102 46 38 33 269 39 92 19 47 75 29 56 120 16 193 12 87
0 42241 39 9 32 17 54 2 12 32 70 22 177 17 58 3 113 241 38 83 55 129 129 84 188 49 16 35 20 15 352 6 164 18 8 5 320 10 121 214 107 2 234 15 52 118 26 52 142 38 113 14 85 16 57
0 42321 275 51 285 3 133 4 26
0 42425 5 244 110 98 51 195 28 13 40 113 7 31 92 22 128 38 48 6 228 69 473 61 110
0 42437 64 29 28 6 148 64 98 17 100 49 21 18 279 18 79 151 13 8 120 16 63 43 1 2 46 89 12 56 37 59 87 18 176 56 607 62 73 85 68 29 254 1 227 41 43 54 49 92 70 107 182 72 107 32 26 166 4 37 7 5 23 79 27 20 144 30 88 31 165 32 37 23 67 84 70 147 112 35 29 101 121 46 19 160 21 175 140
0 42488 28 59 5 2 10 1 231 1 71 15 2 31 275 22 350 29 142 23 46 5 83 16 188 5 309 2 308 30 87 90 63
0 42497 26 60 22 20 27 17 72 48 59 52 207 8 316 18 50 63 10 41 49 46 2 163 77 50 291 4 118 33 269 61 357 71 5 119 57 116 118 14 218 83 103 86 54 2 121 107 156 11 14 8 19 3 61 25 89 7 10 10 6 40 91 15 105 1 226 95 93 18 48 21 18 98 48 12 6 13 196 18 53 7 99 89 40 2 36 14 143 135 276 17 168 49 74 35 69 74 47 116 147 41 39 35 135
0 42621 167 14 253
0 42629 17 120 89 146 117 34 60
0 42653 176 12 34 100 4 110 90 79 469 59 144 37 18 74 131 50 3 1 65 1 1 45 105 5 145 10 18 198 117 88 36 17 73 2 10 36 41 159 24 13 70 52 175 37 9
0 42685 238 16 31 34 56 32 206 132 140 11 48 34 4 122 44 114 25 33 46 107 57 21 219 36 150 11 197 80 46 7 145 31 61
0 42836 84 7 1 57 111 52 172 89 78 11 48 15 27 122 7 62 120
0 42902 173 21 274 29 34 42 92 35 96 3 261 58 74 2 34 135 59 28 6 28 357 2 5 33 75 17 148 108 434 14 111 69 26 66 6 66 248 21 7 48 98 13 344 61 270 13 115 20 36 45 8 14 47 33 42 11 153 41 79 24 140 133 230 53 63 42 4 56 168 206 65 12 358 175 121 101 38 13 12 25 37 83 230 33 47 17 21 82 25 97 52 56 92 13 1 1 103 46 27 4 38 60 22 50 20 19 57 15 88 66 431 7 211 33 43 9 274 107 68 109 213 5 36 67 191 8 65 84 113 48 103 27 75 90 43 29 407 94 104 17 60 20 32 9 75 54 108 8 142 21 111 29 27 30 78 57 66 8 70 54 103 140 31 32 10 3 13 11 67
0 42937 106 145 181 42 331 76 14 39 48 53 494 42 48 106 190 56 46 18 12 57 62 22 16 83 33 7 111 19 87
0 43055 192 51 28 3 64 10 56 64 53 37 14 41 103 13 94 40 81 20 41 64 6 35 18 1 85 18 75 19 19 63 66 140 235 37 119
0 43104 31 153 294 243 109 19 32 31 7 54 3 63 159 45 325 24 107 6 126 49 161 25 136 33 119 89 153 15 41 9 51 80 55 15 171 4 56 190 66 20 132 14 24
0 43121 241 174 79 150 22 23 23 41 168 2 165 30 102 8 80 98 70 41 72 57 90 131 69 14 2 19 30 16 37 85 18 16 19 4 62 18 1 50 52 71 178 123 19 86 149 2 133 90 63 46 309 20 168 81 80 89 286 67 19 50 83 1 67 111 123 6 294 35 70 79 4 10 118 24 140 99 95 74 127 31 110 6 40 36 157 34 52 7 189 70 40 51 142 22 94 11 856 154 7 38 16 109 181 48 41 42 6 29 227 28 46 5 252 1 49 9 16
0 43581 23 31 274 1 16 11 214 24 55 45 54 41 7 12 25 99 72 7 241 9 5
0 43741 129 17 156 138 89 6 22 26 175 49 74 9 74 39 63 47 107 31 32 11 107 10 45 3 16 135 183 34 38 99 212 58 68 143 49 1 58 32 19 9 115 179 54 46 31 26 83 4 54 54 65 14 8 29 70 46 93 58 261 50 144 7 85 50 137 110 56 55 17 18 111 65 139 53 3 166 38 34 5 20 9 151 2 20 29 6 190 11 26 73 369 83 156 51 28 242 243 38 73
0 43850 60 22 45 48 238 86 4 1 235 51 4 8 25 162 171 91 116 16 171 29 2 31 149 3 108 70 62 265 187 66 171 1 140 137 107 14 19 17 44 152 82 151 226 171 216 87 148 36 108 95 147 86 7 66 224 8 302 190 250 3 111 25 394 14 47 22 204 15 76 30 32 11 207 38 38 176 150 344 24 120 75 70 102 172 60 15 159 26 10 30 137 107 12 8 123 31 61 15 69 39 93 86 19 51 135 6 33 110 27 29 127
0 43858 33 39 114 5 12 14 1 4 29 20 8 20 22 4 88 284 112 7 244 38 66 165 155 60 14 36 54 31 81 12 32 74 25 41 45 120 119 13 29 5 15 91 17 32 366 22 25 2 5 36 33 15 56 92 105 26 82 109 5 7 57 2 6 76 53 32 119 81 145 25 16 55 475 17 11 144 186 77 9 146 41 147 171 8 24 16 281 20 180 6 20 15 28 15 364 62 91 66 76 72 102 46 27 165 53 66 7 112 20 26 99 12 87 94 92 55 154
0 43970 110 11 76 29 31 114 22 33 3 36 105 4 38
0 44243 102 20 99 132 38 119 114 18 259 8 75 41 38 43 103 79 13 52 15 28 40 27 1 18 34 38 18 113 32 10 12 22 48 8 106 206 72 1 236 303 156 11 99 32 41 4 17
0 44277 178 17 35 1 41 3 16 9 9 35 21 34 26 96 298 179 218 56 61 8 250 5 25 9 24 15 47 325 58 11 63 16 293 20 81 31 241 74 148 97 118 9 30 27 87 134 129
0 44377 116 47 27 32 22 66 130 7 11 2 15
0 44378 119 11 142 17 59 80 50 120 28 32 127 49 11 14 11 97 185 16 192 27 286 25 54 11 86 85 192 197 755 104 12 19 60 198 35 5 21 101 140 5 60 101 52 34 51 1 680 26 122 151 138 29 416 126 43 51 70 38 53 62 150
0 44513 118 3 121 18 41 22 12 17 350 10 61 50 9 16 49 84 90 19 46 87 88 18 54 174 63 53 9 19 43 5 74 8 19 4 107 128 30 43 108 32 147 24 22
0 44571 22 31 74 133 211 52 339 45 150 25 83 2 64 36 22 51 69 56 21 6 94 92 116 3 49 56 6 90 157 103 162 65 34 154 1 116 129 4 208 193 18 18 123 28 259 32 127 68 29 14 126 17 127 50 110 23 57 150 61 49 132 42 13 84 122 54 115 61 47 21 206 13 173 70 34 1 254 25 126 10 47 18 84 20 27 66 299 5 174 75 41 102 13 29 342 54 52 3 61 14 272 12 472 8 158 173 120 16 413 119 79
0 45193 23 209 24
0 45260 43 24 177 1 60 1 170 61 108 63 10 12 201 21 135 13 35 36 5 39 43 73 23 28 141 26 255 4 54 15 123 59 39 103 140 29 151 108 20 132 336 135 57 1 72 18 21 97 60 362 2
0 45331 79 27 1 174 17 41 100 38 17 15 81 11 35 6 50 102 91 105 68
0 45339 76 35 126 40 221 78 83 19 47 117 101 49 95 40 2 84 227 10 77 22 100 24 98 10 424 42 59 72 272 24 19 12 100 45 63 62 3 33 27 41 8
0 45736 160 59 12 20 176 128 280 66 112 20 45 15 192 73 15 15 238 3 16 90 140 6 266 40 155 188 508 123 229 49 130 35 132 19 86 39 532 10 81
0 45767 40 146 126 85 315 6 23 8 21 12 229 23 97
0 46520 113 11 7 30 68
0 46548 130 13 16 37 62 11 99 109 23 18 88 34 152 9 51 116 114 4 35 20 21 22 117 2 136 118 37 27 249 42 53 84 18 71 28 20 12
0 46732 7 90 18 72 25 96 43 51 24 10 3 32 46 82 27
0 46869 80 48 76 19 124 104 54 154 124 20 154 47 21 28 125
0 46900 25 15 51 52 39 44 12 7 58 13 40 10 91 129 97 9 169 15 52 94 37 5 3 8 64 226 154 55 53 22 107 90 16 28 166 7 107 29 46 4 74 280 81 18 19 67 323 71 188 124 142 42 155 46 82
0 47032 34 1 112 32 99 28 290 119 8 28 138 10 156 6 263 13 7 16 29 8 7 176 83 8 17 13 13 30 93 29 96 32 141 15 113 9 201 38 85 8 29 20 196 51 11 45 112 26 73 19 287 73 10 7 181 13 14 149 218 203 28 22 38 6 178
0 47292 97 7 115 11 161 10 300 29 193 17 43 9 24 45 17 10 20 107 342 197 220 12 28 57 41 30 74 108 145 12 78 47 2 67 33 36 292 40 67 1 202 51 78 11 173 15 20 101 67 37 26 1 153 79 92 18 81
0 47458 44 15 7 28 129 14 20 14 67 142 444 44 205 38 2 37 1 21 329 7 79 6 97
0 47483 8 29 7 27 347 37 31 64 73 28 6 16 200
0 47488 105 73 188 17 82 14 24
0 47672 334 78 233 9 41 3 121 100 60 15 138 42 86 7 315 13 47 151 40 2 47 110 294 50 106 9 30 34 427 45 127 15 57 55 82 4 21 98 51 125 50 35 118 41 112 4 43 85 98 75 2 14 88
0 47828 314 136 208 10 360 49 4 47 74 58 520 40 37 34 75 37 189 50 68 115 412 75 10 129 198 22 135 52 45 27 47 143 11 10 56 29 46 22 10 44 103 81 56 15 8 12 56 2 100 113 113 57 11 68 94 19 19 27 173 47 36 70 2 91 141 37 53 9 82 39 40
0 47977 19 128 113 40 428 36 35 44 240 3 22 92 20 76 122 10 42 85 84 68 142 59 164 27 39 46 33 51 119 3 64 14 258 5 79 94 9 20 3 41 97 68 36 11 10 72 109 34 35 16 9 83 31 21 42 8 1 12 6 103 155 8 23 4 93
0 48075 40 22 18 30 40 60 243 43 142 73 29 1 77 28 103 33 321 35 136 64 88 9 47 66 226 65 35 47 258 6 84 39 8 49 93 54 34 15 202 57 83 133 27 6 97 26 162 230 12 2 113
0 48142 274 118 75
0 48165 41 9 50 86 68 154 115
0 48194 45 22 207 28 230 8 15 4 36 6 25 52 13 2 1
0 48337 68 51 35 70 97 27 264 15 132
0 48515 19 15 9 20 128
0 48757 80 189 221 27 117 52 269
0 48768 33 150 91 9 31 17 89 140 41 64 291 31 96
0 49197 37 4 104 16 107 41 48 32 23 9 88 9 24 117 37 42 16 58 74 56 35 22 35 15 107 29 81 56 20 92 35 94 20 31 5 99 49 65 86 12 69 39 29 18 105 69 130 28 77 32 213 84 2 56 128 47 56 29 43 92 102 17 79 4 444 104 109 17 6 84 290 17 3 45 26 50 410 13 20 10 25 4 8 34 293 87 190 65 50 9 15 1 38 8 24 1 67 42 148 9 70 2 87 4 78 2 69 42 55 36 105 12 50 90 111 35 60 57 246 56 11 11 130 23 74 77 63 119 12 65 404 28 7 23 191 45 142 90 27 130 257 96 175 18 109 140 116 68 64 11 12 48 456 70 222 11 85
0 49306 136 69 4 67 103 4 2 6 27 39 94 56 16 238 169 6 23 34 70 59 10 50 63
0 49332 20 32 173 52 17 86 28 29 180 25 9 44 73 2 78 69 27 7 16 54 118 69 154 24 195 148 24 58 84 187 73 1 52 58 180 90 4 43 2 16 106 116 114 4 9 14 57 34 36 6 56 38 269 34 97 5 26 55 44 18 75 10 197 76 37 89 37 2 228 19 194 42 211 11 7 3 36 25 72 109 21 24 37 22 516 24 63
0 49506 196 62 16 12 26 29 19 140 18 110 20 42 45 67 92 26 196 9 345 3 83 51 24 31 13 27 52 19 60 20 17 29 123 34 144 92 8 58 30 32 113 153 137 21 85
0 49743 48 14 6 16 28 105 132 40 17 30 32
0 49843 237 39 339
0 50032 224 14 80 61 78 11 22 20 34 53 116 29 39 8 81 28 388 19 196 21 273 2 54 14 113
0 50165 198 17 7 23 46 74 120 127 119 12 381 88 54 3 90 9 59 43 190
0 50270 96 24 8 3 4 22 46 12 24 2 110 18 41 11 134 262 69 180 193 1 27 54 274 24 371 40 73 50 57 22 365 4 86 6 147 43 13 32 25 10 12 38 77 19 331 29 62 118 12 44 107 231 133 50 128 48 166 40 14 33 193 23 223 1 19 159 30
0 50382 99 54 118 19 60 82 75 16 8 26 145 62 270 24 130 2 35 1 148 2 119 53 569 9 58 65 57 29 15 13 5 174 90 32 195 81 25 8 249 44 79 26 27
0 50610 50 36 45
0 50718 15 71 59 120 8 8 77 36 572 24 102 156 154 313 13 25 41 10 279 88 119 14 175 26 181 42 272 16 106 203 96 17 44 2 12 4 7 29 896 171 49 35 85 83 70 52 126 15 126 34 87 36 83 41 291 126 11 16 25 84 76 29 3 35 41 9 103 2 104 4 136 44 7 41 147 120 13 21 93 21 6 16 42 14 23 3 156
0 51106 46 56 65 99 11 47 63 35 71 53 7 127 53 53 213 17 84 47 16 77 10 244 2 65 254 18 142 201 229 9 137 13 153 2 217 14 341 53 181 10 52 54 143 73 21 15 2 21 10 5 43
0 51461 79 46 58 15 38 1 257 69 8 19 163 4 49 62 249 63 46 7 37 21 107 7 54 118 121 41 7 62 18 78 1 31 13 34 94 20 20 149 288 48 37 35 65 41 24 68 197 217 30 30 51 30 182 2 41 27 199 43 92 87 41 110 80 221 145 38 216 33 2 37 39 8 25 132 62 63 72 15 2 133 134 36 124 8 102 97 34 78 172 124 52 53 69 9 117 35 330 47 473 66 219 194 53 6 148 46 747 84 36 43 183 280 367 113 118 10 1 22 128 28 73 81 66 34 393 32 495 9 12 44 152 19 137 27 100 7 201 8 29 81 40 142 13 233 2 35 115 59 242 101 42 25 116 46 248 13 247 29 304 200 28 24 81
0 51575 67 58 95 101 20 26 60 1 87 197 44 10 42 93 174 7 114 147 4 2 255 46 10 83 25
0 51768 7 19 102 44 93 38 3 5 54 6 7 65 100 3 19 64 85 34 44 18 29 61 86 107 99 114 31 63 47 28 99 5 18 79 21 34 45 71 87 41 65 173 223
0 52064 175 48 118 6 50 103 55 165 44 83 110 55 141 63 41 48 49 8 9 32 18 16 1 9 180
0 52129 106 49 64 9 49 10 20 117 69 18 22 16 82 66 49 68 36 50 42 20 17 40 59 80 8 79 16 90 54 51 82 1 127 14 58 18 243 11 134 19 104 4 25 8 127 1 6 57 209 47 211 244 184 14 86
0 52150 67 115 81 4 34 15 88 29 237
0 52254 46 10 56 62 34 6 15 15 73 4 111 6 41 4 53 40 79 53 19 23 16 6 23 1 17 29 235 4 92 54 262 23 43 13 22 44 182 52 209 64 123 29 78 90 231 12 95 23 31 230 117 119 65 25 52 101 150 73 59 9 42 42 116 12 177 3 92 5 69 17 152 61 27 29 2 12 592 94 33 41 61 1 153 51 2
0 52519 54 10 171 100 29 57 29
0 52578 16 6 170 25 100 49 83 118 1 42 47 57 58 40 5 54 95
0 53214 60 14 100 24 112 9 349 64 94 19 70 31 33 10 221 155 19 24 50 35 29 122 18 96 133 90 190 29 113 6 15 47 76 28 5 19 123 77 136 86 254 61 31
0 53348 152 40 86 33 69 45 206 85 12 19 9 145 35 107 8 23 28 1 238 73 13 42 42 11 20 20 25 225 41 81 6 47 85 63 65 61 75 3 104 5 72 189 91 20 42 8 26 62 105 75 68 26 229 23 280 15 134 21 56 63 35 6 362 54 166 50 137
0 53364 15 28 46 45 63 72 366 4 83 37 127 81 65 219 336 24 3 113 78 36 219 123 40 4 102 84 55 53 57 2 55 45 160 53 61 24 668 85 222 47 186 243 52 107 141 146 60 26 16 8 75 90 172 79 223 43 25 135 85 44 158 4 67 154 147 2 109 69 114 15 12 73 368 18 8 101 2 1 125 42 27 95 14 15 31 86 1 36 24 57 110 8 131 35 63 102 9 13 304 129 93 25 5
0 53376 29 88 185 122 38 9 338 77 113 33 94 26 94 79 187 254 71 17 214 62 217 3 8 87 177 28 32 18 30 6 69 28 79 20 95 3 17 50 17 61 53 4 75 35 12 9 112 47 48 28 79 190 487 82 1 6 72 1 34 22 106 39 137 87 165 76 70 223 235 51 51 115 130 304 359 11 39 13 27 62 47 6 83 10 41 327 102 22 68 25 224 18 76 40 10 5 163 17 62 25 19 63 19 9 37 47 22 1 33 5 25 69 86 19 138 8 294 48 97 69 25 15 317 95 84 50 126 107 346 12 51 40 22 6 213 17 13 16 204 7 34 92 43 26 24 5 28 2 60 55 100 2 39 61 6 11 3 13 160 88 18 6 138 5 74 66 210 29 407 35 64
0 53438 123 7 30 2 234 65 111 19 123 205 65 78 313 33 133 98 71 152 135 53 94 20 213
0 53485 111 78 57 13 279 78 250 48 269 73 217 25 239 5 48 58 72 6 57 21 76 136 5 42 233 13 53 67 47 23 78 51 56 24 129 27 85 45 245 102 39 26 126 7 21 29 117 129 108 14 82 26 5 36 22 59 52 34 85 28 280 116 37 55 129 14 22 108 19 32 202 10 77 6 85 78 102 349 67 31 204 13 251 34 15 83 52 2 53 24 25 14 58 42 91 184 73 69 171 24 54 26 59
0 53554 370 3 98 12 93 37 80 10 54 119 38 13 65 21 60 39 128 23 60 33 7 9 20 25 36 1 191 40 257 8 30 9 22 129 401 12 19 40 71 5 56 269 1 20 45 44 83 59 198 15 28 148 477 14 33 2 15 66 14 14 128 19 110 7 25 240 31 131 85 11 123 55 105
0 53599 83 53 31 11 3 32 157 16 45 16 4 22 735 32 134 52 132 23 36 6 226 12 28
0 53796 121 109 242
0 54350 18 76 246 18 205 116 14 49 47 23 55 98 43 33 122 102 27 42 31 20 2 48 43 63 24 31 17 93 28 77 76 84 6 2 31 54 48 109 52 4 186 47 202 71 62 101 97 111 95 7 117 19 87 86 98 48 95 90 52 14 76 62 51 20 42 8 110 25 83 4 160 103 146 43 83 10 40 20 164 128 86 9 48 70 41 40 57 18 28 45 7 159 68 85 11 114 30 6 189 49 101 31 118 6 271 82 164 2 455 109 99 20 57 132 46 43 6 106 99 6 8 24 6
0 54421 35 4 328 4 31 344 45 4 135 6 3 6 101 137 106 13 145 70 163 54 32 69 29 30 43 211 363 55 56 91 51 12 237 17 245 9 482 78 13 60 20 5 34 2 18 8 140 29 70 25 3 63 182 21 7 88 57 16 60 73 32 103 41 21 174 4 51 47 98 49 181 5 112 29 84 63 72 45 100 102 49 77 66 8 122 36 109 7 36 39 159 13 77 20 63 15 100 14 161 67 115 11 4 6 15 45 43 98 46 60 106 198 14 142 102
0 54456 59 79 14 73 110 32 11 8 3 15 75 52 67 233 17 20 21 12 149 5 177 209 121 67 139 161 12 76 100 17 106 212 55 22 222 39 20 81 3 56 118 14 26 30 387 20 240 2 54 34 52 40 118 1 340 131 135 29 47 115 96 8 23 22 72 60 74 60 35 120 218 345 44
0 54523 112 12 230 144 84 171 80 110 10 52 112 8 194 29 256 102 389 8 153 124 177 33 11 7 55 12 236 53 22 5 55 57 9 7 2 75 20 81 140 22 29 1 165 198 76 62 116 3 11
0 54712 49 227 260 46 5 192 116 20 76 52 345 88 140 84 63 185 59 2 67 41 288 4 20 88 28 88 15 8 48 99 419 72 239 38 106 200 35 146 168 82 43 32 34 18 23 165 59 2 125
0 54753 17 1 5 174 8 61 67 88 149 18 79 8 113 19 93 22 10 21 121 5 3 9 12 178 150 17 45 38 112 35 31 11 50 24 14 23 45 29 53 34 59 18 78 15 5 2 48 31 41 2 17 60 216 9 32 22 94 49 96 47 10 41 23 107 287 162 17 26 154 17 13 76 143 28 1 5 46 25 210 21 62 95 124 5 302 75 3 4 96 19 54 22 292 31 15 5 109 56 57 24 161 50 88 108 191 105 152
0 54845 26 3 107 47 45 38 140
0 54860 24 19 63 8 7 79 46
0 54936 154 16 56 45 29 35 48 10 44 19 264 44 125 3 110 5 3 42 312 303 35 48 59 4 29 14 18 17 28 10 51 11 60 15 85 58 42 12 32 170 20 27 12 26 93 62 23 2 249 18 169 29 128 2 36 6 149
0 55035 27 22 53 35 173 42 3 29 83 14 31 19 26
0 55169 92 10 122 106 2
0 55395 141 8 14 272 307 27 38 28 30 17 199 36 5 12 11 26 36 11 66 188 9 43 22 18 15 114 121 3 38 38 493
0 55683 91 34 185 34 21 29 97 45 11 24 61 2 275 6 5 76 390 131 66 33 22 5 4 10 130
0 55688 119 15 211 87 158 6 96 80 36 18 123 5 286 25 11 7 66 79 4 51 5 12 141 13 28 50 42 129 224 12 176 123 66 85 30 59 84 68 336 35 127 45 116 51 12 16 63 75 27 16 80 129 117 10 77 10 215 8 21 10 357 14 15 41 4 20 108 135 136
0 55757 34
0 55793 55 1 10 47 43 23 77 12 9 2 143
0 55818 263 73 91 21 19 21 23 12 49 2 204 8 235 35 32 14 241 8 334 83 20 33 33 45 14 5 279 50 58 25 50 56 24 24 51 3 40 5 189 64 116 247 56 47 8 105 77 3 117 37 312 16 159 177 115 79 67 18 164 54 39 57 94 30 67 111 172 22 20 75 61 174 4 17 189 25 240 22 44 7 132 21 66 47 190 17 86 24 14 59 151 20 1 113 62 32 244 203 63 46 117 78 27 41 8 7 25 4 6 45 12
0 55934 468 8 15 56 21 4 195 24 153 30 244 73 191 29 340 36 225 2 23 92 14 2 36 32 1 27 86 58 59 30 51 73 230
0 55954 13 110 271 26 178 221 19 40 201 41 152
0 56093 132 18 107 33 43 10 54 12 42 130 63 11 35 1 35
0 56194 43 23 4 47 14 47 23 114 85 7 155 6 163 166 65
0 56283 159 26 151
0 56637 553 17 237 38 5 38 62 4 88 23 40 5 430 26 90 42 56 73 22 40 152 107 71 7 38 42 64 19 105 297 125 16 12 105 73 49 341 21 92 70 10 67 38 8 20 17 33 9 6
0 56724 14 50 240 27 6 24 54 1 67 8 76 4 48
0 56808 63 63 36 73 271 95 23 7 18 18 112 39 56 41 194
0 57041 40 53 76 58 6 28 31 17 33 34 173 19 117 1 13 96 27 57 257 23 150 13 29 4 315 109 42 8 8
0 57080 25 59 2 18 60 46 49 153 57 36 6 32 140 49 567 114 25 51 224 46 18 47 126 18 61 1 28 41 11 10 69 20 246 3 22 9 54 47 37 20 300 27 38
0 57834 31 142 84 101 28 5 330 10 5 247 31 5 364 9 204 58 158 155 96 11 292 82 154 65 14 37 25 32 50 29 221 35 30 33 22 28 33 5 109 22 113 200 123
0 57907 29 7 23 90 159 87 121 26 88 21 3 9 4 102 145 2 12 198 80 239 62 61 116 15 10
0 57986 57 14 100
0 58072 160 102 59 1 168 82 207 79 111 15 193 68 32 25 656 20 96 13 48 1 52 74 102
0 58197 124 87 41 16 123 5 195 29 31 31 214 149 8 47 10 7 66 12 46 151 91 14 36 11 209 49 121
0 58591 168 127 47 18 8 31 5 60 268 4 15 7 91
0 58754 74 11 35 62 192
0 58863 35 6 22 49 85 112 273 9 52 144 185 19 20 34 11 10 202 8 18 42 46
0 59111 7 39 60 42 16 113 136 9 85 27 98 15 135
0 59418 261 29 186 30 32 26 8 20 2 54 47 16 47 38 97 6 18 40 17 77 107 5 16 157 486 114 4 32 117 4 89 16 39 112 140 79 101 45 71 56 11 40 184 12 56 70 7 38 100 111 22 45 18 27 53 120 149 12 51 29 26 41 7 108 45 113 20 11 146 65 52 5 4 1 140 29 84 70 75
0 59442 28 86 169 31 150 140 1 44 15 27 175 67 50 132 80 33 134 2 7 23 20 43 137 20 233 45 56 85 18 60 80 100 9 16 33 75 208 16 38 80 18 9 148 17 6 2 13 11 161 22 121 90 21 22 171 4 39 113 89 44 48 44 18 63 5 64 262 58 48 35 61 33 106 31 151 22 89 33 111 17 360 70 10 19 53 33 265 132 31 41 64 42 60 13 154 10 302 30 41
0 59468 177 71 296 16 233 40 47 4 339 179 21 20 24 4 1 77 35 159 41 55 48 12 200 11 101 98 38 5 12 30 60 60 36 54 95 35 327 2 64 26 51 12 116 2 4 57 155 40 8 4 350 46 203 8 47
0 59474 81 5 160 30 83 33 185 93 48 6 96 30 137 32 42 56 278 79 71 5 162 163 97 61 1 34 144 18 181 26 66 19 45 104 24 5 93
0 59664 77 79 92
0 59690 39 8 123 80 37 124 218 16 3 23 15 44 85 36 26 237 25 41 40 54 303 13 43 57 95 65 275 7 94 30 5 93 40 59 301 12 73 17 101 20 147 58 35 71 62 79 50 118 590
0 59786 104 15 257 23 30 32 20 3 159 69 345 66 44 20 90 110 47 40 89 35 138 52 669 28 37 16 147 14 51 26 25 32 42 74 38 7 197 125 88 15 23 2 96 34 8 8 67 63 89 7 239 54 8 5 98 19 1 66 27 82 36 3 193 64 158 14 145 1 49 84 270 19 127 3 32 93 94 38 71 17 9 116 207 10 43 13 18
0 59826 41 20 231 12 24 25 51 72 50 35 223 61 90 74 160 185 39 107 53 59 184 73 89 23 397 4 96 102 544 90 73 4 3 67 13 3 16 103 77 51 10 50 76 2 6 7 74 50 130 17 78 24 23 5 84 76 89 56 2 10 82 2 13
0 59869 25 3 194 105 21 31 112 58 55 2 83 21 128 14 48 7 34 10 61 70 7 4 44 3 57 1 35 95 17 30 24 15 32 67 195 5 107 23 59 38 183 56 32 8 48 41 26 18 9 153 17 14 30
0 60191 2 70 34 12 69 52 25 10 94
0 60290 137 16 346 19 80 129 44
0 60305 39 73 26 2 2 79 76 2 176 64 96 15 239 9 27 51 267 22 157 5 329 2 137 14 30 15 25 42 13 142 208 15 68 17 69 12 85 20 29 9 14 75 110 2 110 118 198 203 146 2 30 49 12 46 56 118 159 37 51 15 123 27 71 119 16 17 212 98 39 31 261 45 74 240 5 19 114 169 364 45 54 16 143 20 25 47 40 9 81 12 7 3 22 112 139 161 180 37 8 143 106 16 3 194 143 31 25 70 3 7 90 13 299 26 11 32 53 1 211
0 60356 17 20 118 90 112 26 26 60 186 8 186 6 91 174 78 63 29 128 352 131 49 48 180 15 475 36 27 36 10 9 115 15 109 14 35 69 22 30 151 10 12
0 60377 150 2 142
0 60469 30 130 9 32 123 67 73 22 32 77 10
0 60937 5 11 266
0 60981 61 14 45 46 80 4 51 13 87 1 233 87 11 45 13 1 80 41 180 50 143 4 3 41 58 55 33 82 101 131 89 91 142 23 7 4 24 61 62 51 60 15 121 9 16 77 70 18 31 9 69 23 296 119 103 114 73 27 29 67 50 10 129 21 66 98 371 59 34 34 51 140 397 14 101 48 3 45 96 53 204 69 171 2 9 7 54 8 76 72 168 11 32 23 214 9 81 6 87 5 71
0 61118 255 12 46 35 88 24 70 171 87 24 699 170 135 76 13 8 369 4 69 8 149 20 95 36 13 69 92 31 45 29 20 160 25 131 48 73 169 12 31 22 16
0 61369 8 64 73 6 240 62 131 2 42 111 248 29 83 5 16 28 181 69 39 12 35 14 2 15 278 36 78 30 11 15 490 33 51 75 11 130 21 127 4 147 60 27 444 121 52 119 196 11 44 72 26 20 5 27 252 23 15 60 48 14 99 12 85 9 129 139 55 11 15 14 80 70 107 55 103 5 233 34 370 4 12 30 49 34 26 46 58 101 363 92 206 33 15 24 201 48 5 25 62 51 17 27 37 124 140 62 260 63 196
0 61588 12 161 245 80 250 46 152 67 46 49 117
0 61594 106 20 10 9 58 52 66 79 131 56 58 9 213 74 226 8 90 48 17 146 3 10 15 25 14 4 100 87 19 25 280 20 32 232 79 96 33 141 83 83 68 17 7 171 69 212 238 39 184 10 50 35 68 7 171
0 61766 179 5 118 15 170 48 10 53 26 151 5 45 277 20 91 38 46 30 47 46 51 10 32 112 78 4 15 55 237 26 65 158 24 2 43 94 27 15 76 82 83 3 396 70 96 112 22 139 385 25 425
0 61796 86 56 320 112 34 2 26 26 19
0 61968 147 18 121 28 10
0 62092 6 13 52 100 51 31 22
0 62265 59 107 32 2 11 58 218 82 82 6 120 78 3 2 283 3 65 180 17 14 18
0 62337 40 23 74 1 83 98 51 46 98 124 365 5 79 17 11 7 101 130 36 105 111 85 94 254 55 110 221 61 1 121 186 18 100 51 17 22 12 80 105 225 193 13 312 29 16 9 362 2 24 42 29 47 279 59 90 32 31 47 49 24 111 4 60 70 180 111 230 7 49 71 11 90 31 120 130 37 99 64 181 32 28 50 24 42 121 209 49 94 42 191 41 101 79 35 55 59 106 14 3 90 15 111 15 9 42 47 61 1 241 1 98 20 3 34 137 56 100 17 319 9 18 3 55 31 108 20 8
0 62701 31 40 72
0 62791 174 44 33 43 63 41 3 84 462 81 36 46 55 121 139 26 295 27 104 66 104 8 45 16 34 52 6 45 89 8 24 30 124 33 29 38 49 50 42 56 204 82 49
0 63025 57 33 149 2 55 7 39 7 6 8 28 67 15 107 98 133 47 61 82 75 40 360 132 40 61 1 12 16 99 44 5 44 230 131 228 41 133 30 16 3 14 71 29 16 57
0 63140 196 36 82 20 112 20 105 19 100 23 127 6 35 116 144 19 18 4 51 11 48 126 78 36 6 173 86 30 94 10 330 42 30 66 247
0 63182 31 75 172 40 34 54 190 36 145 18 26 15 98 11 1 192 5 170 274 53 3 9 73 16 97 170 73 126 74 2 344 13 115
0 63197 96 41 133 57 57 19 16 92 211 18 116 141 193 28 355 44 3 1 13 17 136 49 55 37 17 27 241 10 30 11 17 18 239 117 6 21 49 15 31 100 86 9 76 25 12 52 99 145 8 37 28
0 63572 402 3 5 45 295 16 161 7 14 124 30 150 147 53 67 34 215 12 42 98 34 16 35 19 145 17 179 54 291 79 24
0 63577 133 10 35 113 111 110 25 27 5 3 87 85 56 24 4 15 3 36 248 35 6 15 102 94 30 39 15 54 16 52 26 25 426 5 9 62 232 49 40 59 14 79 11 60 57 96 318 43 52 146 87 42 148 68 24 59 157
0 63595 48 48 31 32 6 68 191 5 30 61 23 43 113 96 150
0 63612 34 49 125 168 4 176 74 30 27 66 132 92 27 1 67 89 86 25 27 63 41 30 105 72 97 2 118 78 176 67 4 3 268 58 32 20 25 15 128 135 142 28 39 86 63 8 122 55 151
0 63737 35 78 346 20 6 12 14 33 4 53 60 13 41 47 8 31 78 81 135 10 69
0 63796 106 51 99 312 34 46 419 228 118 74 33 13 31 273 52 84 86 6 26 41 211 30 5 103 65 146 29 68 184 22 168 38 39 38 4 5 89 85 157 118 30 13 254 25 158 14 26 46 56 75 41 54 94 30 348 26 135 168 6 23 199 79 182 16 58 145 48 113 180 52 133 60 117 10 139 9 28 9 105 24 76 37 59 45 87 24 176 66 223 4 47 7 2 91 137 60 72 90 20 78 49 27 104 101 262 6 585 100 1 5 157 88 262 22 150 3 62 59 133 25 14 199 222 101 56 1 19 150 81 6 59 14 29 55 27 14 39 17 88 6 256 71 39
0 64220 483 51 51 41 8
0 64290 139 3 297 94 72 28 128 29 58 22 107 15 196 36 327 36 165 97 205 27 166 3 11 72 18 13 365 67 21 33 20 21 287 234 275 10 23 13 30 21 76 145 272 7 11 18 12 10 43 5 115
0 64349 278 7 197 60 71 11 27 22 49 50 15 99 165 123 51 27 3 29 71
0 64377 68 17 85 37 18 48 93 1 78 72 5 63 104 31 101 93 26 59 100 22 105 32 229 164 69 31 124 109 65 24 105 74 37
0 64393 361 23 51 98 13 10 20 77 59 51 31 86 263 95 49 19 142 8 337 16 172 186 151 19 40 14 46 95 130 6 159 38 17 46 316 11 84
0 64580 23 58 52 36 172 35 30 8 152 98 137 20 151 21 126
0 64628 116 33 45 45 22 35 13 65 227 35 55 115 45 44 3 50 63 36 21 9 293 104 104 12 7 51 198 119 380 72 219 147 131 23 77 46 156 33 41 95 37 68 119
0 65153 240 43 13 34 321 28 182 14 55 2 47
0 65243 21 5 262 68 129 61 63 19 50 4 8 5 220 110 223 64 201 9 16 128 15 86 92 43 16
0 65753 25 55 233
0 65858 28 15 70 180 258 99 29 181 4 120 36 20 50 27 364 20 145 83 275 66 83 41 68 59 5 6 158 81 38 44 56 18 64 58 185
0 65891 275 7 87 70 69 27 56 18 91 21 8 94 99 4 284 86 101 61 3 60 181 1 111 25 5 83 24 23 545 96 77 82 7 26 55 73 56 18 25 101 70 8 64 18 25 27 234 12 284 80 221 250 296 33 53 37 108 76 73 8 67 24 119 33 125 37 106 20 116 16 200 21 91 4 89 23 24 108 25 128 34
0 66016 178 78 107 242 58 56 66 40 140 56 100 74 81 55 13 21 274 289 183 75 57 35 126 119 2 30 60 34 145 161 17 169 1 23 8 21 1 46 17 13 12 5 241 18 40 12 51 69 392 29 113 87 477 3 32 30 134 28 60 21 23 46 22 43 52 38 212 7 82 107 52 64 85 20 68 38 130
0 66186 183 31 37 111 152 185 72 26 8 57 290 8 101 46 28 96 82 26 78 72 204 32 153 67 73 53 50 94 44 11 120 16 13 2 27
0 66187 102 9 53 8 379 3 84 2 137 57 227 14 75 72 4 16 397 37 44 39 5 11 6 24 167 7 85 49 42
0 66228 49 204 2 51 34 27 27 38 127 48 2 55 127 28 103 1 125 18 107 9 119 81 45 34 43 59 26 22 27 41 214 29 76
0 66533 13 47 25 79 301 25 48 39 5 75 393 173 119 8 193 76 4 42 201 20 148 66 98 61 57 11 15
0 66607 26 157 81
0 66990 24 44 59 37 108 71 123 3 136 23 75 5 387 23 50 24 145 43 293 54 310 14 57 110 230 11 157
0 67336 64 6 57 7 223
0 67694 7 75 77 33 96
0 67837 3
0 68225 274 16 95 15 232 1 131 34 281 137 37 2 68 46 168 23 75 39 29 53 72 23 246 94 47 111 142 53 7 126 82 28 117 57 40 125 8 79 8 16 161
0 68227 91 35 17 157 36 4 323 16 183 10 147 19 26 198 385 72 171 46 3 38 219
0 68255 14 52 44 82 182 2 130 23 105 4 26 49 36
0 68498 7
0 68525 411 18 39 13 28 29 7 21 59 195 379 22 61 21 29 16 40 33 66
0 68549 133 107 186 189 757 60 46 48 63 43 574 2 249 44 93 51 42 51 3 28 14 87 315 109 4 144 384 51 4 13 314 17 26 59 303
0 68616 48 8 116 119 53 40 114 11 360 4 316 113 195 73 48 3 74 24 19 113 118 6 126 95 48 75 65 59 269 51 5 2 95 2 12 19 120 16 256 14 122 11 34 15 135 53 133 29 50 28 13
0 68793 20 64 11 5 85 92 102 6 27 30 3 56 396 81 20 60 89 104 428 38 55 10 122 19 75 28 9 12 2 17 201 46 24 58 94 7 81 1 3 29 33 82 155 2 102 54 13 30 144 48 125 16 63 9 14 17 127 164 33 1 29 71 123 35 32 223 3 3 85 21 35 7 223 8 10 89 17 139 149 25 12 13 145 46 187 28 94 1 3 99 41 11 172 9 196 7 33 2 18 53 34 6 104 130 45 46 27 39 22 153 211 11 54 8 88 2 139 86 44 43 307 13 52 89 118 128 75 24 6 7 105 34 111 15 89 126 2 62 67 157 26 141 93 109 94 54 303 12 12 3 199 20 23 49 81 13 310 109 141 2 95 76 160 100 118 7 129 43 47 101 163 23 3 13 19 13 116 76 70 22 240 7 43 28 53 13 10 68 1 209 106 59 134 1 135 129 32 43 151 2 60 6 131
0 68876 99
0 68924 237 17 62 7 168 6 47 102 16 9 12 139 230 20 196 5 142 9 169 3 70 23 222 51 53 4 97 79 50 7 31 15 22 162 113 39 327 3 153 44 16 10 42 82 6 31 33
0 69068 109 10 71 6 108 8 146 29 34 4 24 14 120 21 117 89 34 94 38 4 29 98 202 76 55 10 51
0 69412 6 33 19 27 125
0 69431 358 24 181 79 98 50 87 12 90 19 130 24 15 3 37
0 69598 127 5 188 58 2 51 1 123 148 136 127 4 13 23 220 10 17 48 32 4 121 31 17 49 41 71 185 108 64 22 16 57 652 41 71 56 189 26 85 40 323 14 190 82 39 112 30 98 16 72 133 68 147 22 104 103 66 16 15
0 69683 20 53 2 70 133 39 115 1 178 162 218 80 143 31 22 6 2 1 324 45 99 1 9 91 119 12 86 2 346 64 18 51 155 7 649 47 98 96 62 22 267 55 97 5 94 3 60 162 118 48 83
0 69736 1 26 12 1 176
0 69757 12 38 304 57 203 6 1 11 59 11 39 27 46 49 151
0 69895 35 82 32 82 16 332 135 100 6 48 268 25 136 19 86 7 21 2 154 47 75 9 143 43 17 36 15 41 96
0 69897 68 95 28 49 90 37 22 13 1 42 25 1 17 31 32 153 60 25 213 90 121 27 41 10 114 26 192 46 1131 138 146 53 60 25 53 34 31 137 31 38 145 95 87 85 194 1 10 228 116 46 11 47 90 3 41 219 19 10 94 6 181 15 406 33 168
0 70132 10 112 90 21 110 43 30 25 37 30 66 8 15 114 393 11 33 1 35 26 228 95 4 45 65 58 151 62 160 3 31 10 72 41 103 53 119 42 77 26 186 66 166 46 52 15 84 48 25 68 16 103 51 89 168 39 115 63 105 13 99 170 3 17 12 63 52 124 2 8 57 37 55 4 142 7 70 98 117 8 252 45 90 12 119 63 225 71 90 170 87 3 57
0 70223 152 7 199 81 213 127 128 44 245 4 41 13 160
0 70564 104 21 40 58 120 8 193
0 70740 347
0 71161 142 43 11
0 71471 53 42 52 6 20 23 165 48 99
0 71487 122 12 124 152 103 32 36 324 255 14 27 82 47 30 35 26 475 66 17 44 19 27 41 81 209 27 2 17 68 15 44 5 18
0 72066 100 164 65 24 9 61 70 7 107 102 46 20 65 6 9 13 2 49 32 47 293 8 74 37 309 9 411 87 248 145 4 22 53 25 40 79 9 19 54 55 163 6 64 114 307 41 10 76 50 141 90 33 171 126 42 3 41 25 165 48 318 7 29 8 145 112 82 62 3 115 16 2 82 33 224 39 219 26 98 7 92 44 37 85 45 96 61 7 120 121 5 28 99 210 185
0 72168 80 7 135 19 203 171 150 188 98
0 72430 52 22 147 43 71 17 12 27 95 13 36 40 46 69 9 109 154
