0 0 480 8 72 69 194 25 171 69 42 148 32 39 216 19 373 70 168 118 22 161 308 76 130 7 43 120 109 65 25 9 109 46 106 13 40 26 14 24 97 66 82
0 20 1 59 42 46 13 21 42 24 51 37 176 15 114 41 115 77 25 128 36
0 82 19 1 37 42 20 43 6 113 129 10 25
0 308 59 9 255 182 14 87 19 17 116 77 262 21 14 57 8
0 723 68 9 219 41 26 91 155 29 54 80 156 2 24 38 75 47 216 19 76 30 46 12 11 2 168 24 29 96 12 30 3 12 26 45 265 56 34 158 3 7 87 73 64 27 30 34 5 64 127 49 135 103 181 62 143 33 119 13 14 58 160 64 46 2 152 29 36 36 6 23 31 19 43 5 14 20 126 42 3 51 67 126 288 43 83 18 79 136 81 13 96 7 132 114 73 73 322 131 19 22 90 148 52
0 1231 66
0 1418 11 76 117 32 29 62 6 66 19 24 8 11 63 59 273 9 142 22 153 9 24 5 69 60 182 6 38 3 299 59 4 91 38 23 18 6 219 145 137 16 87 108 53 81 222
0 1696 26 28 167 13 60 94 48 74 101 16 340 45 28 7 75 49 240 3 38 155 5 1 33 104 160 18 10 27 19 21 39 129 76 3 74 69 210
0 1807 16 22 155 1 72 23 242 187 50 218 88 16 148 26 5 41 22
0 2184 170 21 240 19 9 5 74 3 144 47 34 3 107 62 395 105 138 16 7 130 111 95 11 53 82 39 25 46 80 18 9 119 164
0 2280 63 23 34 54 79 39 448 4 26 62 10 61 428 86 57 2 132 41 117 53 120 47 117
0 2293 484
0 2402 94 26 32 181 4 3 93 29 21 40 311 19 31 1 29 2 20 14 116 46 245 91 52 2 41 31 123 48 82 77 130
0 2516 53 51 38 39 26 28 102 13 50 47 29 9 18 40 56 2 265 77 40 24 18 9 79 2 102 119 7 109 72 24 42 99 39 43 77 53 294 192 188 89 8 33 241 30 20 5 9 79 71 81 14 118 5
0 2621 11 17 65 4 7 11 7 26 26 51 4 28 60 23 11 13 134 56 25 3 26 84 26 2 129 18 86 26 289 42 256 53 199 26 137 32 181 15 54 5 128 45 23 24 154 158 24 33 1 20 69 18 48 15 66 30 170
0 2713 78 57 35 6 147 9 86 70 7 44 174 81 120 11 397 86 69 201 21 47 23
0 2799 17 44 5 121 70
0 2957 46 16 118 18 66 10 93
0 3128 474 46 52 10 2 163 136 26 181 141 145 12 240 20 60 10 94 94 51 48 62 110 78 53 76 61 93 33 112 161 85 4 68 8 72 35 28 43 68 44 26 41 57 275 221 108 79 8 80 106 87 144 84 32 260 165 284 23 141 32 40 7 57 96 7 39 179 121 21 101 98 5 9 61 32 51 55 4 30 25 170 42 1 95 270 1 5 26 10 115 43 19 125 33 306 39 205 18 198 58 92
0 3280 17 240 49 16 201 71 55 59 86 43 30 78 79 46 13 79 23 29 114 62 174 8 51 2 185 10 77
0 3488 247 106 208 145 92 47 397 123 3 29 77 33 123 31 79 47 209 60 228 36 78 13 62 10 138 26 9 75 55 23 211 29 24
0 3540 203 33 294 78 78 197 29
0 3717 73 70 38 24 232 6 36 26 74 27 37 39 252 36 20 1 65 26 4 34 49 51 65 15 28
0 3759 44 2 113 4 92 46 303 100 82 32 61 80 23
0 4304 11 5 226 114 84 29 22 35 130 17 99 100 243 17 189 71 162 23 67 34 115 44 1 38 13 5 8 11 306 174 4 14 12
0 4464 163 24 4
0 4821 6 22 10 68 73
0 4864 44 64 165
0 5225 377
0 5400 34 153 32 15 215 13 36 28 10 50 88 3 99 38 320
0 5497 14 6 181 51 52 14 22 19 29 10 71 24 56 23 14 16 16 8 16 24 47 21 7 12 132 49 19 22 452 102 216 14 125 109 3 9 215 17 48 3 6 43 260 41 43 23 28 139 96 6 36 3 11 4 162
0 5559 100 505 17 13 74 11 20 2 14 24 11 74 144 66 65 109 25
0 5706 1 3 85 45 301 82 143 25 303 92 10 3 71 25 33 19 191 48 55 19 306 122 173 51 213
0 5717 46 37 36 12 136 131 164
0 5720 12 11 46 106 60 8 36 60 2 37 102 21 120 106 79 157 33 63 69 78 160 178 250 129 244
0 5798 198
0 5915 184 30 55 222 39 1 71 52 14 55 16 7 337 22 254
0 5969 33 27 47 115 12 121 11 47 109 55 233
0 6150 138
0 6445 112 87 27 2 98 3 59 25 175 60 144 4 136 35 37 58 9 12 46 21 102 56 460 51 72
0 6511 104 2 79 28 43 38 45 11 16 36 267 51 240 35 47 53 71 3 307 27 134 99 9
0 6663 11 7 22 15 18 1 64
0 6693 163 5 7 35 249 34 210 11 9 4 177
0 6735 5 75 8 16 70 47 11 25 85 4 46
0 7019 42 59 25 6 57 79 16 154 93 59 22 27 92 3 205 21 3 128 97 159 103 19 16
0 7275 159 217 87 37 15 4 49 30 52 51 17 17 191 59 18 18 320 197 101
0 7416 161 10 180 42 6 5 163 40 56 34 159 17 22 68 1 111 145 25 24 133 12
0 7678 268 11 290 24 43
0 7680 37 7 45 87 8 60 107 346 138 74 164 62 113 13 168 7 36 7 44
0 8036 97 130 10 128 127 17 10 24 142 60 127 19 51 11 301 12 75 56 84 111 37 83 72 20 380 40 12 108 134 23 21
0 8053 323 25 16 73 19 54 171 99 20
0 8097 215 33 91 92 41 14 104 163 21 213 29 49 10 44 68 9 159 19 99 87 20 8 37
0 8205 46 152 11 16 68 1 57 209 93 33 65 150 68 2 99 88 46 170 4 6 68 50 209 30 234 27 144 116 12 30 10
0 8479 129 55 350 5 25 171 101 2 73 29 70 82 88 23 203 10 29
0 8610 37 210 183 6 101 17 2 155 15
0 8863 12 19 105 27 316 11 350 5 14 29 98 7 48 25 146 48 43 73 34
0 8953 238 106 181 162 70 82 191 15 37 75 252 104 191 3 43 11 136 58 114 11 18 62 62 32 7 13 14
0 9284 30 281 69
0 9379 179 49 6 4 6 72 330 36 95 139 127 84 76 68 115 4 17 18 150 211 108
0 9446 153 49 26 5 197 13 20 8 535 28 8 52 73 14 116 22 59 45 11 28 117
0 9484 54 3 62 17 6
0 9509 65 67 93 53 45 29 25 29 112 37 36 37 259
0 9542 65 68 88 7 81 24 10 59 17 29 83 81 60 5 6 75 179 14 24 51 136 26 65 131 111 9 109 40 32 80 180 4 11 84 146 5 274 66 558 87 75 21 273 13 52 172 83 8 78 8 14 18 143 7 61 26 37 25 207 14 37 3 17 61 205 76 66 6 289 8 62 4 85
0 9781 67 104 108 63 130
0 10011 23 25 81 72 143 34 79 28 132 30 15 74 28 11 31 53 55 80 157 88 211 46 223 91 40 150 139 4 213
0 10159 233 94 38
0 10480 104 17 28 72 24 21 182 107 41 18 11 116 42 31 23 72 9 12 181 61 49 15 83 4 188 1 11 23 120 33 32 41 18 14 233 40 5
0 10487 116 22 178 24 9 13 6 11 58 124 7 9 48 32 126 4 80 10 70 36 48 29 1 142 130 26 62 1 19 20 203 5 73 127 40 26 118 59 86 308 224 4 109
0 11036 649 127 6 72 211 6 22 212 175 54 224 89 254 25 70 3 51 10 66 59 104 149 9 15 131 46 62 169 16 3 115 32 141 50 53 113 33 27 82 81 3 1 7 64 64 41 103 53 267 13 85
0 11183 101 45 120 43 6 26 160 2 34 106 51 54 214 29 234 11 160 14 339 8 210 24 154 150 124 177 173
0 11399 72 74 26 35 17 155 209 23 62
0 11485 15 35 156 67 46 30 85 19 74 43 54 287 7 10 40 47 16 52 36
0 11747 60 21 13 35 20 86 21 51 6
0 11965 9 232 37 24 5 37 187 86 319 26 42 15 24 75 25 36 36 154 75 82 2 151 22 36 37
0 11974 83 22 112 71 20 33 57 56 158 2 103 26 43 8 260 116 101 2 58 76 26
0 11991 115 1 559 64 102 62 73 42 137 40 9 21 31 121 11 132 44 82 122
0 12094 6 40 4 15 77 67 54 128 180 44 33 223 182 12 74 109 189 203 3 117 41 46 48 24 227 76 34 31 153 6 54 236 9 6 130 68 155 63 48 38 8 7 206 15 60 125 48 81 321 38 16 20 19 8 63 103 84 26 240 131 253 34 64 67 17 33 173 26 133
0 12099 9 90 18 5 99 10 52 1 186 12 172 31 127
0 12100 172 30 296
0 12676 263 61 38 17 11
0 12822 380 56 74 82 516 46 196 32 120 65 92 36 78 16 50
0 12935 2 55 46 68 20 227 232 95 79 54 28 120 174 161 76
0 13011 104 15 273 60 122 73 6 92 273 22 55 40 156 63 155 1 76 18 44 22 17 2 126 59 41 45 489 5 62 16 132 3 147 74 288 3 282 2 54 39 102 20 101
0 13028 74 51 27 31 12
0 13107 26 19 74 16 83 122 67 84 86 16 357 12 144 55 19 170 95 7 61 27 32
0 13129 48 72 6 81 572 11 244 47 33 30 15
0 13272 246 119 140
0 13366 178 15 34 1 151 59 41
0 13515 8 11 96 34 76 55 59 37 235 85 51 25 278 88 153 2 126 7 63 35 228 138 2 131 102 39 288 131 109 63 42 117 50 148 3 25 6 202 179 52 44 177 142 121 97 54 83 17 60 12 152 14 38 29 25 13 15 15 217 45 111 69 68
0 13530 125 5 89 64 77 54 42 26 50 31 155 329 12
0 13537 49 30 15 133 70 2 193
0 13605 31 3 170 25 154 143 85 125 27
0 13752 153 66 302 46 76 69 186 103 4 37 109
0 13910 3 2 62 8 9 21 51 40 109 117 62
0 14145 135 2 62 2 153 41 59 23 84 48 2 83 43
0 14379 140 4 208 87 47 124 376 29 282
0 14628 130 81 103 42 72 31 53 21 23 57 86 59 144 5 311 15 161 3 112 85 24 140 1 16 96 6 20 13 98 174 361 16 32 35 7 4 161 48 16 196 174 24 33 48 208 5 22
0 14760 74 12 80 6 71 208 58 77 22 26 18 90 244 90 8 40 80 42 143 42 184
0 14768 119 63 53 26 56 3 26 3 20
0 14949 11 28 56 47 105 17 46 86 209 8 60 35 93 152 56 35 54 3 50 4 9 61 128 49 17 16 40 28 25 5 1 13 11 65 137 113 340 57 150 5 108 121 2 104 16 4 33 58 31 44 35 31 12
0 14979 8 63 48 33 42 37 45
0 15029 39 186 41
0 15032 165 157 31 26 37 115 16 118 25 10 22 59 1 71 62 4 94 9 2 56 11 97 124 72 133 10 39 165 77 117 55 125 121 151 4 12 20 40 57 16 12 38 65
0 15079 167 43 44
0 15297 119 48 76 49 135 4 251 45 40
0 15373 32 18 75 65 139 13 33
0 15394 112 23 184
0 15522 29 18 21 31 101 13 34 30 99 15 299 52 479 13 149 85 19 65 195 42 211 1 300 36 3 42 53 74 162 9 4 67 58 9 62 130 432 9 49 3 4 15 58 24 360 28 123 158 108 43 67 5 256 5 116
0 15604 200 75 1 66 211 90 21 30 52 28 13 13 79
0 15674 51 7 181 57 294 83 149 3 153 125 44 25 65 94 156 51 112 45 86 53 13 51 14 11 41
0 15887 748 32 150 46 22 72 79 355 44 16 92 106 17 23 231 19 153 30 104 12 43 3 180 62 231 15 193 16 46
0 16217 207 2 3 3 34 23 18 104 8 72 206 34 167 3 146 21 50 52 33 69 115
0 16222 73 29 533
0 16740 13 12 158 59 10 8 57 22 2 6 42 11 300 49 105 37 180
0 17399 63 39 3 62 397 54 139 52 242 31 97
0 17744 39 112 253 38 1 169 183 85 125 66 157 31 352 1 13
0 17869 25 130 318 53 62
0 18026 61 64 15 35 27 40 22 76 136 24 99 135 13 14 88 13 121 25 355 131 205 48 43 62 6
0 18524 20 90 10 54 114 58 62 81 2 44 81 32 246
0 18671 30 32 143 42 2
0 18912 30 82 214 218 37 4 160 10 300 76 111 116 352 121 7 128 23 8 144 33 76 296 3 39 26 21 192 11 41
0 18929 87 103 57 41 121 107 11 21 22 67 51 135 17 51 55 33 102 152 20
0 18949 237 11 128 56 19
0 19018 400 165 38 60 269
0 19055 38 8 6 1 83 54 36 34 55 24 400 69 28 21 128 9 128 19 34 33 22 15 214 3 60 63 40 6 29
0 19110 381 8 16 77 427 24 63 20 363 76 13 18 31 28 2 1 48 77 335 21 217 13 40 41 258 45 157 32 191 42 63 89 68 15 55 68 6 246 33
0 19329 49 12 101 48 39 76 92 17 19 182 276 69 50 17 112 24 65 50 91 28 84
0 19330 27 8 6 7 51 67 7 23 223 4 65
0 19420 4 84 59 102 86 16 91 76 82 8 188
0 19481 1
0 20101 82 7 57 26 116
0 20256 8 9 1 20 143
0 20516 5 24 66
0 21164 40 28 18 4 43 43 2 90 53 46 135 57 102 81 10
0 21186 96 114 170 113 54 41 161 68 87 30 63 11 61 177 101
0 21619 214 15 643 15 176 96 57 75 79 83 26 16 59 43 590 13 79 33 86 84 202 22 362 62 46 237 36 6 73 33 225 33 60 22 26 51 37 8 77 43 20 123 58
0 21712 27 76 36 5 77 8 120 19 8 28 137 10 19 36 88 73 36 18 5 63 29 35 52 13 135
0 21760 181 189 16 97 12 241 59 18 183 2 93 39 53 188 20
0 21772 75 124 276 65 159 10 18 61 22 42 100 93 84 24 47 76 12 1 14 79 13 26 169 28 47 84 31 106 123 3 137 7 115 11 34 13 10 50 251 11 106 159 150 61 122 55 62 13 30 18 26 29 146 190 32
0 22073 108 118 5 28 38 28 125 55 336 13 85 29 237 18 66 31 147 104 82 154 128 22 67 10 337 17 128 19 24 88 77 35 62 25 54 1 187 59 56 35 103 35 71 15 164 61 89 15 119 2 96 51 67 32 47 49 7 8 125 1 157 49 184 133 95 53 74 36 49 81 314
0 22123 231
0 22185 29 94 58 3 36 7 4 53 49
0 22417 168 14 177 43 158 22 20 12 163 33 4 4 138
0 22636 53 3 191
0 22701 41 11 140 38 24 41 169 53 146 38 2 55 16
0 22782 110 33 288 6 142 14 89 84 32 19 48 102 172 38 120 61 77 36 129 6 130 43 98
0 23198 20 9 24 5 16 1 1 82 6 77 6 98 89 193 10 29 125 165 53 113 42 14 106 30 134 30 159
0 23435 195 199 31 20 33 51 100 56 281
0 23694 37 16 223
0 23799 229 108 189 83 19 65 5 175 339 24 50 64 9 77 55 3 12 87 47 111 110 9 11 24 86 98 46 66 22 9 238 10 116 32 215 33 71
0 23953 109 48 41 96 67 26 12 27 265 14 118 5 20
0 24166 41
0 24240 51 130 88 16 127 26 182 129 431 21 82 29 312
0 24444 107 74 18 8 29 15 228 39 252 26 40 48 43 64 44
0 24495 42 8 35 109 160 11 90 99 34 3 1 34 27
0 24527 3 22 53 85 2 55 126 132 99 46 39 40 139 131 150 76 308 20 44 3 6 4 54 23 4 1 133 22 77
0 24697 66 3 8 47 368 11 100 16 139 144 76 5 39 16 82 30 151 30 68 23 113 64 18 25 27 12 453 9 39
0 24996 12 55 129 30 14 94 32 17 13
0 25010 477 9 85
0 25398 39 67 2
0 25506 137 12 39 94 225 35 153 25 178
0 25530 232 61 10 107 45 10 199 182 152 77 115 39 90
0 25550 100 45 123 12 94 168 276 297 46 24 68 77 84 36 14 5 34 61 5 2 49 50 28 4 159 88 72 77 365 10 5
0 25958 10 69 27 72 29 55 125 106 13
0 26027 25 24 25 50 4 142 65 13 56 22 6 5 56 11 130 9 9 114 23
0 26100 253 24 71
0 26109 254 23 106 61 58 105 106 87 76
0 26200 13 10 33
0 26305 200 6 21
0 26390 180 45 131 2 345 60 44 17 73 138 32 27 194 24 65 42 53 31 270 111 1 31 37 5 41 60 25 128 61 23 27
0 26663 49 40 252 47 227 160 32 126 451
0 27031 130 42 267 32 291 62 118
0 27084 73 120 57 54 1 71 57 104 150 4 25 15 1 27 80 1 113 197 70 102 35
0 27396 16 76 55 54 630 4 177 6 159 61 115 52 117 46 110
0 27441 87 147 107 36 42 359 3 52 5 274 242 48 57 14 36 9 6 5 302 37 20 138 29 63 275 251 45 11 157 11 19 30 44 19 183
0 27594 50 10 106 11 157 141 42 42 88 94 21 45 12 169 3 10 166 48 59 32 41 83 157 6 308 4 48 26 18 70 23 60 1 2 25 52 70 34 29
0 27910 24 78 120 4 234 4 99 4 66 52 113 4 47 48 281
0 28008 64 21 15 42 13 22 205 70 35 47 1 7 236 127 17 62 99 195 139 42 168 44 382 20 78 2 70 27 37 30 27 3 23 103 194 17 13 11 7
0 28114 99 39 76 93 1 149 21 68 160 1 100 198 261 50 62 32 42
0 28183 28 64 43
0 28189 264 34 101 10 83 31 4 23 61 48 28 25 15 23 9 2 279
0 28215 627
0 28251 374 64 41 89 10 170 24 195 135 36 244 43 24 35 135 70 189 59 20 8 82 68 358 22 182 1 86 63 49 26 50 57 276 41 41 26 53 141 45 24 15 47 36 5 219 46 60 47 42 17 96 87 165 22 133 14 66 83 59 32 127 32 14 43 150 41 33 71 412 33 80 26 61 26 62 86 58 39 81 12 115 109 248 75 139 32 133 41 70 25 37 4 4 9 265
0 28953 19 1 95
0 29757 25 1 2 111 121 99 59 30 7 190 21
0 29852 57 20 1 9 8 167 11 49 247
0 29892 211 59 7 34 137
0 29962 58 19 190 32 20 49 70 30 39 20 73 81 4 1 115 44 106 7 6 106 44 34 60 59 116 13 24 53 48 95 87 47 3 131 24 88 154 53 33 21 6 37 221 179 94 2 29 120 17
0 30257 162 60 210 105 390 24 69 12 362 64 177 40 41 12 24 12 111 18 198 18 1 60 47 4 108 91 48 21 67 157 93 60 125 208 1 6 53 130 197 80 80 220 91 1 84 109 80 9 105 15 8
0 30293 562 7 121 51 196 8 69 205 3 69 117 7 285 5 302 134 240 62 14 4 10 166 270 25 201 157 34 13 26 7 9 73 21 79 5
0 30431 168 82 76
0 30526 17 29 203 15 88 83 25 36 235 48 51 27 175 37 88 69 107 53 29 31 46 122 464 42 26 18 61 48 24 120 29 70 17 43 106 66 27 55 131 113 36 2 6 5 139 10 8 30 35 13 47 200 40 166 249 49 131 108 24
0 30561 4 1 297 17 178
0 30619 15
0 30656 5 3 116 41 7 44 16 10 264 50 148 47 6 44 24 77 3 7 251 16 43 56 105 63 89 69 418
0 30664 128 25 67 15 145 18 75 83 72 6 605 106 19 24 396 96 70 3 69 284 2 45 1 31 8 16 35 26 88 57 131 8 11 125 159 73 100 11 171 1 188 14 109 27 53 23 335 147 42 27 8 23 40 151 82 40 152 29 71 46 34 1 55 12 129 39 70 129 19 60 161 39 368 1 26 176 2 45 6 5 70 23 269 19 134 1 112 5 148 5 78 29 78 27 86 54 44 53 324 33 53 82 239 56 107
0 31074 80 14 196 56 35 8 4 27 34
0 31077 271 95 65 25 163 177 36 74 80 30 31 26 116
0 31110 16 33 110 38 156
0 31118 77 63 30 9 2 73 79 21 12 194 21 215 260 43 7 7 8 78 27 156 113 26 137
0 31394 10 75 62 100 43 52 300 45 53 55 57 36 64 6 64 8 76 12 64 8 26 74 242 31 86
0 31436 66 82 55
0 31873 33 21 123 46 10 28 28 24 15 78 172 209 39 98 60 7 274 56 122
0 32062 100 4 284 39 53 30 19 37 13 75 75 10 75 1 89 20 11 42 108 40 53 4 46 48 13 67 91 26 39 25 4 113 66
0 32511 69 71 64 3 148 35 10 23 13 18 63 5 277 74 102 46 63 22 28 153 283 37 130 186 100 23 104 59 7 22 115
0 32514 147 204 116
0 32865 13 45 50 20 43 45 338 14 225 63 207 80 48 34 81 1 24 95 101 14 60 51 23 88 28 123 8 8 79 44 16 267 33 48 129 16 21 71 55
0 32947 3 10 424 11 73 3 24 7 55 73 65 11 52 25 95 13 33 101 179 5 21 27 111 14 14 131 37 196 127 25 56 6 72 54 3 14 227 11 171 32 29 2 234 46 12 37 52 32 177 168 102 43 2 17 22 31 77 93 5 63 93 20 38 3 125 16 6 10 121 11 73 49 26 52 11 95 85 18 307 324 7 55 203 1 21 3 102
0 33064 71
0 33082 31 61 67 13 127 39 82 22 27 147 258 62 180
0 33092 347 60 50 29 27 133 89 24 79 3 110 35 176 1 87 19 102 20 157 89 48 18 243 4 91 25 157 112 52 44 188 8 58 7 279
0 33215 97
0 33463 408 10 8 47 170 2 3 44 145 27 140 35 28 19 18 170 43 12 44
0 33766 146
0 33807 9 6 26 56 12 47 154 5 59
0 33956 37 55 45 3 54 32 116 205 47 104 54 9 106 120 126
0 34065 442 31 200 12 24 52 108 23 161 149 5 9 38 147 318 90 88 140 26 6 339 48 119 75 45
0 34337 218 3 424 71 6 91 126 55 93 177 244 155 35 48 171 33 1 29 184 138 347 29 164 1 51 73 286 67 59 63 16 34 56 77 65 128 25 27 8 73 77 2 182 49 76 8 38 26 225 41 12 166 311 5 20 20 10 105 2 60 134 3 65
0 34685 71 45 372 167 86
0 34731 240 23 3 53 186 22 68
0 35004 2 24 68 52 1 86 80 83 42
0 35041 12 158 48 47 252 15 75
0 35116 42 14 195 94 70 105 66
0 35279 108 39 49 57 53 79 224 4 102 58 9 163 200 44 173 14 21 106 61 17 40 130 154 17 41 58 46 86 1 13 9 11 266
0 35412 17 98 350 14 131 41 138 53 44 1 83 120 130
0 35950 63 107 24 98 218 17 170
0 36008 22 92 6 8 38 1 92 16 23
0 36052 140 20 89 34 3
0 36396 67 26 72
0 36414 141 33 18 18 57 39 85 10 85
0 36530 4 151 56 13 187 37 64 85 66 17 111 14 35 18 72 26 86 73 41 32 75 7 237 66 13 129 123 6 261 30 126 6 303 9 1 97 86 27 48 62 252 68 274 5 47 10 287
0 36641 110 13 85 30 114 317 16 12 107 33 142 25 51 20 166 48 56 113 104 26 4 24 293 14 203 64 98 10 42 13 110
0 36964 60 101 40 41 52 45 11 266 23
0 37096 327 119 151 15 369
0 37238 1 66 40 64 156 4 52 25 10 212 114 29 54 42 104 11 46 58 102 89 197 126 292 13 408 127 10 129 31 32 20 4 31 46 28
0 37266 81 72 38 20 92 64 87 110 110 15 113 12 418 29 416 17 151
0 37390 12 70 1 4 17 6 11 185 94 12 22 59 267 87 158 21 17 4 85 42 21 58 18
0 37925 124 16 105 11 41 53 32 18 36 60 37 67 238 63 50 51 99 39 227 52 28 90 29 16 262
0 38185 215 48 95 291 60 4 24
0 38221 4 23 18 81 133
0 38399 97 25 118 22 339 58 39 19 16 160 228 80 73 1 267 207 153 9 50 8 97 5 386 22 79 40 37 37 4 62 30
0 38717 42 1 205
0 38798 1 60 7 5 33 4 158 9 31 28 28
0 38832 21 26 148 15 2 11 74
0 38849 18 82 122 21 6 136 4
0 38874 196 25 207 48 12 26 4
0 38945 37 1 141 45 45 41 88
0 38991 47 18 104 83 48 105 25 51 89 19 7 70 97
0 38995 163 29 83 32 230 36 91 3 59 8 160 125 115 15 17 22 81 9 191 113 1 185 67 62 13
0 39409 302 21 126 26 16 43 117 42 80 1 16 3 81 52 276 115 276 54 36 61 91 7 33 40 9 24 58 10 133 54 92 3 322 162 309 72 21 58 184 51 154 7 197 151 9 319 192 191 263 98 39 13 23 60 99 120 96 9 23 44 312 22 55 36 124 71 121 70 87 65 65 142 9 54 56 9 110 29 46 129 57 45 79 3 70 18 17 69 81 66 178 45 201 14 228 11 52 11 175 27 27 6 28 84 61 8 40 22 70 72 2 29 24 87 276 10 148 3 20 68 196 24 69 24 138 127 69 25 56 36 69 68 139 34 158 2 304 47 184 76 70 107 112 5 66 21 99 47 11 20 535 25 276 13 122 67 195 35 93 42 20 48 24 76 359 31 1 18 154 6 58 9 14
0 39414 125 22 14 43 31 34 266 57 10
0 39515 32 47 193 54 111 16 20 3 14 1 115
0 39596 12 70 101 23 197 26 5 24 232 44 11 33 190 16 156
0 39738 19 193 86 102 67
0 39874 47
0 39925 78 140 99 7 260 54 205 12 66 19 34
0 40078 240 34 261 192 17 54 122
0 40251 93 70 2 29 77 103 44 38 159 15 141 224 141 30 142 10 38
0 40332 120 10 1 44 123
0 40379 3 34 120 29 119
0 40408 15 74 74 193 250 122 205 19 20 4 90 63 132 52 56 37 264 104 227 68 30 24 39 10 15 47 70 22 1 5 269 10 258 67 20 30 73 20 312 79 78 6 82 46 53 17 70 51 81 17 98
0 40412 40 27 139 44 90 5 183 19 190 75 139 110 162 9 227 322 19 1 53 28 40 60 316 15 5 84 17 7 92 107 84 9 249 6 38 45 515 55 41 99 7 40 23 32 38 105 79 20 15 20 29 2 190 58 2 90 237 24 157 154 66 51 37 58 5 5 48 16 37 59 142 140 50 19 69 67 161 86 7 173 317 3 14 29 67 9 24 11 110 20 119 13 89 66 7
0 40533 269 6 25 13 42 169 188
0 40572 4 56 334 1 444 1 73 6 128 59 3 5 210 75 49 61 161 76 25 4 142 5 340 57 426 13 73 40 8 36 5 153 120 44 240 90 60 41 29 22 201 3 156
0 40631 114 6 60 36 41 9 7 58 81 39 107
0 40655 30 12 12 15 19 18 15 94 96 7 6 22 151 6 19 41 56 115 3 2 141 59 85 61 141 16 8 126 66 46 8 7 20 61 203 154 238 4 30
0 40831 52 6 107 82 181 98 139 152 24 6 130 27 32 16 65 22 43 115 78 36 300 207 248 26 93 2 29 6 42 3 61 20 70 2 52 14 13 93 162 2 39 10 40 62 70 81 183
0 40866 320 66 88 30 109 51 35 59 84 11 187 58 83 141 76 18 6 38 88 85 9 65 83 7 23 18 77 10 248 57 62 33 17 67 259 186 193
0 41042 20 19 1 89 264 15 32 53 176 8 107 45 90 10 308 27 31 97 56
0 41368 197
0 41377 17 3 527 17 98 12 83 17 22 100 24 114 4 30 161 3 74 11 252 8 83 11 11 35 36 164 73 57 66 35 15 18 75 65 106 28 4 65 1 17 77 65 216 108 23 8 78 7 171
0 41402 46 17 132 2 10 2 32 20 261 105 131 27 42
0 41627 37 159 455 34 301 25 108 50 32
0 41686 4 53 74 132 20 13 6 170 44 4 40 6 55 76 132 4 15 26 118 21 111 1 32 13 100
0 42020 240 12 88 44 84 87 15 47 228 58 111 17 240 4 110 1 291 13 50 44 54 106 128 18 115 17 74 94 79
0 42076 15 1 169 3 174 20 121 98 27 122 51 50 35 13 30 3 121
0 42100 323 58 13 107 73 104 20 61 185 68 12 19 66 10 161 61 34 29 41 8 127 60 186 21 215 56 160 58 43 127 4
0 42211 54
0 42244 39
0 42287 39 135 47 4 72 65 111 14 42 80 38 4 300 9 313 3 175 20 112
0 42668 177 77 1 10 75 1 106 57 18 103 60 6 131 37 43
0 42672 13 52 10
0 42790 48 36 207 9 61 24 69 120 82 106 65 69 107 31 36 41 59 104 233 33 12 11 53 46 147 51 4 12 16 2 63 173 58 20 159 18 155
0 42921 25 32 111 68 106 68 249 63 13 18 23 92 249 17 109 108 16 23 169 37 72 32 13 103 3 85 164 18 35 11 26 28 156 65 120 45 5 11 71 9 28 20 41 41 4 126 98 42 96 166 11
0 43002 238 36 251 80 250 18 118 8 3 43 402 44 20 260 165 59 123 2 117 55 210 91 1 100 30 37 42 24 3 66 95 17 80 14 477 25 97 22 272 27 194 59 259 143 56 86 70 25 106 33 73 13 179 6 228 65 81 56 218 154 124 137 49 94 156 4 5 29 19 14 93 2 184 171 75 33 78 34 240 279 15 26 114 5 10 37 28 45 372 7 12
0 43045 51 41 266 3 95 126 367 19 135 7 19 13 186 75 28 2 65 29 143
0 43267 364 9 45 78 29 59 158 53 283 209 65
0 43310 39 78 111 130 73 65 24 16 89 8 76 79 7 2 134 129 169 26 270 9 215 10 113 26 49 80 13 20 32 62 96 27 303 62 247 52 43 48 161 81 2 59 257 28 24 79 41 12 1 66 184 28 7 8 207 79 28 187 2 34 41 80 113 175 41 17 130
0 43331 103
0 43453 266
0 43697 14 19 45 14 223 120 113
0 43698 15 37 16 72 52 30 31 27 35 32 36 12 24 31 39 45 121 4 63
0 43820 450 15 14 29 80 29 48 10 93 4 25 50 264 66 122 12 104 18 102
0 44196 17 32 67 59 13 13 19
0 44670 108 3 115 24 146
0 44691 32 10 434 44 17 47 176 26 4 11 1 62 39 14 56
0 44769 6 24 14 23 143 15 142 61 465 2 150 9 16 140 39 4 52 162 28 63 46
0 44921 64 21 42 12 307 3 18 32 292 23 192 8 2 11 158 19 209 12 29 58 139 1 79 32 209 47 11
0 44973 9 17 80 56 39 13 4 165 28 61 1 91 40 18 4 99 237 55 226 26 84 52 40 89 193 51 3 59 153 8 166 71 101 76 2 98 44 78 92 23 3
0 44990 3 5 56 5 200 20 153 57 327 30 72 147 38 22 58 64 115 54 6 3 42 26 90 107 70 54 14 14 120 55 165 73 42
0 45079 126 87 113 31 76 18 5 2 19 17 273 63 8 96 27 119 8 103 130 7 33 13 240 28 265 51 131 106 20 54 10 35 3 13 6 194 295 61 48
0 45126 20 60 106 3 193 43 173 2 31 41 360 6 359 75 31 9 140 48 75 5 55 196 35 38 43 75 53 10 194 35 92 72 26 36 3 4 8 89 42 3 34 30 61 80 48 79 35 8 92 17 46 24 37 222 8 7 116
0 45299 98 79 304 9 21 7 58 39 19 326 80 126 186 39 122 13 49 31 61 2 30 1 35 7 194 14 187 65 40 38 12 135 67 12 74 2 16 235 39 36 65 74 20 73 104 61 190
0 45493 69 43 674 57 104 226 247
0 45618 114 16 172 90 120 3 108 1 20 58 101
0 45787 133 129 7 107 192 14 7 20 9 2 20 98 10 22 194
0 45993 28 39 58
0 46012 47 161 77 107 4 22 86 44 55 93 97 12 15
0 46048 48 13 51 10 111 2 151 8 13 57 54 17 87 2 80 69 91
0 46236 75 7 17
0 46312 99 8 42 44 524 13 14 35 46
0 46386 116 8 6
0 46630 24 10 180 95 54 36 167 29 126 60 15 10 29 33 3 40 25 76 70 59 46 5 8
0 47075 26 6 53 22 102 2 112 95 467 47 125 46 28 45 10 38 96 86 23 102 288 1 217 108 26 23 75 39 184
0 47184 53 8 71 139 20 58 25
0 47227 19 87 88 11 142 12 26 26 3 6 125 40 6 45 116 75 112 75 45
0 47245 179 1 294 16 123 9 26 4 25 23 128 11 24 24 8 43 90 12 769 18 106 17 17 121 57 109 70 14 169 36 188 19 139 71 33 84 10
0 47478 23 68 55 9 38 5 24 61 16 13 60 42 77 12 33 37 76 11 84 8 276 25 402 160 30 5 51 35 5 88 1 12 5 50 16 60 12 53 128 16 13 16 154 21 79 70 57 20 39 35 113
0 47762 11 25 588 1 250 55 25 81 70 19 36 10 54 4 93 16 66 36 536
0 48349 20 24 225 69 116 17 219 15 3 5 82 28 4 13 314 24 129 122 26 6 39 14 28 9 87 36 111
0 48812 130 50 54 49 66 18 134
0 48913 7 183 67 321 179 3 43
0 48942 211 60 75 72 23 78 65 43 87 59 164 64 214 11 141
0 48989 39 31 28 10 206 4 20 53 77 112 84 39 71 98 402 63 61 22 53 24 116 3 14 25 25
0 49275 74 25 254 28 11 6 96 96 60
0 49294 88 50 240 95 318 9 37 2 175 82 119 9 24 136 55 7 92
0 49310 32 25 39 16 260 13 120 4 69 2 29 15 158 30 198 53 536 151 9 20 81 21 133 11 67 1 173 16 124 104 168 2 50 41 5 101 263 15 149 40 195 86 11 252 140
0 49388 35 19 241 57 36 129 113 3 43 24 57 95 10 71 103 30 31 27 184 8 74 24 44 99 29 132 830 12 21
0 49541 11 24 112 42 27 70 6 9 174 1 14 9 12 16 45 19 324 78 120 37 251 10 8 15 63 56 217 1 65
0 49693 179 45 18 11 21 76 238
0 49697 45
0 49794 51 58 241 18 18 349 104 12 62 9 189 39 2 34 157 46 1
0 49849 41 36 71 47 116 2 26 80 216 48 37 210 255 51 86 18 173 74 81 37 100 13 138 29 86 83 235 163 96 20 2 33 48 18 308 48 90 1 137 55 15 53 259
0 49918 108 117 90 55 97 3 104 99 39 83 121 6 174 49 10 26 472 111 672 38 76 15 69 131 100 28 92 137 195 46 59
0 50132 45 77 35 3 110 100 101 85 191 39 28 36 121 4 185 60 4 110 95 84 231 66 98 12 10 30 259 75 103 52 32 16 206 108 63 23 2 1 64 6 42 34 104 2 131 29 312 97 150 74 134 74 149 117 10 15 75 107 19 104 41 35 74 17 86 25 336 16 220 34 196 205 54
0 50145 1 35 31 120 503 94 268 52 12 51 398 249 22 70 215
0 50476 24 7 43 54 487 182 106 36 58
0 50639 404 127 355 17 58
0 50713 28 24 19 55 44 96 188 73 39 16 129 19 30 27 84 25 87 18 64 28 125 82 65 39 170 110 103 145 405 151 12 76 44 108 277 86 11 116 40 51 117 73 22 78 59 65 36
0 50787 87
0 51106 21 139 10 92 29 43 172 58 39 16 378 13 30 7 277 54 56 82 161 38 208 28 179 118 28 115 220 112 97 10 80 14 130 12 69 160 6 4 235 28 46 108 122
0 51231 153 6 237 49 153 15 19
0 51249 97 38 249 7 128 33 59 234 67 105 106 5 14 6 237 84 83 21 345 5 135
0 51433 38 22 10 20 2 52 77 73 153
0 51536 20 21 94 74 22 30 151 48 21 5 1 297 150
0 51907 203 94 17 148 19 30 136 50 11
0 51930 266 51 46 52 10 31 185 185 85 13 68 167 37
0 52495 269 18 17 84 189 4 23 122 147 2 82 48 167 14 5 26 10 14 59 29 94 10 7 86 21 110 13 48 124 61 23 114 450 11 78 40 96 103 3 102 168 9 18
0 52563 55 17 28
0 52627 16 51 302
0 52683 36 4 48 4 10 46 70 105 4 104 2 30 37 196 203 40 3 17 252 67 644 145 15 74 93 82 58
0 52758 33 52 21 14 41 131 172 46 76 49 262 176 49 39 80 116 7 48 154 26 76
0 52872 41 60 20 54 59 12 5 12 14 57 141 46 5
0 52922 37 2 242
0 52978 38
0 53115 34 40 80 9 4 1 123 108 382 40 61 29 8 12 429 16 87 110 21 78 58
0 53526 10 126 259 23 137 23 63 35 318 31 4 66 155 56 77
0 53956 90 46 17 39 28 14 156 18 14 5 60 90 5 7 49
0 53970 1 74 234 35 94
0 54042 11 10 180 3 13
0 54054 263 8 26
0 54183 140 26 56 3 41 42 108 152 153 24 44
0 54190 12 32 41
0 54196 28 243 88 29 88
0 54225 25 20 179 5 49 26 29 12 3 27 32 36 276 71 7 173 91 3 199 104 30 75 21 2 97 50 209 144 283 205 111 31 69 19 146 12 709 3 17 165 549 74 94 93 11 95 6 229 185 3 11 85 4 71 214 32 96 8 259 38 84 27 262 13 179 181 97 45 382 19 39 18 19 1 23 41 4 112 23 60 15 58 24 80 25 10 37
0 54385 12 138 176 28 228
0 54443 59 7 343 63 56 83 11 54 4
0 54509 55 105 103 71 5 117 76 182 27 48 151 15 35
0 54546 323
0 54648 124 45 74 116 98 14 272 8 148 10 33 45 137 36 70 13 174 91 373
0 54716 38 5 22 75 12 23 31 67 235 10 92 8 153 211 66 115 13 7 43 5 199 204 67 47 70
0 54873 86 44 81
0 54902 44 7 61 44 172
0 55106 210 24 19 40 92 24 4 66 96 12 92 62 126 74 33 30 230 218 7 40 14 35 46 13 78 54 65 2 183 4 49 112 65 76 25 44 203 7 18 18 106 159 33 39 32 37 113 105 231 12 15 10 132 6 15 38 24 89 63 37 99 58 70 23 205 57 18 1 128
0 55164 6 21 162 7 36 136 190
0 55405 166 135 165 116 204 93 105
0 55837 29 48 117 283 52
0 55960 8
0 56031 25 59 25 25 45 105 87 73 45 41 297
0 56530 78 63 29 99 107 7 191 76 93 7 250 71 117 71 2
0 56555 138 25 138 9 5 201 125 7 22 34 303 2 629
0 56602 140 20 80 55 78 83 30 27 68
0 56692 4 9 34 26 68 126 55 63 155 50 129 29 77 34 77 21 57 114 1 41 49 7 74 11 67 15 143 45 41 148 26 6 154
0 57204 16 3 163 2 406 91 39 16 7 18 22 49 85 72 32 96 35 55 201 196 157 24 280 73 106 41 21 95 113 23 49
0 57252 154 1 181 18 97 174 31 60 156 65 3 20 30 121 103 104 36 39 79 4 154 57 107 33 180 25 80 6 78 1 50 29 67 145 100 82 33 104 100 29 153 39 77 37 82 46 28 122 115 2 116 6 50 5 113
0 57572 4 193 10 8 204 87 80 4 175 73 96 76 26 47 106 83 4 3 4 113 148 6 99 5 228 14 153
0 57625 14 19 170
0 57639 166 125 90 28 148 105 100 40 188 48 101 1 29 15 160
0 57663 82 27 42 26 73 86 48 40 75 7 28 16 212 136 236 2 101 72 162 58 18 13 165 1 125 226 148 11 114
0 57782 18
0 57802 6 51 267 29 170 25 24 38 37 128 49 16 88 22 61 49 250 72 211 71 146
0 57944 64 53 33 31 26 53 47 2 80 96 162 41 43 18 7 66 30 4 32 127 95
0 58171 80 6 33 3 123 22 15 4 232 109 30 6 77 17 85 11 102 187 134 74 85 26 41
0 58320 160 20 94 91 197 55 71 164 9 23 16 19 390 30 102 109 25
0 58394 83 40 28 46 246 11 13 25 1
0 58416 219 63 89 87 55 125 68
0 58911 127 78 44 23 194 47 111 232 74 30 15 28 24 25 58 82 83 51 17 20 210 210 219 182 101 27 54 38 45 58 3 6 22
0 58916 24 83 94 3 115 45 90 28 219 70 220 28 16 39 135 20 10 44 58 11 339 53 11 25 65
0 59068 54 160 134 23 506 5 247 29 28 4 12 2 29 93 234 75 210 17 33 44 23 30 78 12 151 58 129 32 15 8 106 11 83 28 72 90 12 12 71 36 83 22 4 4 33 207 228 58 7 48 24 66 91 109 13 17 75 22 155 36 1 55 6 49 64 19 99 1 21 88 509 23 126 1 21
0 59128 18 87 91 12 261 33 50 84 78 66 174 52 85 20 164 33 81 46 164 38 94 36 68 120 122 55 4
0 59196 50 81 12 9 24 42 23 21 271 70 28 12 32 12 16 45 14
0 59292 10 49 65 92 11
0 59387 8 73 112 76 22 29 300 13 22 53 197 58 64 30 46
0 59412 113 68 31 48 136 27 182 3 350 118 203 63 8 60 9 177 8 21 233 26 5
0 59537 39 41 250 18 20 73 1 22 167
0 59561 169 7 21 4 18 14 19 19 80
0 59641 18 96 15 2 104 150 16 12 260 91 205 32 26 30 92
0 59689 166 69 381 54 67 34 240 14 73 12 11
0 59792 87 111 18 29 29 91 4 6 60 57 83 46 98 32 217 50 164 101 132 127 41 99 355 59 139 139 9 72 92 216 87 30 114
0 60103 104 22 17 26 190 39 206 46 29 75 9 7 134 42 66 23 23 51 6 370 268 105 176 115 25
0 60216 100 36 53 14 23
0 60261 10 23 187 7 259 76 84 10 99 19 33 37 80 2 100 28 1 66 41 69 50 23 177
0 60469 44 144 3 11 245 41 36 26 180 6 6 4 11 39 189 53 47 88 81 9 28 85 80 25 51 26 46 57 9 51 62 10 85 20 68 73 505 3 26 122 125
0 60488 28 1 54 68 128 21 147 37 6 7 38
0 60506 190 4 44 13 60 30 64 9 121 95 139 18 31
0 60585 29 165 222 11 253 88 3 66 59 8 29 5 188
0 60638 6 67 26 176 107 35 103 66 70 50 29 117 30 1 29 1 32 73 200 3 76
0 60722 40 101 127 71 49 165 48
0 60796 130 203 174 159 75
0 61241 209 11 188 33 296 78 7 17 33 1 144 38 179 29 59 8 25 116 30 36 133 14 58
0 61491 120 43 32
0 61693 81 19 85 20 103 26 89 30 177 102 309 38 249 59 2 3 29 207 92 1 40 51 4 5 105 135 138 44 40 114 115 5 222 7 71 14 137 187 236 159 67 20 204 46 671 59 250
0 62180 2 57 193 79 19 7 120 55 73 162 21 31 51
0 62188 153 20 37 29 62 41 7 14 143 47 23 20 170 79 33
0 62276 6 40 137
0 62856 21 24 83 32 113 48 17 61 65
0 62944 95 62 61 38 94 9 13 1 58 257 201 28 108 26 25 36 100 158 27 6 12 14 3 39 321 59 76 29 19 11 95 10 10 1 4 17 110 16 58
0 63126 228 20 77 9 86 131 73 6 55 90 21 24 151
0 63356 123 72 153 11 271 1 190 48 1 73 63 289 77 87 37 100 1 10 420 18 45 63 13 14 15 34 2
0 63391 177 68 126 11 23 11 69 42 16 12 21 94 110 12 93 72 25 50 15 43 240 63 16 85 31 119 283 21 40 32 9 59 11 45 42 10 155 47 29 192 36 26 208 46 154 87 69 21 97 129 75 24 88 57 11 5 45
0 63632 24 36 96 14 280
0 63740 288 27 186 15 256 42 53 36 18 20 380 2 124
0 63748 39 99 60 67 36 8 71 13 82 29 42 5 46 62 110 63 13 2 100 52 34
0 63886 106 22 33 154 88 10 37 52 141 105 10 41 3 27 297 11 177 17 167 77 270 6 63 1 60
0 63974 176 2 89 65 202 71 32 60 45
0 64187 1 30 156 6 8 2 56 66 185
0 64420 143 21 152 13 408 29 98 23 47
0 64600 29 102 156 43 72 7 186 51 96 26 8 96 187 65 111 97 145 39 374 53 73 5 23 54 36 23 2 1 114 37 38 26 15 173 5 35 82
0 64615 101 71 287 31 58 22 155 157 13 30 95 81 40
0 64978 2 1 137 48 170 6 203 27 43 41 57 28 17 23 52 2 567 84 200 82 22
0 65233 196 92 76 33 60 69 183 46 66 51 19 53 15 58 11 49 19 151 62 28 32 43 71 62 60
0 65275 113 53 1 42 53 49 167 21 106 57 23 20 107 4 35 76 21 44 311 38 5 34 13 45 186 9 15 71 172
0 65722 279 72 27 13 2 83 99
0 65812 14
0 65980 12 158 73 141 186 30 43 269 94 10 6 30 42 139 97 118 89 39 10 40 52 164 82 131 15 18 46 36 137
0 66395 32 27 327
0 66679 172 29 47
0 66944 95 12 13 2 214 52 25 37 18 9 13 27 8 14 36 16 9 37 186 71 249 28 52 30 11 57 67 4 62 7 113 72 87 101 1 4 49 37 3 72 129 162 34 5 153 9 37 34 255 37 191 33 13 93 120
0 67118 239 46 84 51 179 11 17 4 109 8 90 43 215 30 10 45 37 37 24 91 33
0 67176 267 19 110 36 15 128 29 11 5 242 92 71 127 2 1 16 43
0 67236 4 5 5 52 3 10 65 4 125 35 201
0 67394 117 28 4 29 315 29 2 70 280 30 16
0 67418 31 187 65 52 91 8 25 35 77 89 22 201 134 11 83 14 161 27 2 44 26 98 46 7 52 42 89 13 24 219 265
0 67446 33 3 15 47 4 43 209 167 105 250 268
0 67626 138 47 27
0 68145 48
0 68915 244 148 73 1 132 63 1 7 27 25 101 61 33
0 69042 145 48 119 3 129
0 69298 5 46 95 36 61 13 206 6 8 17 23 6 187 11 82
0 69719 12 33 90 25 16 82 115 141 8 61 305
0 69819 87 8 30 8 52 44 5 262 159 4 20 98 36 16 150 9 79 77 40 58 38 78 122 25 22 240 12 49 1 39 160 16 38 5 87 1 7 113 26 30 137 18 55 57 159 11 24 92 33 44 175 49 135 39 55
0 70034 118 21 14
0 70326 98 44 100 96 498 99 33 103 73 44 14 3 62 20 115 114 407 1 139 47 138 91 133 58 22 3 113 120 202
0 70522 118 17 142 12 19 41 337 85 68 46 17 30 107 73 6 32 24 45 64 97 246 58 139 12 22 1 138 16 139 27 467 1 42
0 70716 91 2 95 16 3 64 59 79 32 57 114 5 77 34 13 41 20 14 44 107 18 12 259 5 105 2 145 10 259 188 30 6 108 81 31 46 113 11 123 28 56 11 108
0 70927 102 26 144
0 71062 115 63 15 20 11 28 67 13 121 2 45 17 209 36 20 27 11 7 473 7 42 105 67 24 194 13 45 20 75 66 84 14 18 83 203 12 1 76 17 62 19 122 20 18 198 10 144 134 20 7 318 41 68 75 58 26 207 61 5 36 66 31 103 73 63 8 28 22 451 27 2 11 119 38 1 44 37 63 485 23 26 122 211 65 95 60 110 31 170 46 44 10 12 66 28 42 30 64 55
0 71578 79 2 60 2 168
0 71694 187 15 174 51 16
0 71722 152 98 75 9 17
0 71735 31 19 35 85 108 29 41 30 41 16 65 27 82 18 9 8 5
0 71835 123 13 233
0 71889 53 62 123 7 319 4 42 20 7 12 56 30 139 36 291 12 36 4 242 33 73 82 7 66 48
0 72050 53 3 6 37 31 54 76 91 25 107 90 30 67
0 72411 8 214 60 25 52 15 434 40 3 197 95 67 215 18 21
0 72530 208 16 70 20 69 193 126 16 69 31 7 21 8
0 73015 238
0 73129 82 130 158 43 42 58 116 333 35 98 427 52 116 52 266 13 27 22 20 16 223 67 5 9 5 107 58 49 57 149 57 52 6 68 177 10 6 113 224 4 7 44 81 24 22 43 1
0 73137 17 59 36 71 37 150 183 182 295 44 61
0 73627 90 43 42 29 37
0 73850 3 63 88 16 10 73 244 29 20 64 36 7 70 23 2 16 35
0 73941 292 7 22 5 21
0 74001 137 33 78 28 338
0 74064 85 134 22 18 8 31 40 77 122 33 133 54 57 5 12 21 213 1 192 79 373 100 102 10 361 3 74 26 36 29 47 67 327 77 240 52 78 97 97 90 116 6 47 85 39 61 36 88 53 82 121 27 15 30 87 10 353 76 19
0 74270 13 43 135 33 229 15 385
0 74547 76 53 161 34 308 97 7 55 25 38 41 84 24 3 27 68 42 26 162 242 116 50 62 243 37 81 8 11 2 74 60 38 99 39 20 1 45 18 7 49 128 28 15 32 102 9 19 1 442 86 22 160 4 86 39 80 51 69 78 5 64 34 165 8 261 5 141 18 27 35 10 57 96 112 51 45 233 49 80 12 10 2 84 171 33 112 2 11 159 44 41
0 74549 31 66 3
0 74746 46 39 461 13 67 9 40
0 74776 91 111 7
0 74918 122 36 138 21 32
0 75285 22 109 64 38 106 9 167 92 194 1 89 4 30 6 25 53 125 88 55 52 292 4 42
0 75453 93 2 232 59 69 10 15 98 4 182 13 11 151 45 13 8 132 35 112 4 109 21 149 38 184 71 371 103 37 22 33
0 75703 42 68 63 18 9
0 75737 56 46 70 31 78 11 89 228 80 25 107 118 8 56 182 178 31 14 68 20 444 4 175 32 40 8 373 60 21 67 43 23 9 37 31 9 97 3 27 2 45 73 17 28 18 2 169 21 187 75 5 10 43 91 69 20 13 16 2 3 95
0 76087 7 13 90 10 129
0 76143 18 69 72 49 40 45 55 60 20 123 15 67 103 61 5 109 4 40 48 5 245 2 144 23 240
0 76370 95 31 55 7 387 2 195
0 76454 250 50 80 26 93 18 110 67 46 15 3 8 249 14 3 16 85 44 148 4 120 1 26
0 76515 118 31 50 57 17 156 67 6 14 13 69 228 256 24 166 33 28 46 27 50 9 30 108 11 176 6 59 16 192 51 99 62 126 6 174
0 76601 31 35 77
