0 0 480 8 72 69 194 25 171 69 42 148 32 39 216 19 373 70 168 118 22 161 308 76 130 7 43 120 109 65 25 9 109 46 106 13 40 26 14 24 97 66 82 44 14 1 117 21 91 7 41 21 48 26 74 88 30 57 82 58 154 13 256
0 75 42 10 1 19 84 10 85 3 226 65 19
0 182 151 30 18 128 364 7 174 10 33
0 411 262 21 14 57 8 253 277 34 18 110 81 13 181 78 57 27 159 78 4 12 76 38 93 108 37 38 59 23 24 6 4 84 47 15 192
0 501 3 12 26 45 265
0 551 315 2 14 44 145 32 54 15 68 3 127 64 97 68 206 91 124 72 66 60 26 7 115 80 128 23 3 76 58 18 71 3 46 16 38
0 566 14 20 126 42 3 51 67 126 288 43 83 18 79
0 687 26 48 14 66 227 37 146 161 261 10 43 45 295 26 4 170 66 109 125 6 152 59 63 15 124 3 132 10 48 4 22 32 118 137 17 71 44 77 17 12 10 35 120 91 11 19 6 150 118 2 181 19 45 9 12 110 289 69 32 44 216 27 161 111 179 93 26 28 167 13 60 94 48 74 101 16 340 45 28 7 75 49 240
0 743 309 3 2
0 1053 160 18 10 27 19 21 39 129 76 3 74
0 1368 76 37 16 22 155 1 72 23 242 187 50 218 88 16 148 26 5 41 22 80 251 85 42 120 38 5 9 37 5 72 94 17 5 54 124 198 210 69 32 4 260 56 189
0 1526 82 39 25 46 80
0 1540 237 82 115 32 63 23 34 54 79 39 448
0 1579 124 5 122
0 1837 57 2 132 41 117 53 120 47 117 2 9 242 150 37 94 26 32 181 4 3 93 29 21 40 311 19 31 1 29 2 20 14 116 46 245 91 52 2 41 31 123 48 82 77 130 131 76 27 102 19 77 13 55 51 25 25 93 15 17 9 80 28 4 133 154 20 48 9 17 40 4 51 238 4 218 36 47 21 197 20 86 39 105 147 383 94 177 4 65 121 59 10 9 5 157 36 161 7 236 3 280 35 11 17 65 4 7 11 7 26 26 51 4 28 60 23 11 13 134 56 25 3 26 84 26 2 129 18 86
0 2271 84 128 105 100 52 69 64 91 30 27 10 64 89 12 48 77 316
0 2368 1 20 69 18 48 15 66 30 170
0 2460 78 57 35 6 147 9 86 70 7 44 174 81 120 11 397 86 69 201 21 47 23 9 57 9 88 3 241 35 29 53 46
0 2637 36 33 20 47 503 57 474 46 52 10 2
0 2841 52 91 282 73 23 120 40 30 20 47 187 26 96 31 220 39 105 38 122 47 66 56 322 43 7 34 15 36 69 14 86 34 88 13 81 29 550 111 216 40 16 40 212 44 288 42 63 130 329 142 46 71 63 20 14 29 192 4 78 90 241 11 201 49 9 5 121 16 101 28 7 15 50 85 84 1 189 135 2 3 52 5 230 22 37 63 65 153 78 103 35 99 116 46 133 51 17 240 49
0 3142 142 28 117 43 85 15 156 40 92 7 157
0 3228 114 62 174 8 51 2 185
0 3343 158 70 247 106 208 145 92
0 3938 246 2 57 39 65 62 62 40 94 105 120 114 71 39 25 31 19 69 52 5 150 28 46 106 58 12 26 18 203
0 4379 155 39 394 15 119 59 73 70 38 24 232 6 36 26 74 27 37 39 252 36 20
0 4476 51
0 4576 49 51 65
0 4618 62 14 44 2 113 4 92 46 303
0 4741 63 31 160 12 157 182 11 5 226 114 84 29 22 35 130 17 99 100 243 17 189 71 162 23 67 34 115 44 1 38 13 5 8 11 306 174 4 14 12 8 107 82 47 2 24 119 6 22 10 68 73 6 29 22 128 83 3 121 377 34 117
0 5199 32 15 215 13 36 28 10 50 88 3 99
0 5678 272 33 14 6 181 51 52 14 22 19 29 10 71 24 56 23 14 16 16 8 16 24 47
0 5689 23 66 98 10 44 226 204 108 27 63 218 2 17
0 5740 48 3 6 43 260 41 43 23 28 139 96 6 36 3 11 4 162 39 41 50 1009 9 25 37 22 10 4 7 47 6 148 72 132 33 217 13 124 49 1 3 85 45 301 82 143 25 303 92 10 3 71 25 33 19 191 48 55 19 306 122 173 51 213 17 8
0 5849 36 12 136 131 164 59 2 6 22 23 212 30 16 18 120
0 5958 102
0 6138 211 40 313 17 126 35 156 80 356 125 257 122 2
0 6434 67 39 184 30 55 222 39 1 71 52 14 55 16 7 337 22 254
0 6488 33 27 47 115 12 121 11 47 109 55 233 1 121 69 118 99 112
0 6528 4 49 5 30 49 88 120 72 7 68 70 19 115 5 24 23 42 51 112 230 101 36 107 22 104 2 79 28 43 38 45 11 16 36 267 51 240 35 47 53 71 3 307 27 134 99 9 17 101 6 13 11 30
0 6529 64 23 20 82 10 4 70
0 6629 210 11 9 4 177 26 28 3 149 4 32 35 94 6 49 43 7 23 109 95 42 59 25 6 57 79 16 154 93 59 22 27 92 3 205 21 3 128 97 159 103 19 16 44 171 80 434 44 74 8 7 25 60 26 101 9 33 96 118 9 36 160 393 51 99 47 161 10 180 42 6 5 163 40 56
0 6868 33 11 136 1 221 73 50 12 266 6 19 88 268 11 290 24 43 47 1 19 13
0 7129 8 60 107 346 138 74 164 62 113 13 168 7 36 7 44
0 7485 97 130 10 128 127 17 10 24 142 60 127 19 51 11 301 12 75 56 84 111 37 83 72 20 380 40 12 108 134 23 21 20 11 162 50 8 145 10 108 86 197 10 106 15 215 33 91
0 7546 28 52 326 11 425 15 98 5 88 34 18 80 37 50 174 10 16 19 152 36 46 152 11 16 68 1 57 209 93 33 65 150 68 2 99 88 46 170 4 6 68 50 209 30 234 27 144 116 12 30 10 40 183 65 109
0 7561 25 171 101 2 73 29 70 82 88 23 203 10 29 21 87 19 419 92 12 51 33 1 310 8 94 85 12 19 105 27 316 11 350 5 14 29 98 7 48 25 146 48 43 73 34 63 60 119 212 91 324 35 163 96 29 19 150 126 208 96 5 22 22 68 115 57 21 9 124 31 64 4 26 7 6 111 30 281 69 51 64 90 97 3 7 3 144 165 71 48 278 64 167 38 136 58 8 9 36 75 422 54 103 23 153
0 7600 10 99 26 10 16 268 55 4 104 37 28 58 44 30 90 6 56 59 21 13 54 3 62 17 6 32 17 33 133
0 7758 45 29 25 29 112 37 36 37 259 180 22 33 136 44 14 41 47 5 117 9 58 42 161 30 10 3 149 90 28
0 7911 136 26 65 131 111 9 109 40 32
0 8181 7 6 167 73 9 137 131 279 174 38 42 137 25 26 343 42 16 39 16 7 36 72 14 31 52 19 49 104 27 19 6 9 121 103 151 33 11 145 16 31 8 43 18 80 67 104 108 63 130
0 8411 23 25 81 72 143 34 79 28 132 30 15 74 28 11 31 53 55 80 157 88 211 46 223 91 40 150 139 4 213 5 99 117 188 19 176 107 104 17 28 72 24 21 182 107 41
0 8427 231 21 61 12 143 5 23 91 121 25 30
0 8439 188 1 11 23 120 33 32 41 18 14 233 40 5 104 5 58 44 89 48 5 25 3 21 29 247
0 8465 48 32 126
0 8585 20 35 71
0 8671 1 142 130 26 62 1 19 20 203 5 73 127 40 26 118
0 8800 615 112 7 55 254 183 649 127 6 72 211 6 22 212 175 54 224 89 254 25 70 3 51 10 66 59 104 149 9 15 131 46 62 169 16
0 8972 63 71 100
0 9310 33 27 82 81 3 1 7 64 64 41 103 53 267 13 85 65 98
0 9444 120 43 6 26 160 2 34 106 51 54 214 29 234 11 160 14 339 8 210 24 154 150 124 177 173 20 144 36 148 13 70
0 9907 209 23 62 48 58
0 10011 156 67 46 30 85
0 10122 86 27 573 4 19 20 94 8 104 18 38 88 60
0 10142 69 10 172 11 101 3 125 73 9 232 37 24 5
0 10422 171 160 51 21 29 12 150 13 71 18 307 38 163 1 302 11 72 19 99 3 83 22 112
0 10451 66 29 112 79 3 52 52 22 16 130 231 51 4 29 152 13 95 6 115 1 559 64 102 62 73 42 137 40 9 21 31 121 11 132 44 82 122 171 69 3 80 2 30
0 10651 54 128 180 44 33 223 182 12 74 109 189 203 3 117 41 46 48 24 227 76 34 31 153
0 10732 471 5 11 65 136
0 10920 48 38 8 7 206 15 60 125 48 81 321 38 16 20 19 8 63 103 84 26 240 131 253 34 64 67 17 33 173 26 133 32 4 5 179 9 10 50 20 26 2 93 23 86 62 64 6
0 11178 59
0 11202 384 132 121 19 33 6 68 49 380 56 74 82 516 46 196 32 120 65 92 36 78 16 50 37 75 1 109 23 135 10 453 116 189 40 107 14 240 87 321 38 213 26 104 15 273 60 122 73 6 92 273 22 55 40 156 63 155 1 76 18 44 22 17 2 126 59 41 45 489 5 62 16 132 3 147 74 288 3 282 2 54 39 102 20 101 8 11 37 102
0 11293 12 50 53 13 37 37 32 42 244
0 11544 86 16 357 12 144 55 19 170 95 7 61 27 32 25 15 24 143 3 161 286 22
0 11684 33 30 15 7 95 123 237 70 34 32 178 15 34 1 151 59 41 156 100 4 22 48 68 38 110 30 73 118 169 26 50 139 175 77 3 63 13 32 70 114 275 1 262 51 77 144 262 55 126 21 234 25 296 2 49 3 403 90 103 22 354 71 241 49 107 42 34 30 23 76 28 19 58 13 25
0 11728 217 45 111 69 68
0 11743 125 5 89 64 77 54 42 26 50 31 155 329 12 16 5 25 59 8 266
0 11748 193 21 46 16 6 85 49 77 286 43 249 14 52 49 153 66 302 46 76 69 186
0 11753 73 55 49 53 3 2 62 8 9 21 51 40 109 117 62 29 157 68 3 31 3 77 81 30 46 42 96 1 166 22 44 78 140 4 208 87 47 124 376 29 282 115 166 65 162 52 83 36 62 27 41 12 114 43 118 72 10 156 29 81 6 56 170
0 12172 1 16 96 6 20 13 98 174 361
0 12219 70 4 8 81 95 8 392 87 48 17 95
0 12233 22 49 88 37 23 40 12 36 416 29 153 11 52 9 179 122 180 4 80 40 84 72 83 92 37 3 119 63 53 26 56 3 26 3 20 131 121 6 55 28 94 53 33 23 172 105 16 30 70 47 303 28 70 27 5 25 8 5 122 64 98 9 31
0 12317 25 5 1 13 11 65 137 113 340 57 150 5 108
0 12320 208 8 8 17 115 16 87 18 61 6 31 10 8 63 48 33 42 37 45 8 34 20 371 21 211 1 165 157 31 26 37 115 16 118 25 10 22 59 1 71 62 4 94 9 2 56 11 97 124 72 133 10 39 165 77 117 55 125 121 151 4 12 20 40 57 16 12 38 65 7 31 84 85
0 12385 146 60 95 38 98 68 7 126 89 20 28 26 32 18 75
0 12593 26 17 7 7 112 23 184 136 85 15 35 11 62 51 26 17 60 50 29 150 103 240 26 75 169 10 129 98 83 106 1 150 71 2 83 27 148 81 18
0 12792 58 9 62
0 13440 18 25 6 2 29 29 47 180 55 62 315 54 85 34 9 128 10 58 57 28 200 75 1 66 211 90 21 30 52 28 13 13 79 60 47 26 14 91 113 147 166 75 5 77 249 22 49 33 188 78 102 56 89 43 105 7 101 7 22 21 137 71 748 32 150 46 22 72 79 355 44 16 92 106 17 23 231 19 153
0 13596 24 22 6 90 124 116 29 97 31 23 98 110 207 2 3 3 34 23 18
0 13608 144 103 67 84 6 73 41 25 104 17 138 58 10 2 73 29 533 39 346 7 23 79 118 5 16 29 43 1 12 21 22 150 98 53 73 90 54 220 63 39 3 62 397 54 139 52 242 31 97 38 230 20 223 127 76 1 338 92 169 63 132 79 62
0 13609 13 9 83 13 259 159 106 31 120 53 61 64 15 35 27 40 22 76 136 24 99 135 13 14 88 13 121 25 355 131 205 48 43 62 6 29 332 10 180 5 107 57 115 31 161 1 88 41 64 123 25 49 30 32 143 42 2 71 161 15 163 107 435 19 7 80 20 150 151 56 231 176 241 4 256 12 15 72 65 38 592 2 78 13 41 96 21 21 95 6 87 103 57 41 121 107 11 21 22 67 51 135 17 51 55 33 102
0 13639 22 7 237 11 128 56 19 13 46 200 330 19 120 135 144 13 38 8 6 1 83 54 36 34 55 24 400 69 28 21 128 9 128 19 34 33 22 15 214 3 60 63 40 6 29 94 37 191 15 8 153 214 48 32 40 182 152 7 36 16 56 1 2 24 154 168 41 109 26 20 81 129 90 79 64 96 84 32 178 34 30 28 136 3 491 17 102 73 49 12 101
0 13697 151 46 33 10 364 138 137 25 33 56 48 33 99 46 55 42 46 1 27 8 6 7 51 67 7 23 223 4 65
0 13787 4 84 59 102 86 16 91 76 82 8 188 1 41 1 25
0 13910 14 29 52 58 20 52 8 9 1 20 143 7 174 3 48 33 75 216 40 28 18 4 43 43 2 90 53 46 135 57 102 81 10 36 15 48 228 85 226 27 82 81 135 44 60 32 21 31 353 51 209 145 214 15 643 15 176 96 57 75 79 83 26 16 59 43 590 13 79 33 86 84 202 22 362 62 46 237 36 6 73 33 225 33 60 22 26 51 37 8 77 43 20 123 58 59 62 14 151 18 9 39 16 60 38 4 55 69 20 10 71 44 146 18 36 3 126 15 69 26 25 68 70 16 181
0 13934 194 6 481 30 36 92 4 47 77 27 376 10 267 4 75 124 276 65 159 10 18 61 22 42 100 93 84 24 47 76 12 1 14 79 13 26 169 28 47 84 31 106 123 3 137 7 115 11 34 13 10 50 251 11 106 159 150 61 122 55 62 13 30 18 26 29 146 190 32 176 201 54 235 3 56 19 55 63 109 168 26 43 58 119 35 33 62 74 207 41 308 64 44 34 20 169 34 64 38 12 176 39 69 31 49 27 2 94 117 28 69 52 70
0 13979 164 61 89 15 119 2 96 51 67 32 47 49 7 8 125 1 157 49 184 133 95 53 74
0 14052 162 157 4 17 231 21 41 15 188 29 5 18 14 2 106 25 57 78 168 14 177 43 158
0 14082 24 82 66 2 8 69 10 73 53 3 191 28 44 21 22
0 14196 24 41 169 53 146 38 2 55 16 53 54 55 66 144 12 71 27 45 167 16 38 24 203 86 76 60 122 39 72 65 11 65 85 49 134 139 20 9 24 5 16 1 1
0 14204 154 3 196 45 386 5 57 63 330 27 225 21 28 53 59 67 59 80 41 79 195 199 31 20 33 51 100 56 281 3 173 19 32 112 180 35 229 108 189 83 19 65 5 175 339 24 50 64 9
0 14286 6 6 173 24 222 55 17 6 48 43 195 23 132 11 17 119 19 58 64 108 66 36 58 52 109 48 41 96 67 26 12 27 265 14 118 5 20 1 142 21 58 25 51 130 88 16 127
0 14559 258 216 41 41 58 156 74 68 107 74 18 8 29 15 228 39 252
0 14619 95 22 127 22 64 17 42 8 35 109 160 11 90 99 34 3 1
0 14659 142 11 3 22 53 85 2 55 126 132 99 46 39 40 139 131 150 76 308 20 44
0 14668 8 27 46
0 14670 133 22 77
0 14840 66 3 8 47 368 11 100 16 139 144 76 5 39 16 82 30 151 30 68 23 113 64 18 25 27 12 453 9 39 22 200 6 109 65 59 7 187 16 34 7 13 5 477 9 85
0 15228 39 67 2 20 72
0 15264 39 94 225 35 153 25 178 30 16 116 121 5 213 23 20 100 363 76 154 58 77 45 149 7 100 45 123 12 94 168 276 297 46 24 68 77 84 36 14 5 34
0 15272 4 25 99 14 7 80 175 36 153 183 19 3 41 136 10 69 27 72 29 55 125 106 13 44 46 13 48 13 100 2 283 33 25 28 44 3 9
0 15305 130 9 9 114 23 3 49 127 47 36 45 3 254 23 106 61 58
0 15464 174 38 13 31 13 10 33 8 70 100 12 11 150 29 180 45 131 2 345 60 44 17 73 138 32 27 194 24 65 42 53 31 270 111 1 31 37 5 41 60 25 128 61 23 27 20 182 25 80 126 94 114 320 16 251 226 33 123 130 42 267 32 291
0 15640 103 18 73 120 57 54 1 71 57 104 150 4 25 15 1 27 80 1 113 197 70 102 35 36 208 8 151 28 108 315 8 89 12 80 122 58 103
0 15777 110 84 30 44 293 54 71 21 718 2 104 3 548 121 96 29 27 18 17 3 10 151 73 10 276 15 125 138 502 23 22 79 22 10 60
0 15834 183 96 102 25 19 53 22 79 281 21 84 44 187
0 15969 12 169 3 10 166 48 59
0 16030 166 79 12 154 8 24 51 9 140 12 119 1 4 13 103 35 67 15 68 106 24
0 16209 8 117 8 50 7 33 104 57 8 24 95 141 188 33 64 21 15 42 13 22 205 70 35 47 1 7 236 127 17 62 99 195 139 42 168 44 382 20 78 2 70 27 37 30 27 3 23
0 16500 34 7 22 4 77 36 99 39 76 93 1 149 21 68 160 1 100 198 261 50 62 32 42 3 46 14 128 22 84 2 264 34 101 10 83 31 4 23 61 48 28 25 15 23 9 2 279 1 18 314 466 12 374 64 41 89 10 170 24 195 135 36 244
0 16536 69 68 139 95 117 10 16 41 135 179 43 91 2 43 125 25 51 25 114 138 82 21 51 27 281 23 47
0 16676 36 5 219 46 60
0 16738 34 48 173 83 43 67 28 33 166 30 63 64 63 7 85 75 82 17 141 206 66 40 52 31 51 31 171 29 77
0 16774 115 109 248 75 139 32 133 41 70 25 37 4 4 9 265 8 468 10 1 48 47 268 25 1 2
0 16956 197 30 59 4 380 11 42 32 57 20 1 9 8 167 11 49 247 9 27 106 117 4 68 69 242 24 58 19 190 32 20 49 70 30 39 20 73 81 4 1 115 44 106 7 6 106 44 34 60 59 116 13 24 53 48 95 87 47 3 131 24 88 154 53 33 21 6
0 17288 357 47 4 15 239 9 252 99 162 60 210 105 390 24 69 12 362 64 177 40 41 12 24
0 17454 36 99 36 1 119 24 8
0 17725 48 21 67 157 93 60 125 208 1 6 53 130 197 80 80 220 91 1 84 109 80 9 105 15 8 87 24 281 14 61 102 98 16
0 18339 3 69 117 7 285 5 302 134 240 62 14 4 10 166 270 25 201 157 34 13 26
0 18352 145 11 157 3 8
0 18604 163 38 291 32 17 29 203 15 88 83 25 36 235 48 51 27 175 37 88 69 107 53 29 31 46 122 464 42 26
0 18695 95 12 240 15 139 9 86 53 131 14 109
0 19034 36 2 6 5 139 10 8 30 35 13 47 200 40 166 249 49 131 108 24 9 23 2 2 149 34 89 2 20 15 66 25 3 5 58 81 4 87 8 19 132 99
0 19173 6 44 24 77 3 7 251 16 43 56 105 63 89 69 418 259 5 64 50 34 29 73 36 38 166 36 12 303 212 10 47 198 192 35 6 35 567 1 89 1 61 4 32 18 51
0 19342 131 8 11 125 159 73 100 11 171 1 188 14 109 27 53 23 335 147 42 27 8 23 40 151 82 40 152
0 19449 91 17 1 28 23 65 77 35 257 10 119 81 78 184 2 13 351
0 19583 6
0 19687 45 135 37
0 19690 112 5 148 5 78 29 78 27 86 54 44 53 324 33 53 82 239 56 107 20 274 40 27 98 111 18 16 2 53 17 58 1 271 95 65 25 163 177 36 74 80
0 19736 51 58 21 11 16 33 110 38 156 55 5 39 125 15 18 1 145 40 41
0 20317 21 215 260 43 7
0 20329 155 14 312 57 52
0 20505 184 5 150 31 199 22 103 150 89 27 109 29 72 32 11 32 16 38 24 32 16 13 147 121 61 43 10 14 66 82 55 44 292 17 42 62 92 5 56 14 48
0 20737 172 209 39 98 60
0 21147 112 61 158 63 100
0 21572 78 27 59
0 21683 13 75 75 10 75 1 89
0 21700 84 54 80 27 7 23 96 7 134 46 51 20 49
0 22037 66
0 22486 69 71 64 3 148 35 10 23 13 18 63 5 277 74 102 46 63 22 28 153 283 37 130 186 100 23 104 59 7 22 115 8 2 74 408 58 190 117 13 45 50 20 43 45 338
0 22823 125 104 159 24 68 41 2 12 189
0 22865 60 51 23 88 28 123 8 8 79 44 16 267 33 48 129 16 21 71 55 217 55 2 19 212 22 37 5 12 13 28 145
0 22897 52 25 95 13 33 101 179 5 21 27 111 14 14 131 37 196 127 25 56 6 72
0 22902 28 114 22 86 64 15 4 117 91 6 73 26 64 89 335 51 86 1 33 11 61 39 186 3 125 47 40 19 5 63 31 3 20
0 22934 73 49 26 52 11 95 85 18 307 324 7 55 203 1 21 3 102 2 78 36 63 6 31 61 67 13 127 39 82 22 27 147 258 62 180 88 7
0 23112 50 29 27 133 89 24 79 3 110 35 176 1 87 19 102 20 157 89 48 18 243 4 91 25 157 112 52 44 188 8 58 7 279 1 82 49 86 83 408 10 8 47 170 2 3 44 145 27 140 35 28 19 18 170 43 12 44 2 202 73 43 14 9 6 26 56 12 47 154 5 59 37 99 19 109 23 5 27 63 58 410 24 208 27 17 53 239 63 121 37 442 31 200 12 24 52 108 23 161 149 5 9 38 147 318
0 23243 280 13 11 170 95 60 150 23 314 91 218 3 424 71 6 91 126 55 93 177 244 155 35 48 171 33 1 29 184 138 347 29 164 1 51 73 286 67 59 63 16 34 56 77 65 128 25 27 8 73 77 2 182 49 76
0 23300 51 113 82 6 331
0 23315 20 20 10 105 2 60 134 3 65 12 232 36 90 186 333 43 31 16 240 23 3 53 186 22 68 22 182 1 47 34 103 1 171 40 166 21 27 13 12 158 48 47 252 15 75 14 50 21 28 98 188 35 210 33 159 55 108 39 49 57 53 79 224 4 102 58 9 163 200 44 173 14 21 106 61 17 40 130 154 17 41 58 46 86 1 13 9 11 266 29 89 9 195 175 27
0 23436 138 53 44 1 83 120 130 14 359 32 214 12 195 109 34 85 41 20 22 92 6 8 38 1 92 16 23 10 29 70 39 45 68 2 15 115 67 26 72 22 12
0 23534 18 18 57 39 85 10 85 116 77 2 301 28 26 94 73 32 169 33 33 56 28 18 35 36 52 43 145 21 63 38 13 119 132 7 257 62 11 131 59 63 12 152 18
0 23823 86
0 23895 124 126 136 137 10 24 19 144 146 37 110 13 85 30 114 317 16
0 24055 65 71 50 26 39 83 95
0 24393 104 26 4 24 293 14 203 64 98 10 42 13 110 21 215 30 201
0 24514 52 45 11 266 23 13 88 164 237 76 30 185 169
0 24515 132 20 128 78 7 26 49 5 423 57 57 27 83 52 21 23 115 51 177 99 252 146 26 204 253 5 258 16 64
0 24527 31 46 28 40 19 41 144
0 24587 92 64 87 110 110 15 113 12 418 29 416 17 151
0 24711 12 70 1 4 17 6 11 185 94 12 22 59 267 87 158 21 17 4 85 42 21 58 18 60 357 62 31 53 22 21 105 16 36
0 24891 37 67 238 63 50 51 99 39 227 52 28
0 24934 32 131 31 87 215 48 95 291 60 4 24 11 24 2 46 9 162 67 150 60 97 25 118 22 339 58 39 19 16 160 228 80 73 1 267 207 153 9 50 8 97 5 386 22 79 40 37 37 4 62 30 6 212 21 2
0 25006 54 1 119 4 10 17 7 79 18 16 56 14 26 12 21 26 148 15 2 11 74 16 12 9 163 61 42 3 272 2 30 9 196 25 207 48 12 26 4 13 48 19 2 71 90 23 81 44 58 16 47 18 104 83 48 105 25 51 89 19 7 70 97
0 25010 163 29 83 32 230 36 91 3 59 8 160 125 115 15 17 22 81 9 191 113 1 185 67 62 13 431 276 151 42 63 51 8 86 59 84 40 1
0 25017 81 52 276 115 276
0 25071 122 46 14 17 79 5 48 29 20 67 108 46 5 161 323 155 143 11 115 92 102 77 14 99 301 5 637 96 382 132 195 20 26
0 25251 99 120 96 9 23 44 312
0 25333 71 62 142 61 140 44 129 33 283 5 107 28 17
0 25420 46 129 57 45 79 3 70 18 17 69 81 66 178 45 201 14 228 11 52 11 175 27 27 6 28 84 61 8 40 22 70 72 2
0 25456 174 138 19 74 6 10 136 98 47 35 48 69 254 35 49 28 71 35 135
0 25557 158 2 304 47 184 76 70 107 112 5 66 21 99 47 11 20 535 25 276 13 122 67 195 35 93 42 20 48 24 76 359 31 1 18 154 6 58 9 14 21 3 63 44
0 25685 31 34 266 57 10
0 25786 32 47 193 54 111 16 20 3 14 1 115 33 54 6 139 51 45
0 25864 5 24 232 44 11 33 190 16 156 9 95 10 386 43 204 34 3 46 47 24 34 39 279 50 13 130 107 103 24 33 37 17 34 51 240 34 261 192 17 54 122 38 116 47 140 1 58 39 205 22 76 80 30 71 448 71 59 71 19
0 25897 54 60 20 1 87 62 24 16 3 34 120 29 119
0 25926 15 74 74 193 250 122 205 19 20 4 90 63 132 52 56 37 264 104 227 68 30 24 39 10 15 47 70 22 1 5 269 10 258 67 20 30 73 20 312 79 78 6 82 46 53 17 70 51 81 17 98 234 3 20 53 70 87 45 9 92 37 95 150 70 220 81 17 114 643 10 1 27 56 20 120
0 25971 5 84 17 7 92 107 84 9 249 6 38 45 515 55 41 99 7 40 23 32 38 105 79 20 15 20 29 2 190 58 2 90 237 24 157 154 66 51 37 58 5 5 48 16 37 59 142 140 50 19 69 67 161 86 7 173 317 3 14 29 67 9 24 11 110 20 119 13 89 66 7 18 81 135 11 13 25 21 337 94 213 13 4 56 334 1 444 1 73 6 128 59 3 5 210
0 26045 122 81 152 13 8 71 9 170 113 213 25 37 79 4 71 3 306 60 87 120 179 30 81 15 43 101 6 78 55 20 114 6 60 36 41 9 7 58 81 39 107 98 16 15 23
0 26090 19 18 15 94 96
0 26099 43 76 11 10 81
0 26443 3 2 141 59 85 61 141 16 8 126 66 46 8 7 20 61 203
0 26800 8 15 235 59 52 6 107 82 181 98 139 152 24 6 130 27 32 16 65 22 43 115 78 36 300 207 248 26 93 2 29 6 42 3 61 20 70 2 52 14 13 93 162 2 39 10 40 62 70 81 183 88 23 160 132 44 60 55 102 18 118 42 21 94 115 42 282 38 36 3 76 44 170 5 130 42 13 12 36 39 20 124 113 31 66 9 133 130 371 97 95 59 20
0 26801 177 132 29 16 106 88 16 54 90 45 20
0 26881 31 97 56 1 217 99 245 3 17 3 527 17 98 12 83 17 22 100 24 114 4 30 161 3 74 11 252 8 83 11 11 35 36 164 73 57 66 35 15 18 75 65 106 28 4 65 1 17 77 65 216 108 23 8 78 7 171 29 17 23 34 66 3 5 3 16 40 131 210 66 53 21 45 75 37 159 455 34 301 25 108 50 32 58 39 2 105 37 263 10 25 3 339
0 26893 40 6 55 76 132 4 15 26 118 21 111 1 32 13 100
0 27227 240 12 88 44 84 87 15 47 228 58 111 17 240 4 110 1 291 13 50 44 54 106 128 18 115 17 74 94 79 39 37 8 1 85 6 87 40 61 196 14 243 26 99
0 27266 30 3 121 74 16 162 116 7 214 37 208
0 27447 185 68 12 19 66 10 161
0 27498 58 21 16 64 119 93 42 108 111 80 116 22 254 2 5 37 54 2 22 20 92 15 39 135 47 4 72 65 111 14 42 80 38 4 300 9 313
0 27760 39 56 66
0 28025 154 1 20 38 2 53 113 9 205 30 12 66 74 22 10 2 13 52 10 91 79 24 71 104 17 31 48 35 240 41 211 33 137 54 61 18 82 30 207 117 65 6 22 27 92 74 102 2 23 8 4 32 346 29 39 80 36 78 255 44 25 32 111 68 106 68 249 63 13 18 23 92 249 17 109 108 16
0 28278 74 36 64 7 205 2 170 82 36 18 22 13 56 78 130
0 28413 5 11 71 9 28 20 41 41 4 126 98 42 96 166 11 224 54 119 71 126 160 125 36 59 15 2 85 201 88 10 520 83 117 62 4 59 110
0 28684 1 100 30 37 42 24 3 66 95 17 80 14 477 25 97 22 272 27 194 59 259 143 56 86 70 25 106 33 73 13 179 6 228 65 81 56 218 154 124 137 49 94 156 4 5 29 19 14 93 2 184 171 75 33 78 34 240 279 15 26 114 5 10
0 28726 89 186 13 6 91 15 51 41 266 3 95 126 367 19 135 7 19 13 186 75 28 2 65
0 28941 51 74 364 9 45 78 29 59 158 53 283 209 65 166 29 20 155 56 259
0 29135 24 16 89 8 76 79 7 2 134 129 169 26 270 9 215 10 113 26 49 80 13 20 32
0 29278 54 152 124 124 104 22 95 81 162 1 118 129 55 12 158 21 24 1 132 92 55 4 16 104 158 14 374 1 67 21 160 57 349 21 33 65 1 7 103
0 29400 266
0 29644 14 19 45 14 223 120 113 43 1
0 29755 16 72 52 30 31
0 29808 64 18 24 12 62 20 89 61 8 32 88 41 450 15 14 29 80
0 29880 19 47 8 13 100 132 132 61 23 52 35 51 33 126 17 32 67
0 29899 25 10 17 158 108 3 115 24 146 35 14 16 20 217 88 9 94 88 51 2 22 1 124 20 27 28 100 26 6 24 14 23 143 15 142 61 465
0 30124 18
0 30542 39 4 52 162 28
0 30611 133 51 64 21 42 12 307 3 18 32 292 23 192 8 2 11 158 19 209 12 29 58 139 1 79 32 209 47 11 103 35 5 34 40 112 20 26 2 329
0 30792 1 91 40 18 4 99 237 55 226
0 30917 103 20 177 97 102 2 117 77 15 83 142 51 152 1 196 22 155
0 30984 3 81 12 2 9 28 9 100 40 77 113 164 59 36 294 19 44 29 127 58 107 3 5 21 52 45 213 35 108
0 31026 120 55 165 73 42
0 31115 126 87 113 31 76 18 5 2 19 17 273 63 8 96 27 119 8 103 130 7 33 13 240 28 265 51 131 106 20 54 10 35 3 13 6 194 295 61 48 140 32 10 119 53 6 97 85 87 3 16 82 180 11 180 149 16 17
0 31259 75 5 55 196 35 38 43 75 53 10 194 35 92 72 26 36 3 4 8 89 42 3 34 30 61 80 48 79 35 8 92 17 46 24 37 222 8 7 116 117 115 49 157
0 31284 21 7 58 39 19 326 80 126 186 39 122 13 49 31 61 2 30 1 35 7 194 14 187 65 40 38 12 135 67 12 74 2 16 235 39 36 65 74 20 73 104 61 190 15 130 35 86 337 114 52 451 124 51 42 114 16 172 90 120 3 108 1 20 58 101 36 113 67 257 4 213 96 28 4 39 5 4 10 196 5 43 97 11 69 28 39 58 31 13 24 322 39 214
0 31348 86 44 55
0 31494 24 8 81 12 48 13 51 10 111 2 151 8 13 57 54 17 87 2 80 69 91 5 125 38 14 9 38 26 99 8 42 44 524 13 14 35 46 6 49 58 15 3 108 82 24 10 180 95 54 36 167 29 126 60 15 10 29
0 31498 80 13 151 35 117 23 9 4 145 149 26 6 53 22 102 2 112 95 467 47 125
0 31540 90 5 75 48 172 12 203 144 1 109 215 13 45 38 78 92 27 37 53 8 71 139 20 58 25 47 29 10 173
0 31573 142 12 26 26 3 6 125 40 6 45 116 75 112 75 45 89 12 90 1 147 32 62 18 13 7 13 45
0 31606 24 24 8 43 90 12 769 18 106 17 17 121 57 109 70 14 169 36 188 19 139 71 33 84 10 127 155 12 135 28 18 19 9 12 121 8 25 30 83
0 31642 33 37 76 11 84 8 276 25 402 160 30 5 51 35 5 88 1 12 5 50 16 60 12
0 31833 32 7 31 77 42 40 140 29 40 20 70 57 92 95 11 25 588 1 250 55 25 81 70 19 36 10 54 4 93 16 66 36 536
0 32420 20 24 225 69 116 17 219 15 3 5 82 28 4 13 314 24 129 122 26 6 39 14 28 9 87 36 111 17 309 65 100 27 98 33 36 67 27 34 7 183 67
0 32688 6 22 73 10 211 60 75 72 23 78 65 43 87 59 164 64 214 11 141 62 32 20 62 14 19 103 8 10 105 39 224 42 78 36 196 201 126 31 44 27 48 58 5 7 49 13 40 96 74 25 254 28 11 6 96 96 60 42 13 44 99 120 190 159 18 19 3 88 163 60 17 12 272 28 13 46 218 6 32 25 39 16 260 13 120 4 69 2 29 15 158 30 198 53 536 151 9 20 81 21 133 11 67 1 173 16 124 104 168 2 50 41 5 101 263 15 149 40 195 86 11 252 140 72 52 18 37 121 114 18 257 57 6 22 47 29 189 5 142 52 60 16 53 92 15 37 47 22 197 15 264 415 23 11 145 51 11 24 112 42 27 70 6 9 174 1 14 9 12 16 45 19 324 78 120 37 251 10 8 15 63 56 217 1 65 13 102 90 90 9 21 11 152
0 32689 3 23 77 33 51 58 241 18 18 349 104 12 62 9 189 39 2 34 157 46 1 107 37 21 72 36 93 58 3 13 159 108 95 19 419 128 102 43 36 87 147 41 74 50 26 69 58 43 166 118 325 48 39 1 66 24 36 154 95 45 1 69 109 8 106 130 153 23 108 117 90 55 97
0 32845 198 20 165
0 32862 174 49 10 26 472 111 672 38 76 15 69 131 100 28 92 137 195 46 59 180 143 23 153 18 5 55 199 51 169 96 77 14 72 61 8 93 120
0 33192 95
0 33538 131 49 24 5 59 130 149 52 104 16 31 103 216 32 45 1 1 32 11 21 67 52 4 66 58 156 194 75 147 67 148 75 234 5 30 38 213 10 207 21 69 37 33 43 50 168 31 110 68 98 409
0 33644 9 1 69 16 239 252 187 134 103 6 102 199 498 11 139 108 44
0 33679 13 22 107 244 363 53 72 29 22 55 404 127 355 17 58 114 50 14 48 10 109 22 191 94 146 20 32 65 37 15 54 42 49 44 35 32 56 63 164 33 77 85 220 52 289 203 302 6 151 22 216 139 171 6 232 20 102 59 146 11 156 30 130 18 4 25 87
0 33998 21 139 10 92 29 43 172 58 39 16 378 13 30 7 277 54 56 82 161 38 208 28 179 118 28 115 220 112 97 10 80 14 130 12 69 160 6 4 235 28 46 108 122 16 83 77 12 119 97 77 29 10 102 6 97 38 249 7 128 33 59 234 67
0 34157 9 7 12 119 167 42 41 173 10 68 39 62 38 22 10 20 2 52 77 73 153 32 69 10 41 47 147 11 60 76 95 11 9 1 594 75 37 124 203 94 17 148 19 30 136 50 11 33 16 133 102 23 104 5 62 93 369 43 26 34 333 19 213
0 34560 35 9 167 95 8 12 244 74 3 41 95 84 28 3 51 5 27 30 57 47 20 4 171 11 219 7 95 62 121 12 227 225 22 39 79 48 206 2 204 84 18 9 8 23 55 17 28 3 43 8 102 151 126 19 36 4 48 4 10 46 70 105 4 104 2 30 37 196 203 40 3 17 252 67 644 145 15 74 93 82 58 50 50 17 104 11 28 21 262 86 91 38 98 131 351 25 77 40 231 4 96 77 51 38 62 38 41 60 20 54 59 12 5
0 34581 114 71 91 3 9 17 37
0 34943 5
0 35000 102 46 34 40 80 9 4 1 123 108 382 40 61
0 35012 23 215 32 44 219 11 155 29 74 137 10 126 259 23 137 23 63 35 318
0 35018 131 78 111 39 69 144 90 46 17 39 28 14 156 18 14 5 60 90 5
0 35092 20 5 1 74 234
0 35233 21 24 11 10 180 3 13 4 8 132 16 13 52 43 140 26 56 3 41 42 108
0 35462 48 22 9 3 12 32 41 9 4 14 485 44 58 44 430 10 25 20 179 5 49 26 29 12 3 27 32 36 276 71 7 173 91 3 199 104 30 75 21 2 97 50 209 144 283 205 111 31 69 19 146 12 709 3 17 165 549 74 94 93 11 95 6 229 185 3 11 85 4 71 214 32 96 8 259 38 84 27 262 13 179 181 97 45 382 19 39 18 19 1 23
0 35467 223 12 120 8 115 12 159 13 20 19 22 54 12 138 176 28 228 23 39 30 13 172 125 28 165
0 35629 4 31 44 28 210
0 35841 5 117 76 182 27 48 151 15 35 3 25 162 89 34 124 45 74 116 98 14 272 8 148 10 33 45 137 36 70 13 174
0 36401 122 23 38 5 22 75 12 23 31 67 235 10 92 8 153 211 66 115 13 7 43 5 199 204 67 47 70 7 105 43 87 41 19 10 44 7 61 44 172 173 136 105 48 10 80 46 48 2 131 48 24 46 123 63 148
0 36489 230 218 7 40 14 35 46 13 78 54 65
0 36763 7
0 37098 65 76 25 44 203 7 18 18 106 159 33 39 32 37 113
0 37444 23 8 19 66 12 8 75 12 177 32 73 50 115 35 45 103 113 9 2 64 35 20 6 21 162 7 36 136 190 15 161 83 270 83 231 102 185 53 23 144 29 48 117 283 52 3 82 4 46 24 25 59 25 25 45 105 87 73 45 41 297 33 333
0 37632 29 99 107 7 191 76 93 7 250 71 117 71 2 29 17 69 49 69 17 3 402 63 14 11 67
0 37636 629 21 31 70 40 40 109 39 166 15 54 34 158 30 4 9 34 26 68 126 55 63 155 50 129 29 77 34 77 21 57 114 1 41 49 7 74 11 67 15 143 45 41 148 26 6 154 75 341 8 6 82 3 203 181 20 32 4 35 11 98 43 143 16 191 18 110 101 392 79 48 140 146 53 82 11 190 57 45 25 272 16 154 1 181 18 97 174 31 60 156
0 37641 39 15 242 52 207 18 77 40 8 77 113 54 66 90 49 40 12 39 2 25 57 34 289 50 164 17 208 50 58 77 77 39 73 41 91 14 244 58 4
0 37658 50 5 113 67 213 2 386 5 16 102 173 40 8 88 146 48 152 13 93 53 165 2 6 2 226 74 11 50 9 114 28 77 15 18 14
0 37913 71 5 166 125 90 28 148 105 100 40 188 48 101
0 37956 29
0 38170 16 41 53 21 52 37 172 24 80 38 14 14 32 106 272 118 3 51 143 81 116 9 25 83 2 63 451 74 22 57 2 40 18 51 13 3 102 134 58 85 50 12 76 19 256 25 31 44 44
0 38317 250 72 211 71 146 51 95 32 105 17 61 13 105 24 3 40 191 81 81
0 38371 7 66 30 4 32 127 95 56 151 40 12 17 6
0 38437 15 4 232 109 30 6 77 17 85 11 102 187 134 74 85 26 41 42 99 80 39 47 182 99 110 36 327 5 46 8 37 195 59 51 218 13 38
0 38562 79 14 92 123 22 7 50 1 26 8 219 63 89 87 55
0 38664 157 165 127 78 44 23 194 47 111 232 74 30 15 28 24 25 58 82 83 51 17 20 210 210 219 182 101 27 54 38 45 58 3 6 22 58 3 12 165 47 6 58 89 45 56 110 140 110 55 8 77 68 39 5 87 29 21 170 106 6 49 33 371 51 54 160 134 23 506 5 247 29 28 4 12
0 38707 186
0 38932 210 17 33 44 23 30 78 12 151 58 129 32 15 8 106 11 83 28 72 90 12 12 71 36 83 22 4 4 33 207 228 58 7 48 24 66 91 109 13 17 75 22 155 36 1 55 6 49 64 19 99 1 21 88 509 23 126 1 21 63 40 9 174 46 24 131 66 25 168 39 131
0 39086 85 20 164 33 81 46 164 38 94 36 68 120 122 55 4 41 45 25 162 6 17 12 84 12 42 136 140 14 23 16 24 8 90 7 25 32 10 49 65 92 11 34 64 4 145 56 152 11 57 150 26 11 106
0 39260 64 30 46 51 17 57 135 16 95 68 53 91 5 175 236 102 126 4 120 5 354 4 41 117 52 3 36 42 39 41 250 18 20 73 1 22 167 21 16 85 13 11 7 9 27 10 38 40 70 27 18 96 15 2 104 150 16 12 260
0 39568 64 13 59 46 48 16 166 69 381 54 67 34 240 14 73 12 11 80 69 44 221 9 58 15 182 2 12 30 114 42 92 49 63 109 99 82 202 66 254 21 197 178 117 70 278 5 144 46 432 44 60 57 120 104 104
0 39593 51 95 77 103 92 15 149 5 13 67 84 33 45
0 39745 6 370 268 105 176 115 25
0 39858 100 36 53 14 23 54 30 5 46
0 39878 259 76 84 10 99 19 33 37 80 2 100 28 1 66 41 69 50 23 177 99 139 22 288 2 21 123 82 18 51 90 12 3 8 6 78 95 105 24 175 41 18 14 169 40 49 26 52 23 114 5 102 31 19 43 40 34 145
0 39886 26 122 125 26 13 14 1 27 136 64 41 74 73 3 13 19 62 6 190 4 44 13 60 30 64 9 121 95 139 18 31 32 53 15 329 111 21 127 176 2 131 30 16 15 10 94 103 18 6 67 26 176 107 35 103 66 70 50 29 117 30 1 29 1 32 73 200 3 76 16 56 20 202 64 142 25 330 24 18 25 130 203 174 159 75 55 297 105 21 94 65 148 155 4 33 17 2 72 76 90 58 30 16 13 232 15 71 67 27 29 10 84 120 43 32 114 135 41 38 43 39 52 52 45 59 89 203 155 76 125 118 1 6 15 414 46 2 20 102 2 10 53 269 69 87 20 228 58 9 111 14 36 27
0 40447 236 159 67 20 204 46 671 59 250 32 325 1 114 97 157 10 13 60 109 37 324 11 61 26 75 3 153 20 37 29 62 41 7 14 143 47 23 20 170 79 33 5 59
0 40565 137 23 387
0 40637 83 32 113 48 17 61 65
0 40725 95 62 61 38 94 9 13 1 58 257 201 28 108 26 25 36 100 158 27 6 12 14 3 39 321 59 76 29 19 11 95 10 10 1 4 17 110 16 58 32 121 114 40 39 18 43 261 37 12 28 180 11 48 76 131 77 123 72 153
0 41132 1 95 95 1 146 32 577
0 41391 37 100 1 10 420 18 45 63 13 14 15 34 2 142 24 89 135 63 22 12 22 35 84
0 41425 21 94 110 12 93
0 41463 100 8 86 120 125 8 170 16 237 142 41 20 63 5 118 6 89 21 20 78 94 15 384 18 52 104 91 77 174 35 41 49 258 38 47 44 114 6 10 23 23 81 24 36 96
0 41883 64 36 288 27 186 15 256 42 53
0 41909 39 190 4 62 99 3 39 99 60 67 36 8 71 13 82 29 42 5 46 62 110 63 13
0 42059 104
0 42235 92 53 43 17 307 44 20 19 104 71 210
0 42358 3 27 297
0 42624 33 84 154 135 12 32 1
0 42678 59 88 3 45 130 101 142 16 119 23 43 71 1 30 156 6 8 2 56
0 42955 37 78 143 21 152 13 408 29 98 23 47 91 120 15 204 78 86 36 14 93 101 48 52 4 191 94 130 56 194 73 77 187 105 37 10 12 108 18 45 1 2
0 43064 38 26 15 173 5 35 82 32 10 51 142 144 62 29 44 78 314 7 60 48 161 20 99 121 2 1 137 48 170 6 203 27 43 41 57
0 43090 46 26 4 284 167 100 164 11 124 85 196 92 76 33 60 69 183
0 43189 101 10 105 8 115 6 97 10 301 31 56 16 85 36 123 30 140 14 113 53 1 42 53 49 167 21 106 57 23
0 43350 8 18 152 11 87 156 75 3 68 7 90 93 18
0 43561 172 16 298 140 143
0 43599 2 83 99 1 60 7 143 56 12
0 43709 281 93 59 22 538 47 19 3 60 21 277 49 235 45 78 5 80 26 328 41 261 8 35 23 71 69 14 139 32 27 327 7 189 86 57 24 266 89 95 12 13 2 214 52 25 37 18 9 13 27 8 14 36 16 9 37 186 71 249 28 52 30 11 57 67 4 62 7 113 72 87 101 1 4 49 37 3 72 129 162 34 5 153 9 37 34 255 37 191 33 13 93 120 53 116
0 43847 84 51 179 11 17 4 109 8 90 43 215 30 10 45 37 37 24 91 33 39 39 134 38 55 72 8 256 15 21 3 484 46 141 64 3 1 32 22 48 20 4 5 5 52 3 10 65 4 125 35 201 25 106 59 56 2 57 158 58 1 140 140 59 8 155 8 31 187 65 52 91 8 25
0 43963 178 11 402 67 22 42 27 81 54 1 87 13 196 23 13 26 84 45 25 12 438
0 44031 19 17 5 8 93 2 85 105 334 53 499 134 6 60 138 47 27 1 346 24 62 257 244 148 73 1 132 63 1 7 27 25 101 61 33 9 85 73 96 60 5 65 69 86 5 46 95 36 61 13 206 6 8 17 23 6 187 11 82 26 281 6 65 45 50 8 163 58 282 4 122 153 273 34 87 8 30 8 52 44 5
0 44269 8 10 196 18 32 75 18 40 153 20 116 19 156 61 49 11 479 6 98 1 78 80 31 19 9 44 2 4 225 13 59 69 36 28 113 80 22 12 183 17 87 88 98 68 77 28 9 72 118 21 14 70 195 49 87 50 192 249 198 17 205 37 87 7 5 31 40 58 227 204 1 70 93 69 182 67 115 11 5 57 239 101 157 66 118 17 142 12 19 41 337 85 68 46 17 30 107 73 6 32 24 45 64 97 246 58 139 12 22 1 138 16 139 27 467 1 42 104 129 46 4 48 32 2 128 30 157 16 114 57 9 39 68 7 82 10 27 22 213 9 23 130 10 53 3 73 19 130 375 15 11 54 162 16 91 57 21
0 44352 56 11 108 7 141 51 52 72 493 45 115 63 15 20 11 28 67 13 121 2 45 17 209 36 20 27 11 7 473 7 42 105 67 24 194 13 45
0 44465 132 42 27 9 166 102 24 1 151 9 124 10 243
0 44518 198 10 144 134 20 7 318
0 44619 150 29 51 104 122 3 72 33 62 52 145 32 16 14 43 226 53 1 22 60 75 1 87 19 125
0 44687 26 122 211 65 95 60 110 31 170 46 44 10 12 66 28 42 30 64 55 9 344 40 3 30 4 84 20 39 187 15 174 51 16 10 19 76 195 38 18 9 85 5 31 19 35 85 108 29 41 30 41 16 65 27 82 18 9 8 5 5 67 62 25 117 120 18 53 62 123 7 319 4 42 20 7 12 56 30 139 36 291 12 36 4 242 33 73 82 7 66 48 33 108 27 6 3 74 16 107 38 182 13 213 45 59 34 66 121 8 214 60 25 52 15 434 40 3 197 95 67 215 18 21 33 79 104 31 35 39 35 386 63 32 35 62 4 41 4 3 162 238 113 76 41 260 79 86
0 44860 116 333 35 98 427 52 116 52 266 13 27 22 20
0 45194 133 3 18 3 214 29 98 29 298 29 104
0 45397 177 10 6
0 45733 8 4 87 41 47 11 86 1 54 3 17 59 36 71 37 150 183 182 295 44 61 8 327 45 85 21 57 19 80 75 3 63 88 16 10 73 244 29 20 64 36 7 70 23 2 16 35 13 61 146 14 11 10 11 18 20 137 33 78 28 338 143 42 43 268 11 36 4 62
0 45964 122 33 133 54 57 5 12 21 213 1 192 79 373
0 46117 19 181 5 37 52 18 58 24 133 164 154 120 103 39 194 49 180 58 12 24 169 20 122 18 176 27 163 61 53 8 59 44 19 177 152 10 32 69 13 43 135 33 229 15 385 224 185 38 106 81 67 154 193 4 109 13 75 21 167 12 5
0 46320 42 26 162 242 116 50 62 243 37
0 46331 22 1 148 30 76 50 78 10 2 23 35 4 97 64 56 8 64 51 17 10 2 221 172 11 319 2 172 20 159 26 138 39 9 32 67 83 16 131 10 71 35 14 70 5 113 48 223 26 90
0 46476 80 12 10 2 84 171 33 112 2 11 159 44 41 6 1 16 132 2 34 66 46 39 461 13 67 9 40 3 20 46 221 4 17 48 122 36 138 21 32 57 245 11 217 32 76 53 18 84 183 97 1 45 7 15 12 13 105 63 175 28 104 146 7 21 152 56 93 2 232 59 69
0 46499 196 2 363 7 21 76 89
0 46523 132 35 112 4 109
0 46747 76 92 142 186 206 19 43 17 17 84 42 68 63
0 46760 303 12 56 46 70 31 78 11 89 228 80
0 46921 236 4 111 91 356 16 27 34 40 222 7 88 64 20 16
0 47101 21 67 43 23 9 37 31 9 97 3 27 2 45 73 17 28 18 2 169 21 187 75 5 10 43 91 69 20 13 16 2 3 95 8 234 4 26 45 19 65 118 19 18 69 72 49 40 45 55 60 20 123 15 67 103 61 5 109 4 40 48 5 245 2 144 23 240 14 151 48 62 28 14 194 3 98 113 28 250 50 80 26 93 18 110 67 46 15 3 8 249 14 3 16 85 44 148 4 120 1 26 84 41 59 62 25 113 9 312 34 11 7 25
0 47784 256 24 166 33 28 46 27 50 9 30 108 11 176 6 59 16 192 51 99 62 126
0 48045 14 29 31 35 77
0 48062 70 53 211 18 154 85 42 75 171 12 7 34 69 172 7 13 28 8 390 1 116
0 48109 41 28 111 70 272 24 117 31 19 73 175
0 48213 244 31 272 105 9 5 22 62 210 3 7 33 19 29 8 74 9 58 152 32 46 20 250 50 37 29 25 11 63 25 297 17 139 41 185 23 77 2 137 102 54 65 90 16 58 17 20 57 200 9 118 24 31 35 26 27 7 96 39 39 189 96 24 42 33 39 31 128 7 41 78 60 23 113 17 28 110 24 237 76 162 9 2 9 184 118 58 9 93 20 27 11 109 43 58
0 48267 60 238 170 11 50 46 204 210 136 2 247 144 204 87 165 24 61 11 15 87 136 3 17 93 175 111 5 126 31 71 6 4 90
0 48363 106 18 1 15 101 63 89 58 21 31 19 57 7 25 16 3 13 6 141 202 141 42 108 26 186 60 511 81 12 30 69 19 14 5 675 29 165 59 126 92 134 69 136 20 158 22 100 37 24 50 22 53 114 66 58 76 12 60 27 75 65
0 48395 202 20 1 23 55 120 63 54 7 13 186 7 146 71 82 90 171 92 64 133 267 106 100 4 270 20 48 51 58 246 2 11 10 14 16 1 108 17 55 2 29 50 27 4 52
0 48412 20 69 224 27 127 2 48 180 486 7 119 49 64 73 377
0 48433 335 57 39 117 37 50 69 3 52 58 199 10 88 39 19 26 255 44 41 167 50 1 63 7 102 6 163 28 56 4 79 63 43 7 13 5 117 68 49 7 170 28 76 97 52 11 78 140 24 95 170 33 242 68 103 257 94 12 148 9 25 27 13 63 5 51 17 7 7 28 330 41 59 4 63 32 149 1 54 30 58 2 15 32 27 15 249 11 491 3 10
0 48640 302 66 16
0 48691 99 56 99 54 3 43 85
0 48721 153 67 50
0 48880 51 66 50 72 52 64 270 150 214 54 73 33 47 9 160
0 49059 86 7 44 69 12 12 103 64 86 45 95 1 168 52 65 1 8 123 38 66 262 7 8 1 8 65 125 25 178 1 103 25 33 54 224 31 141 10 326 82 197
0 49283 168 13 102 19 172 1 334 133 252 41 79 5 85 46 36
0 49368 35 28 54 73 65 169 59 13 198 9 25 36 39 48 31 119 207 62 100 64 6 51 33 29 141 139 95 10 26 153 47 13 123 130 18 41 172 2 26 119 19 37 101 215 67 38 111 127 33 8 177 112 17 2 11
0 49882 9 1 23 25 3
0 49970 142 77 8 13 11 132 48 4 42 80 25 63 56 62 189 118 67
0 50020 4 98 107 65 14 217 40 21 34 117 22 84 324 35 92 3 163
0 50258 11 28 100 111 34 56 37 29 204 8 92 75 122 93 138 8 159 108 34 32 50 6 29 32 210 14 70 26 141 4 14 11 395 41 198 35 30 69 29 17 20 12 71 125 124 59 8 6 29 54 84 74 20 28 406 29 7 2 26 4 133 71 47 46 99 278 90 82 104 25 58 136 2 15 216 3 110 50 117 22 88 3 93 22 77 21 70 61 9 20 104 146 261 16 42 15 76 28 83 31 42 34 63 23 12 51 66 6 143 45 21 17 39 135 35 58 5 92 446 55 17 35 15 67 45 30 24 8 21 8 51 73 14 41 268 8 95
0 50394 45 21 181 20 84 70 72 167 70 8 84 55 62 50 153 49 104 5 110 68 45 30 216 40 14 31 15 17 4 14 96 92 6
0 50582 114 5 294 70 346 84 82 93 28 14 126 138 234 72 62 12 85 44 15 71 60
0 50681 54 130 247 63 24 8 71 111 88 45 3 165 397 33 28 120 350 53 89 45 20 22 117 33 179 69 229 124 72 2 83 18 19 42 167 34 1 2 43 96 6
0 50758 44 71 84 50 105 66 2 19 109
0 50960 61 47 94 35 207 28 5 21 71 32 215 82 35 43 31
0 50966 120 29 23
0 51308 421 36 175 10 20 109 53 9 68 26 100 56 3 18 162 44 13 38 215 87 22 278 7 88 4 51 92 19 66 135 77
0 51364 47 75 29 56 120 16 193 12 87 64 9 20 17 16 33 27 3 6 64 35 43 89 34 29 6 57 481 19 165
0 51749 129 84 188 49 16 35 20 15 352 6 164 18 8 5 320 10 121
0 51910 4 117 29 26 236 13 103 71 75 57 28 43 32 29 17 27 275 51 285 3 133 4 26 28 69 3 488 55 195 26 390 14 25 20 225 4 61 46 43 64 75 24 11 114 137 237 121 55 214 4 64 29 28 6 148 64 98 17 100 49 21 18 279 18 79 151 13 8 120 16 63 43 1 2 46 89 12 56 37 59 87 18 176 56 607 62 73 85 68 29 254 1 227 41 43 54 49 92 70 107 182 72 107 32 26 166 4 37 7 5 23 79 27 20 144 30 88 31 165 32 37 23 67 84 70 147 112 35 29
0 52092 91 10 320 11 349 70 75 17 28 59 5 2 10 1 231 1 71 15 2 31 275 22 350 29 142 23 46 5 83 16 188 5 309 2 308 30 87 90 63 128 6 13 120 11 39 14 34 36 96 30 104 104 15 158 36 25 126 5 82 25 91
0 52580 77
0 53016 8 59 65 135 121 179 142 3 237 29 232 59 28 109 165 52 171 27 3 61 213 78 22 7 16 10 6 31 50 45 14
0 53046 6 40 91
0 53204 1 113 189 47 35 24 42 9 195
0 53238 6 13 196 18 53 7 99 89 40 2 36 14 143 135 276
0 53490 97 37 70 35 147 24 231 74 81 20 69
0 53494 83 84 28 127 15 3 17 120 89 146 117 34 60 55 16 88 24 17 200 2 219 45 157 235 118 72 73 9 147 66 99 2 1 33 2 1 89 53 10 73 20
0 54088 117 88 36 17 73 2 10
0 54149 318 12 25 35 104 88 74 5 82 11 238 16 31 34 56 32 206 132 140 11 48 34 4
0 54215 227 13 65 23 213 29 41 110 71 75 22 99 160 23 14 73 62 31 40 51 84 7 1 57 111 52 172 89 78 11 48 15 27 122 7 62 120 210 44 87 42 137 57 17 84 46 69 48 6 131 115 37 4 17 270 30 55 3 55 179 3 3 65 38 33 74 215 217 28 56 138 13 131
0 54411 248 21 7
0 54558 26 172 122 135 26 58 40 18 90 4 27 24 65 21 21 77 82 40 47 70 265 115 106 32 84 2 112 84 411
0 54593 358 175 121 101 38 13 12 25 37 83 230 33 47 17 21 82 25 97 52 56 92
0 54594 1 52 91 14 8 19 120 11 99
0 54651 57 15 88 66 431 7 211
0 54715 18 137 213 34 217 107 9 18 134 96 15 33 168 57 95 52 53 38 180 22 57
0 54995 104 17 60 20 32 9 75 54 108 8 142 21 111 29 27 30 78 57 66 8 70 54 103 140 31 32 10 3 13 11 67 34 24 53 290 91 83 166 151 7 77 24 105 247 83 24 211 95 112 23 35 6 114 31 43 8 165 17 14 56 37 44 83 40 192 51 28 3 64 10 56 64 53 37 14 41 103 13 94 40 81 20 41 64 6 35 18 1 85 18 75 19 19 63 66 140 235 37 119 53 33 16 305 147 485 55 37 16 62 4 108 2 125 80 90 163 47 54 12 63 97 81 50
0 55092 119 89 153 15 41 9 51 80 55 15 171 4 56 190 66 20 132 14 24 145 11 121 348 40 300 11 45 12 81 84 4 83 60 51 15 40 195 35 82 36 113
0 55484 69 14 2 19 30 16 37 85 18 16 19 4 62 18 1 50 52 71 178 123 19 86 149 2 133 90 63
0 55947 39 84 161 40 177 143 133 10 100 42 2 34 221 62 11 147 69 35 157 2 20 59 47 70 198 48 147 64 61
0 55964 40 36 157 34 52 7 189 70 40 51 142 22 94 11 856 154 7 38 16 109 181 48 41 42 6 29 227 28 46 5 252 1 49
0 55988 51 154 23 31 274 1 16
0 56308 48 28 90 27 81 4 24
0 56604 72 7 241 9 5 124 107 65 33
0 57016 89 6 22 26 175 49 74 9 74 39 63 47 107 31 32 11 107 10 45 3 16 135 183 34 38 99 212 58 68 143 49 1 58 32 19 9 115 179 54 46 31 26 83 4 54 54 65
0 57028 58 35 91 47 116 131 99 72 13
0 57177 137 110 56 55 17 18 111 65 139 53 3 166 38 34 5 20 9 151 2 20 29 6 190 11 26 73 369
0 57410 101 14 484 122 75 37 278 37 60 22 45 48 238 86 4 1 235 51 4 8 25 162 171 91 116 16 171 29 2 31 149 3 108 70 62 265 187 66 171 1 140 137 107 14 19 17 44 152 82 151 226
0 57734 174 74 71 54 189 74 172 4 132 112 15 151 380 125 5 56 50 197 27 24 44 102 30 38 59 16 21 104 75 19 351 75 687 12 240 38 139 51 343 30 30 80 52 5 60 69 213 6 15 62 62 31 29 35 77 47 171 10 102 68 11 17 219 14 57 64 291 3 33 39 114 5 12 14 1 4 29 20 8 20 22 4 88 284 112 7 244 38 66 165 155 60 14 36 54 31 81 12 32 74 25 41 45
0 57912 26 15 9 8 182 9 63 183 44 13 3 3 71 17 30 28 184 53 52 41 218 3 14 29 4 3 151 27 64 60 162 73 49 8 110 238 33 6 288 93 153 5 292 21 294 86 15 12 32 141 39 90 11 10 29 14 29 182 124 46 131 38 143 51 91 14 330 27 132 4 224 10 52
0 57946 87 94 92 55 154 15 75 55 21 38 58 16 227 11 65 2 71 53 8 19 118 91 102 20 99 132 38 119 114 18 259
0 58058 81 19 85 52 158
0 58212 15 28 40 27 1
0 58263 75 9 225 16 20 6 43 24 16 53 412
0 58266 236 303 156 11 99 32 41 4 17 58 23 89 34 18 1 21 5 8 17 5 69 11 67
0 58554 298 179 218 56 61 8 250 5 25
0 58589 29 24 649 29 22 32 31
0 58647 81 31 241 74 148 97 118 9 30 27 87 134 129 12 67 58 94 14 64 11 131 65 14 6 3 8 153 1 119 11 142 17 59 80 50 120 28 32 127 49 11 14 11 97 185 16 192 27 286 25 54 11 86 85 192 197 755 104 12 19 60 198 35 5 21 101 140 5 60 101 52 34 51 1 680 26 122 151 138 29 416 126 43 51 70 38 53 62 150
0 58782 118 3 121 18 41 22 12 17 350 10 61 50 9 16 49 84 90 19 46 87 88 18 54 174 63 53 9 19 43 5 74 8 19
0 58942 256 15 85
0 59036 147 24 22 139 39 11 61 37 266 106 104 170 89 75 50 42 3 32 72 11 101 35 112 11 11 47 184 58 6 25 112 3 179
0 59344 162 65 34 154 1 116 129 4 208 193 18 18 123 28 259 32 127 68 29 14 126 17 127 50 110 23 57 150 61 49 132 42 13 84 122 54 115 61 47 21 206 13 173 70 34 1 254
0 59532 20 24 36 42 39 14 132 150 10 87 149 21 204 7 57
0 59692 52 3 61 14 272 12 472 8 158 173 120 16 413 119 79 2 415 12 418 12 125 23 43 24 177 1 60 1 170 61 108 63 10 12 201 21 135 13 35 36 5 39 43 73 23 28 141 26 255 4 54 15 123 59 39 103 140 29 151 108 20 132 336 135 57 1 72 18 21 97 60 362 2 23 47 40 53 1 348 9 82 50 75 9 30 41 22 18 11 25 203 46 209 34 101 3 76 35 126 40 221 78 83
0 59762 234 51 97 48 79 1 167 114 20 39 44 50 48
0 59790 424 42 59 72 272 24 19 12 100 45 63 62 3 33 27 41 8 49 265 80 118 6 39 88 255 140 131 56 40 23 30
0 60007 15 15 238 3 16 90 140 6 266 40 155 188 508 123 229 49 130 35 132 19 86 39 532 10 81 16 21 20 291 63 170 158 12 12 15 11 23 115 46 49 12 251 113 11 7 30 68 44 19 65 25 8 73 31 21 50 218 12 36
0 60108 152 9 51 116 114 4 35 20 21 22 117 2 136 118 37 27 249 42 53 84 18 71 28 20 12 17 123
0 60378 18 72 25
0 60443 102 12 19 2 64 23 164 14 36 46 80 48 76 19 124 104 54 154 124 20 154 47 21 28 125 67 21 13 30 26 103 20 88 6 14 29 25 20 20 46 258 49 18 85 29 26 188 19 9 2 15 32 451 77 109 27 44 54 179
0 60525 166 7 107 29 46
0 60636 560 41 36
0 60837 323 71 188 124 142 42 155
0 60959 161 44 34 1 112 32 99 28 290 119 8 28 138 10 156 6 263 13 7 16 29 8 7 176 83 8 17 13 13
0 61098 58 48 63 71 30 57 17 101 76 43 16 15 40 98 102 6 89 56 51
0 61153 287 73 10 7 181 13 14 149 218 203 28 22 38 6 178 70 173 49 14 58 22 81 20
0 61238 193 17 43 9 24 45 17 10 20 107 342 197 220 12 28 57 41 30 74 108 145 12 78 47 2 67 33 36 292 40 67 1 202 51 78 11 173 15 20 101 67 37 26 1 153 79 92 18 81 28 111 22 30 4 55 65 28 10 28 34 284 222 87 103 75 1 74 1 42 165 14 40 12 49 30 9 8 29 7 27 347 37 31 64 73 28 6 16 200 8 4
0 61457 188 17 82 14 24 64 123 167 155 117 18 21 5 61 200 30 29 69 83 43 14 158 26 24 302 20 3 24 219 147 100 53 17
0 61559 427 45 127 15 57 55 82 4 21
0 61635 249 25 70 59 81 56 8 22 169 49 149 1 27 44 176 52 314 136 208 10 360 49 4 47 74 58 520 40 37 34 75 37 189 50 68 115 412 75 10 129 198 22 135 52 45 27 47 143 11 10 56 29 46 22 10 44 103 81 56
0 61647 23 28 3 50 225 57 114 6 135
0 61702 19 27 173 47 36 70 2 91 141 37 53 9 82 39 40 81 99 10 256 57 79 214 72 18 88 120 5 11 183
0 61929 122 10 42 85 84 68 142
0 62174 54 20 91 17 101 60 5 32 28 129 10 40 187 5 39 2 82 49 135 18 22 5 144 55 67 18 31 5 165 16 41 21 15 1 23 3 205
0 62197 23 4 93 62 65 20 44 9 59 20 119 122 85 71 145 15 2 39 55 52 66 161 69 68 127 44 18 24 132 113 129 18 94 129 11 42 77 4 98 47 108 17 30 101 113 42 265
0 62214 97 26 162 230 12 2 113 4 45
0 62568 75 9 15 21 17 25 171 34 307 58 33 10 45 22 207 28 230 8 15 4 36 6 25 52 13 2 1 10 96 34 101 18 140 49 53 132 30 66 12 60 19 15 9 20 128 8 162 40 378 111 54 59 104 135 29 4 33 150 91 9 31 17 89 140 41 64 291 31 96 195 286 19 7 52 31 54 81 24 63 12 18 44 18
0 62919 37 42 16 58 74 56 35
0 62972 30 54 57 41 112 10 183 18 188 10 61 3 197
0 63165 86 12 69 39 29 18 105 69 130 28 77 32 213 84 2
0 63356 93 28 58 22 184 51 34 40 8 222 207 55 34 3 168 145 34 2 89 13 100 205 26 10 20 13 7 4 67 147 174 95 129 25 17
0 63359 38 8 24 1 67
0 63581 18 35 4 44 8 39 3 35 83 28 71 53 23 25 179 56 70 30 113 123 112 6 22 65 46
0 63812 63 119 12 65 404 28 7 23 191 45 142 90 27 130 257 96 175 18 109 140 116 68 64
0 63829 95 228 139 111 21 43 53
0 64032 137 2 134 52 8 1 11 14 78 47 112 8 475 85 11 12 68 35 118 5 100 32 216
0 64061 64 87 103 9 172 14 58
0 64134 9 44 73 2 78 69 27 7 16 54 118 69 154 24 195 148 24 58 84 187 73 1 52 58 180 90 4 43 2 16 106 116 114 4 9 14 57 34 36 6 56 38 269 34 97 5 26 55 44 18 75 10 197 76 37
0 64189 3 114 38 97 84 106 22 4 6 18 49 36 218 11 48 19 43 258 48 32 112 58 196 62 16 12 26 29 19 140 18 110 20 42 45 67 92 26 196 9 345 3 83 51 24 31 13 27 52 19 60 20 17
0 64373 68 72 183 4 116 15 63 57 305 69 41 43 26 79 48 14 6 16 28
0 64570 80 9 60 16 6 34 237 39 339 30 126 112 28 40 122 39 21 11 39 17 105 58 58 20 15 41 55 194 37 98 42 137 3 27 28 57 46 45 198 17 7 23 46 74 120 127 119 12 381 88 54 3 90 9 59 43 190 83 70 48 48 4 5
0 64634 46
0 64670 4 55 36 21 21 67 524
0 65210 193 1 27 54 274 24 371 40 73 50 57 22 365 4 86 6 147 43 13 32 25
0 65227 76 39 37 166 58 31 235
0 65358 107 231 133 50 128
0 65607 79 7 65 97 46 112 1 10 317 15 104 38 99 54 118 19 60 82 75 16 8 26 145 62 270 24 130 2 35
0 65829 3
0 65986 569 9 58 65 57 29 15 13 5 174 90 32 195 81 25 8 249 44 79 26 27 4 152 25 71 23 214 36 15 71 59 120 8 8 77 36 572
0 66138 311 77 626 7 50 21 20 140 176 60 28 88 51 91 84
0 66184 106 203 96 17 44 2 12 4 7 29 896 171 49 35 85 83 70 52 126 15 126 34 87 36 83 41 291 126 11 16 25 84 76 29 3 35 41 9 103 2 104 4 136 44 7 41 147 120 13 21 93 21 6 16 42 14 23 3 156 64 259 23 112 33 198 6 94 32 70 36 105 4 254 27 105 107 34 42 94 8 153 5 488
0 66377 254
0 66589 402 115 18 69 26 77 3 109 28 171 105
0 66618 52 54 143 73 21 15 2 21 10 5 43 204 237 40 92 29 30 19 2 129 138 4 37 82 8 25 123 125 126 23 14 19 42 54 14 27 236 61 82 4 123 9 156 1 61 7 68 47 39 10 297 144 95 19 70
0 66740 24 68 197 217 30 30 51 30 182 2 41 27 199 43 92 87 41 110 80 221 145
0 67064 65 1 74 20 16 13 264 31 125 36 29 1 265 67 72 62 16 51 193 17 156 86 248
0 67222 69 9 117 35 330 47 473 66 219 194 53 6 148 46 747 84 36
0 67496 560 184 226 59 19 1 44 64 55 37 161 33 67 197 63 248 18 6 88 76 37 69 53 50 13 101 15
0 67738 40 142 13 233 2 35 115 59 242
0 67800 49 58 92 124 25 124 57 152 399 14 47 41 63 38 67 58 95 101 20 26 60 1 87 197 44 10 42 93 174 7 114 147 4 2 255 46 10 83 25 52 129 4 37 51 88 47 76 2 9 27 12 4 129 50 5 10 127 43 68 22 36
0 67981 86 107 99 114 31 63 47 28 99
0 68007 157 11 67
0 68220 87 41 65 173 223 30 197 88 95 59 12 25 205 28 330
0 68468 110 55 141 63 41 48 49 8 9 32 18 16 1 9 180
0 68533 106 49 64 9 49 10 20 117 69 18 22 16 82 66 49 68 36 50 42 20 17 40 59 80 8 79 16 90 54 51 82 1 127 14 58 18 243 11 134 19 104
0 68570 15 64 1
0 68740 209 47 211
0 69016 28 43 21 7 67 115 81 4 34 15 88 29 237 104 70 23 19 28 123 17 11 8 30 37 7 56 12 21 7 27 79 40 106 10 45 8 11 12 2 9 57 118 7 46 107 131 45 22 25 11 87 91 104 105 127 62 58 39 180 116 23 48 46 16 460 59 237 33 49 26 202 75 146 30 18 21 84 58 24 89 6 46 9 35 33 76 122 14 58 1 23 296 187 17 82 31 1 77 101 1 18 89 54 10 171 100 29 57 29 20 40 8 12 85 49 50 98 42 236 1 84 24 113 29 79 3 107 48 107 212 60 14 100 24 112 9 349 64 94 19 70 31 33 10 221 155 19
0 69091 70 15 244 9 192 67 180 95 57 57 11 8 94 38 56
0 69147 123 77 136
0 69528 122 16 166 45 152 40 86 33 69 45 206 85 12 19 9 145 35 107 8 23 28 1 238 73 13 42 42 11 20 20 25 225 41 81 6 47 85 63 65 61 75 3 104 5 72 189 91 20 42 8 26 62 105
0 69630 51 115 46 140 30 67 42 28 125 18 12 181 108 83 99 69 257 6 15 28 46 45 63 72 366 4 83 37 127 81 65 219 336 24 3 113 78 36 219 123 40 4 102 84 55
0 69715 3 28 89 80 105 31 48 334 170 111 93 93 486 26 214 71 292 30 51 8 16 38 180 86 158 112 86 13 269 43 88 79 7
0 70176 147 2 109 69 114 15 12 73 368 18 8 101 2 1 125 42 27 95 14 15 31
0 70177 71 12 113 55 16 66 70 32 203 5 26 152 258 47 50 3 426 4 29 88 185 122 38 9 338 77 113 33 94 26 94 79 187 254 71 17 214 62 217 3 8 87 177 28 32 18 30 6 69 28 79 20 95
0 70202 100 9 122
0 70213 75 35 12 9 112 47 48 28 79 190 487 82 1 6 72 1 34
0 70372 78 69 173 83 152 35 445 118 101 26 229 65 607
0 70405 39 13 27 62 47 6 83 10 41 327 102 22 68 25 224 18 76 40 10 5 163 17 62 25 19 63 19 9 37 47 22 1 33 5 25 69 86 19 138 8 294 48 97 69 25 15 317 95 84 50 126 107 346 12 51 40 22 6 213 17 13 16 204 7 34 92 43 26 24 5 28 2 60 55 100 2 39 61 6 11 3 13 160 88 18 6 138 5 74 66 210 29 407 35 64 28 42 62 14 15 3 117 130 56 38 62 409 33 155
0 70502 133 98 71 152 135 53 94 20 213 128 31 56 156 29 25 140 156 125 95 135 145 109 50 120 10 24 116 36 12 29 41 38 272 3 83 117 26 27 134 24 45 39 102 28 48 65 54 43 89 123 203 20 52 63 13 11 57 59 258 54 28 41 52 3 71 11 117 26 67 43 55 140 231 19 110 65 27 11 216 10 64 101 20 39 12 43 155 51 698 34 61 102 26 126 67
0 70750 52 2 53 24 25
0 70837 83 46 367 37 137 86 47 27 51
0 71109 46 185 6 49 24 47 73 40 20 27 238 19 26 33 41 30 77 64 46
0 71207 7 9 20 25 36 1 191 40 257 8 30 9 22 129 401 12 19 40 71
0 71291 538 1 40
0 71421 83 59 198 15 28 148 477 14 33 2 15 66 14 14 128
0 71586 13 13 479 16 262 43 21 62 109 53 56 15 83
0 71632 22 2 64 79 31 23 31 2 44 368 63 67 103 66 45 18 11 113 24 14 5 66 121 109 242 153 369 9 152 123 36 103 231
0 71777 47 23 55 98 43
0 71960 204 14 84 16 40 1 96 22 126 12 62 9 185 14 154 38 168 3 4 16 107
0 72285 52 4 186 47 202 71 62 101 97 111 95 7 117 19 87
0 72431 96 48 180 26 28 38 123 26 39 21 15 55 50 42 7 80 206 73 85 42 19 20 39 82 255 43 17 24 139 21 80 29 36 14 89 4 317 34 169 6 228 15 11 95 98 51 61 59 12 136 163 82 3
0 72757 99 20 57 132 46 43 6 106 99 6 8 24 6 144 47 18 8 164 7 16 687 23 7 68 11 2 12 51 273 53 25 73 139 82 107 16 138 15 60 22 422 182 109 28 182 26 24 119 34 123 18 241 155 7 120 10 9 17 4 9 16 70 57 35 50 2 126 91 41 4 175 29 32 30 146 16 205 21 42 87 7 26 93 49 97 91 9 56 57 42 125 36 90 50 204 25 154 33 16 61 72 55 14 18 78 80 26 39 40 32 29 50 27 81 133 58 21 2 11 8 89 22 195 23 120 53 396 7 283 51 181 12 59 79 14 73 110
0 72773 16 2 29 38 104 34 465 9 40 11 23 75 10 89 418 61 133 70 321 6 151
0 72822 106 212 55 22 222 39 20 81 3 56 118 14 26 30 387 20 240 2 54 34 52 40 118 1 340 131 135 29 47 115 96
0 72856 44 36 119 37 120
0 73216 218 345 44 60 45 56 24 115 288 42 342
0 73546 10 52 112 8 194 29 256 102 389 8 153 124 177 33 11 7 55 12 236 53 22 5 55 57 9
0 73549 150 10 161 70 43
0 73552 165 198 76 62 116 3 11 62 126
