0 0 480 8 72 69 194 25 171 69 42 148 32 39 216 19 373 70 168 118 22 161 308
0 195 14 22 240 55 129 13 18 55 92 53 26 20 52 7 48 49 131
0 325 14 1 117 21 91 7 41 21 48
0 436 176 15 114 41 115 77 25
0 490 50 21 19 1 37 42 20 43 6 113 129 10 25 36 151 30 18 128 364 7 174 10 33 58 153 131 42
0 660 8 253 277
0 687 219 41 26 91 155 29 54
0 921 4 12 76 38 93 108 37 38 59 23 24 6 4 84 47 15 192
0 1011 3 12 26
0 1409 112 17 315 2 14 44 145 32 54
0 1511 5 64 127
0 1713 206 91 124 72 66 60 26 7 115 80 128
0 1718 152 29 36 36 6
0 1765 38 22 10 7 40
0 1890 3 51 67 126 288 43 83 18 79 136 81 13 96
0 2087 227 37 146
0 2479 19 22 90 148 52 2 339 33 218 63 11 76 117 32 29 62 6 66 19 24 8 11 63 59 273 9 142 22 153 9 24 5 69
0 2752 11 19 6 150 118 2 181 19 45 9 12 110 289
0 2800 87 108 53 81 222 90 185 13 56 84 25 30 187 24 148
0 2847 340 45 28 7 75 49 240 3 38 155 5
0 2896 207
0 2949 10 27 19 21 39 129 76 3 74 69 210 38 74 8 43 78 1
0 3018 242 187 50 218 88 16 148 26 5
0 3051 159 126 170 21 240 19 9 5 74
0 3267 94
0 3274 107 62 395 105 138
0 3284 260 56 189 6 106
0 3400 25 46 80 18 9 119 164 58 64
0 3469 34 54 79 39 448 4 26
0 3484 122 214 172 29 4 66 81 59 106 60 94 59 4
0 4210 150
0 4351 51 16 361 2 6 47 58 11 79
0 4406 31 1 29 2 20 14 116 46 245 91 52 2 41 31 123 48 82 77 130 131 76 27 102 19 77 13 55 51 25 25 93 15 17
0 4526 56 2 265
0 4586 48 9 17 40 4 51 238 4 218 36 47 21 197 20 86 39 105
0 5161 188 89 8 33 241 30 20 5 9 79 71 81 14 118 5 140 70 6 33 33 7 4 22 4 51 13 102 2 56 30 45
0 5198 134 56 25
0 5237 168
0 5242 129 18 86
0 5676 84 128 105 100 52 69 64
0 5721 54 5 128 45 23 24 154 158 24 33 1 20 69 18 48 15 66 30 170
0 5813 78 57 35 6 147 9 86 70 7 44 174
0 5992 22 199 171 35 402 11 93 12 17 29 17 44 5 121 70 15 106
0 6039 118 18 66 10 93
0 6210 474 46 52 10 2 163 136 26 181 141 145 12 240 20 60 10 94 94 51 48 62 110 78 53 76 61 93 33 112 161 85 4 68 8 72 35 28 43 68 44 26 41 57 275 221 108 79 8 80 106 87
0 6336 63 130 329 142 46 71 63 20 14 29 192 4 78 90 241 11 201 49 9 5 121 16 101 28 7 15 50 85 84
0 6620 270
0 6627 52
0 6971 43
0 7159 65 153 78 103 35
0 7333 92 67 102 9 480 25 31 101 142 28 117 43 85 15 156 40 92 7 157 12 58
0 7518 174 8 51 2 185 10 77 79 139 124 211 104 290
0 7658 397 123 3 29 77 33 123 31 79 47 209
0 8000 71 39 25 31 19 69 52 5 150 28 46 106 58
0 8039 35 102 66
0 8271 78 197 29 60 118 37 140 19 48 116 12 18 51 37 53 19 77 126 71 10 1 33 51 2 67 25 102 33 30 14 62
0 8337 4 57 8
0 8473 303 100 82 32 61 80 23 79 363 6 9
0 8814 84 29 22 35 130 17 99 100 243 17 189 71 162 23 67 34 115 44 1 38 13 5 8
0 9273 347 2 28
0 9295 107 82 47
0 9331 238
0 9395 10
0 9505 11 15 44 64 165 2 241 189 68 59 34 153 32 15 215
0 9558 55 5 100
0 9565 99 38 320 136 65 7 12 91 101
0 9607 22 19 29 10 71 24 56
0 9627 32 8 16 8 48
0 9689 7 12 132 49 19
0 10367 204 108 27 63 218
0 10393 215
0 10464 5 3 85 130 82
0 10533 28 139 96 6 36
0 10550 7
0 10665 41 50 1009 9 25 37 22 10 4 7 47 6 148 72 132 33 217
0 10851 98 1 6
0 10984 301 82 143 25 303 92 10 3 71
0 11034 37 96 96 28 38
0 11400 173 51 213 17 8 23 73 18 23 68 262 82 118 1 12 11 46 106 60 8 36 60 2 37 102 21 120 106 79 157 33
0 11504 156 80 356 125 257 122 2 26 198 34 78 92 59
0 12169 39 1 71 52 14 55 16
0 12674 43 127 55
0 12723 53 24 230 6 242
0 12864 109 55 233
0 13045 138
0 13340 112 87 27 2 98 3 59 25 175 60 144 4 136
0 13396 115 5 24 23 42 51 112
0 13548 72 54 44 52 4 40 55 22 75 23 22 8 71 134 102 120 69 24 106 36 5 154 54 67 198 5 33 51 11 7 22 15 18 1 64 23 20 82 10 4 70 125 67 105 22 5 7
0 13625 28 3 149 4 32 35 94 6 49 43 7 23 109 95 42 59 25 6 57
0 13648 308 47 118 11 54 46 6 103 42 2 256 49 317 52 38 8 88
0 13887 434 44 74 8 7 25 60 26 101 9 33 96 118 9 36 160 393 51 99
0 14128 19 90 84 3 10 82 79 28 67 80 33
0 14332 1 111 145
0 14368 266 6 19 88 268
0 14803 47 22 93
0 14858 13
0 15119 8 60 107 346 138
0 15365 124 57 25 84 13 18 13 22 151 119 97 130 10 128 127
0 15380 48 71 120 64 38
0 15412 301 12 75 56 84 111 37
0 15520 39 190 79 6 216 67 46 11 39 6 323 25 16 73 19 54 171
0 15550 106 15 215 33 91 92 41 14 104 163 21 213 29 49 10 44 68 9 159 19 99
0 15580 16 19 152 36 46 152 11 16 68 1 57 209 93 33 65 150 68 2 99
0 15648 340 2 11 34 99 105 59 117 54 72 231 6 60 5 79 92 129 55 350
0 15685 342
0 15689 73 29 70 82 88 23 203 10 29 21 87
0 16317 183 6 101 17 2
0 16339 94 85 12 19 105 27 316 11 350 5 14 29 98 7 48 25 146 48 43 73 34 63 60 119 212 91 324 35 163 96 29
0 16564 252 104 191 3 43
0 16768 115 57 21
0 16954 62 32 7
0 16974 6 111 30
0 17077 101 32 179 49 6 4 6 72 330 36 95 139 127 84 76 68 115 4 17 18 150 211 108 52 45 77 97 13 10 99 26 10 16 268 55 4 104 37 28 58 44 30 90 6 56 59 21 13 54 3 62 17 6 32 17 33 133
0 17235 45 29 25 29 112 37 36 37 259 180 22
0 17439 88 7 81 24 10 59 17
0 17563 161 30 10 3 149 90 28
0 17716 136 26 65
0 17882 18 55 79 16 159 90 7 6 167 73 9 137 131 279 174 38 42 137 25 26 343 42 16 39 16 7 36
0 17902 61 26 37 25 207 14 37 3 17 61 205 76 66 6 289
0 17995 8 43 18
0 18095 208 54 125 65 145 77 23 25 81 72 143 34 79 28 132 30 15
0 18136 22 16 105 28 159 79 176 106 92 112 181 20 299 70 8
0 18150 99 117 188 19 176 107 104 17 28 72 24 21 182 107 41 18 11 116 42 31 23 72 9
0 18421 121 25 30
0 18433 188 1 11 23 120 33 32 41 18
0 18782 80 3 207
0 18956 44
0 19028 9 13 6 11 58 124 7 9 48 32 126 4 80 10 70 36 48 29 1
0 19222 52 31 1 10 40 102 10 37 253 20 52 59 117 43 615 112 7 55 254 183 649 127 6 72 211 6 22 212 175
0 19558 178 127 50 35 5 26 20 33 117 52 298
0 19602 131
0 19694 337 8 6 58 63 71 100 27 225 17 53
0 19935 3 1 7 64 64 41 103 53 267
0 20063 129 49 101
0 20242 85 3 52 80 3 17 211 26 108
0 20329 234 11 160 14 339 8 210 24 154 150 124 177 173 20 144 36 148 13 70 9 309 105 45
0 20471 58 8 69 78 134 23 59
0 20527 74 43 54 287 7 10 40 47 16
0 20581 38 88 60 21 13 35 20 86 21 51 6
0 20799 9 232 37 24 5 37 187 86 319 26 42 15 24
0 20836 71 18 307 38 163 1 302 11 72 19 99 3 83 22 112
0 20865 66 29 112 79 3 52 52 22 16 130 231 51 4 29 152
0 21007 12 58 2
0 21199 102 62 73 42 137 40 9 21 31 121 11 132 44 82 122 171 69 3 80 2 30 39 134 27 256 90 87 17 445 91 24 37 217 95 405 2 234 21 91 24 47 114 151 17 62 77 11 27 471 5 11 65 136 78 126 24 75
0 21218 206
0 21308 250 24 162
0 21422 16 20 19 8 63 103 84 26 240 131 253 34 64 67 17 33 173 26 133 32 4 5 179 9 10 50 20 26 2 93 23 86 62
0 21430 1 86 59 148 16 192 263 61 38 17 11 34 98
0 21596 74 82 516 46 196 32 120 65 92 36 78 16 50 37 75 1 109 23 135 10 453 116 189 40 107 14 240 87 321 38 213 26 104 15 273 60 122 73 6
0 22005 43 28 80 78 125 78 2 38 36 22 43 9 4 63 118 21 89 245 9
0 22053 132 3 147 74 288 3 282
0 22134 77
0 22193 101 8 11 37 102 14 61 6 99 27 26
0 22304 32 42 244 34 168
0 22351 357 12 144 55 19 170 95 7 61
0 22399 49 8 48 72 6 81 572
0 22765 93 17 59
0 22786 95 123 237
0 22837 63 89 29 17 1 76 118 21 311 50 8 11 96 34 76
0 22925 73 118 169 26 50 139 175 77 3 63 13
0 23029 228 138 2 131 102 39 288
0 23192 126 21 234 25 296 2 49 3 403 90 103 22 354 71 241 49 107 42 34 30 23 76 28 19 58 13 25
0 23236 217 45 111
0 23338 64 5 125 5 89 64 77 54 42 26 50 31 155 329 12
0 23345 49 30 15 133 70
0 23634 41
0 23680 6 85 49 77 286
0 24054 27 26 98 77 132 151 91 38 138
0 24363 4 37 109 25 105 2 4 31 16 5 42 26 79 55 234 31 57 79 135
0 24455 3
0 24576 59 23 84 48 2 83 43 22 156 70 8 104 173 24 247 188 58
0 24921 166 65 162 52 83 36 62 27 41 12 114 43 118 72 10 156 29 81 6 56 170 12 279 1 31 48 12 10 25
0 25443 361 16 32 35 7 4 161 48 16 196 174
0 25492 95 104 10 11 97
0 25603 23 40 12 36 416 29 153 11 52
0 25872 244 90 8
0 25992 84 72 83 92 37 3 119 63 53
0 26076 5 13 6 10 262 61 11
0 26160 94 53 33 23 172 105 16
0 26264 93 152 56 35 54 3 50
0 26277 122
0 26424 17 16 40 28 25 5 1 13 11 65 137 113 340
0 26648 10 54 242 1 208 8 8 17 115 16 87 18 61
0 26694 20 4 126
0 26792 42 37 45 8 34
0 27348 41 106 2 83 313
0 27425 37 115 16 118 25
0 27458 117 1 141
0 27470 94 9 2 56 11 97 124
0 27670 20 20 330 39 233 28 249 61 302 2 24 10 79 29 32
0 27784 65 7 31
0 27911 44 22 146 60 95 38 98 68 7 126 89 20 28 26 32 18 75
0 28119 26 17 7 7 112 23 184 136 85 15 35 11 62
0 28158 34 30 99 15 299 52 479 13 149 85 19
0 28450 83 106 1 150 71 2 83 27 148 81 18 2 133
0 28475 62 130 432 9 49 3 4
0 28561 47 180 55
0 29033 108 43 67 5 256 5 116 29 55 100 150 1 132
0 29303 21 30 52 28 13 13 79 60 47 26 14 91 113 147 166 75 5 77 249 22 49 33 188
0 29456 112 45 86 53 13 51 14 11 41 69 142 374 63 75 92 11 144
0 30519 44 16 92 106 17 23 231 19 153
0 30675 24 22 6 90 124 116 29
0 30721 46 49 220 104 3 2 5 17 45 9 207 4 144 103 67 84 6 73 41 25 104
0 30928 115 5 3 37 58
0 31043 346 7 23 79 118 5 16 29 43 1 12 21 22 150 98 53 73 90 54 220 63 39 3 62 397 54 139 52 242 31 97 38 230 20 223 127 76 1 338 92 169 63 132 79 62 176 1 7 18 42 25 130 318 53 62
0 31200 61 64 15 35 27 40 22 76 136 24 99 135 13
0 31331 25 61 50
0 31724 205 48 43 62 6 29 332 10 180 5 107 57 115 31 161 1 88 41 64 123 25 49 30 32 143 42 2 71 161 15 163 107 435 19 7 80 20
0 31951 111 116 352 121 7 128 23 8 144 33 76 296 3 39 26 21 192 11 41 48 12 44 205 29 81 61 213 6 42 11 134
0 32356 17 51 55 33 102 152 20
0 32376 237 11 128
0 32404 25 23 400 165 38 60 269 72 25 19 16 3 1
0 32564 36 34 55 24 400 69 28 21 128
0 32755 38 17 66
0 32800 214 3 60
0 32859 11 15 188 19 381 8 16 77 427 24 63 20 363
0 32878 36 16 56 1 2 24 154 168 41 109 26 20 81 129 90 79 64
0 33004 63 89 68 15 55 68 6 246 33 51 146 25 23 51 95 20 151 46 33 10 364
0 33210 50 17 112 24 65 50 91 28 84 23 1 14 16 3 14 26 133 4 45 112 7 33 47 30 4 84 59 102 86
0 33347 151 41 16 94 1
0 33348 25 207 82 7 57
0 33522 20 52 8 9 1 20 143
0 33782 5 24 66
0 34430 40 28 18 4 43 43 2 90 53
0 34632 113 51 161 5 72 8 96 114 170 113 54
0 34873 135 44 60 32 21 31 353 51 209
0 35193 29 322 30 88 192 29 150 40 165 13 31 30 86 295 26 40 65 43 168 101 44 181 123 23 473 18 12 37 65
0 35290 60 22 26 51 37 8 77 43 20 123 58 59 62 14 151 18 9 39 16 60 38 4 55
0 35320 19 36 88 73 36 18 5 63 29 35 52 13 135 35 32
0 35885 16 97 12 241 59 18 183 2 93 39 53 188 20 134 8 38 248 138 130
0 35915 18 61 22 42 100 93 84 24 47 76 12 1 14 79 13 26 169
0 35985 167 16 212 62 5 69 13
0 36016 34 13 10 50 251 11 106 159 150 61 122 55 62
0 36061 35 13 57
0 36630 32 176 201 54 235 3 56 19 55 63 109 168 26 43 58
0 36682 66 31 147 104 82 154 128 22 67 10 337 17 128 19 24 88 77 35 62 25 54 1 187 59 56
0 36836 70 36 30 82 122 45 29
0 36840 96 51 67 32 47 49 7 8 125 1 157 49 184
0 36982 106 37 72 25 162 157 4 17 231 21 41 15 188 29 5 18 14 2 106 25 57 78 168 14 177 43 158
0 37012 24 82 66 2 8
0 37026 146 27 5 96 56 22 41 11 140 38 24 41 169 53 146
0 37029 110 8 106 27 110 33 288 6 142
0 37162 167 16 38
0 37467 172 38 120 61 77
0 37660 11 65 85 49 134 139 20 9 24
0 37684 1
0 37929 6
0 37938 196 45 386 5 57 63 330 27 225 21 28 53 59 67 59 80 41
0 38230 397 16 39 17 101 50 111 141 6 87 37 16 223 90 70 115 216
0 38477 19 65 5 175 339 24 50 64 9 77 55 3 12 87 47 111 110 9 11
0 38605 195 23 132 11 17
0 38634 116 32 215 33 71 29 103 55 95 21 191 34 51 6 53 133 28 59 10 10 2 71 41 29 49
0 39022 88 16 127 26 182 129 431
0 39145 58 156 74 68 107
0 39172 15 15 29 114 77 126 51 20 95 22 127 22 64 17 42
0 39225 217 80 22
0 39520 34 3 1 34 27 71 21 2 43
0 39773 2 55 126 132 99 46 39
0 39981 262 75 151 154 39 22 6 3 8
0 40050 4 1 133 22 77 73 113
0 40059 8 47 368 11 100 16 139
0 40173 9 20 32 41 60 76 59 34 45 57 128 9 49 14 24 227 17 20 44 100 12 55 129 30 14 94 32 17 13
0 40187 477 9 85
0 40575 39 67 2
0 40683 137 12 39 94 225
0 40913 50 89 59 8 232 61 10
0 40981 20 100 363 76 154 58 77 45 149 7 100 45 123 12 94 168 276 297 46 24 68 77 84
0 41002 9 17 121 3 4 25 99 14 7
0 41264 72 77 365 10 5 21 272 5 137 14 143 15 109 63 211 7 87
0 41301 48 13 100 2 283
0 41338 56 22 6 5 56 11 130
0 41352 227 12 6
0 41732 47 36 45 3 254
0 41891 121 29 209 53 174
0 41910 61 7 20 17 15 35 200 6 21
0 41995 180 45 131 2 345 60 44 17 73 138 32 27 194 24 65
0 42074 62 135 222 1 61 19 9 21 120
0 42458 61 23 27
0 42731 49 40 252 47 227
0 42779 251 226 33 123 130 42 267 32 291 62 118 52 36 37 240 29 108 1 141 29 208 75 7 13 30 1 53 40 1 57 394 35 204
0 42887 208 8 151 28 108
0 42899 177 6 159 61 115 52 117 46 110 84 30 44 293 54 71 21 718 2 104 3 548 121 96 29 27 18 17 3 10 151 73 10 276 15 125 138 502 23 22 79 22 10 60 22 38 92 192 51 50 10 106 11 157 141 42 42 88 94 21 45 12 169 3
0 43148 95 30 64
0 43397 157 6 308 4 48
0 43424 140 12 119 1 4 13 103
0 43525 29 34 211 12 155 60 8
0 43536 99 4 66 52 113 4 47 48 281 94 66 32 41 8 84 7 43 103 139 18 93 1 13 118 254
0 43721 99 195 139
0 43973 87 191 40 39 3 35 53 19 59
0 43980 23 103 194
0 43999 22 4 77 36 99
0 44112 186 1 298 11 136 80 1 50 396
0 44261 62 32 42 3 46 14 128 22 84 2 264 34 101 10 83 31 4 23 61 48 28 25 15 23 9 2 279
0 44287 627
0 44323 374 64 41 89 10 170 24 195 135 36 244 43 24 35 135 70 189 59 20 8 82 68 358 22 182 1 86 63 49 26 50 57 276 41 41 26 53 141 45 24 15 47 36 5 219 46 60
0 44385 34 48 173 83 43 67 28 33 166 30 63
0 44479 14 43 150 41 33 71 412 33 80 26 61 26 62
0 44565 77 41 24 58 217 124 149 70 63 67 82 35 50 19 8 2 17 133 15
0 44593 1 48 47 268 25 1 2 111 121 99 59 30 7 190 21 21 63 29 39 1 18 4 333 6 97 124 18 14 211 59 7 34 137 121 47 29 38 95 64 10 98 35 60 20 40 37 161
0 44595 115
0 44754 13 3 211 22 68 30 118 58 26
0 44911 48 95 87
0 44915 261 12 176 77 105 17 42 3 74 111 357
0 44920 29 120 17 126 197 81 119 105 210 195 47
0 44954 362 64 177 40 41 12 24
0 45120 36 99 36
0 45298 47
0 45459 181
0 45520 67 157 93 60 125
0 45521 12 27 260 99 159 40 439 46 1 42 218 40 17 53 29 4 173 12 562 7 121 51 196 8 69 205 3 69 117 7 285 5 302 134 240 62 14 4 10 166 270 25 201
0 45572 26 13 13 5 145 11 157 3 8 46 168 82 76 146 64 9 58 102 29 44 165 13 71 118 95 26 54 88 73 44 138 54 105
0 45665 46 122 464
0 45703 36 31 95 12 240 15 139 9 86
0 45900 27 55 131 113 36 2 6 5 139 10 8
0 45952 26 24 400 20 331 125 97
0 46274 24 9 23 2 2 149 34 89 2 20 15 66 25 3 5
0 46395 7 44 16 10 264 50 148 47 6 44 24 77 3
0 46771 31 22 112
0 46959 89 69 418 259 5 64 50 34 29 73 36
0 47208 72 6 605 106 19 24 396 96 70
0 47311 567
0 47444 1
0 47455 32 18 51 44 113 66 16
0 47829 159 73 100
0 48086 2 94 27
0 48165 53 23 335 147 42 27 8 23 40 151 82
0 48393 57 36 91 17 1 28 23 65 77
0 48779 19 60 161 39 368 1 26
0 48782 89 3 10 35 45 135 37 67 2 56 10 74 10 39 57 39 53 43 108 22 105 162 65 27 164 120 112 54 39 137 80 14 196 56 35 8 4
0 48833 58 1 271 95 65 25 163
0 48887 148 40 59 16 51 58 21 11 16 33 110 38 156 55 5 39 125 15 18 1 145 40 41 6 388 11 429 130 85 4 13 4 155 14 312 57 52
0 49063 184 5 150 31 199 22 103 150 89 27 109 29 72 32 11
0 49087 76 12 64 8 26 74 242
0 49215 10 14 66 82 55 44 292
0 49278 123 46 10 28 28
0 49301 155 86 417 20 195
0 49322 274 56 122 79 126 50 8
0 49439 53 30 19 37 13 75 75 10 75 1 89 20 11 42 108 40 53 4 46 48 13 67 91 26 39 25 4 113 66
0 49888 69 71 64 3 148 35 10 23 13 18 63 5 277 74 102
0 49982 43 14 306 142 74 65 372 50 46 52 118
0 50048 115
0 50051 147 204 116
0 50402 13 45 50 20 43 45 338 14 225 63 207 80 48 34 81 1 24 95 101
0 50491 101 12 176
0 50858 8 8 79
0 50882 534 17 95 65 31 11 141 28 434
0 50887 19 212 22 37 5 12 13
0 51104 65 11 52 25 95 13 33
0 51373 9 11 53 56 28 7 262 19 391 64 49 28 11 36 107 2 28 114 22 86 64
0 51378 234 46 12
0 51456 64 89 335 51 86 1 33 11 61
0 51734 5 63 93 20 38 3 125 16 6
0 51915 22 37 97
0 52071 11 95 85
0 52531 647 4 109 102 1
0 52538 102 2 78
0 52633 12 16 122 34 25 64 77 41 43
0 53072 258 62 180
0 53082 347 60 50 29 27 133 89 24 79 3 110 35 176 1 87 19 102 20 157
0 53154 35 122 7 46 50 79 223 26 87 94 16 29 13 140 1 41 97 43 165
0 53182 8 47 170 2 3 44 145 27 140 35 28 19 18 170 43 12 44 2 202 73 43 14 9 6 26 56 12 47 154 5 59 37 99 19 109 23 5 27 63 58 410
0 53494 54 9 106 120 126
0 53603 442 31 200 12 24 52 108 23 161 149 5 9 38
0 54080 180 44 280 13 11 170 95 60 150 23 314 91 218 3 424 71 6 91 126 55 93 177 244 155 35 48 171 33 1 29 184
0 54601 58 82 1 26 146 143 134 30 125 8 68 28 153 33 255 13 53 4 146 39 3 91 97 38 15 19 51 113 82
0 55098 311 5 20
0 55113 210 1 119 67 5
0 55148 232 36 90 186 333 43 31
0 55507 46 2 105 93 43
0 55572 182 1 47 34 103 1 171
0 55821 42 14 25 6 315 24 94 126 30
0 55861 50 21 28 98 188 35 210 33 159
0 56023 78 25 114 27 157 112 7 51 115 5 326
0 56154 173 14 21 106 61 17 40 130 154 17 41 58 46 86 1 13 9 11 266 29 89
0 56446 350 14 131
0 56653 106 22 1 42 240 65 27 180 63
0 56689 195 109 34 85 41 20 22 92 6 8 38 1 92 16 23 10 29 70 39 45 68 2 15
0 56790 51 36 44 6 141 33 18 18 57 39 85 10 85 116 77 2 301 28 26 94 73 32 169
0 56839 111 14 35 18 72 26 86
0 56900 63 38 13 119 132 7 257 62 11 131 59 63 12 152 18
0 57189 86
0 57261 124 126 136 137 10 24 19
0 57480 74 55 26 43 59 57 634 8 24 54 65 71 50 26 39 83 95 28 226 52 51 2 47 147 27 102 127 49 20
0 57518 110 21 215 30 201
0 57639 52 45 11 266 23
0 57771 327 119 151
0 58325 169 48 1
0 58384 128 78 7 26 49 5 423 57 57 27 83 52 21 23 115
0 58649 197 126 292 13 408 127 10 129 31 32 20
0 58695 91
0 58813 19 41 144
0 58873 92 64 87 110 110
0 59043 24 209 57
0 59092 151 53 83 6 139 1 7 9 11 6 369 47 23 11 118 134 174 79 42 9 7 43 84 11 115 9 119 179 124 16 105 11 41 53 32 18 36 60 37 67 238 63 50
0 59240 77 114 103 14 179 15 32 131 31 87 215
0 59383 581 30 7 12 22 12 4 23 18 81 133
0 59561 97 25 118 22 339 58 39 19 16 160 228 80 73 1 267
0 59790 18 25 16 49 9 193 43 40 79 19 73 2 123 15 11 106 42 1 205 24 54 1 119 4 10 17 7 79 18 16 56 14 26 12 21 26 148 15 2 11 74 16 12
0 60035 122 21 6
0 60041 30 9 196 25 207 48 12 26 4 13 48 19 2 71 90 23 81 44 58 16 47 18 104 83 48 105 25 51 89
0 60052 139 49 118 2 163
0 60177 64 115 71 46 5 30 15
0 60550 115 15 17 22 81 9 191 113 1 185 67 62 13 431 276 151 42
0 60626 16 43 117 42 80 1 16 3 81 52 276 115 276
0 60680 122 46 14 17 79 5 48 29 20 67 108
0 60687 322 162 309 72 21 58 184 51 154 7 197
0 60700 637 96 382 132 195 20 26 12 120 50 240 48 18 12 87 156 44 28 71 62 142 61 140 44 129 33 283 5 107 28 17
0 60787 46 129 57 45 79 3 70 18 17 69 81
0 61054 89 101 27 114 21 26 21 88 54 14 12 14 168 31 16
0 61118 70 72 2 29 24
0 61532 19 74 6 10 136 98 47 35 48 69 254 35 49 28 71 35 135 70 67
0 61536 304 47 184 76 70 107 112 5 66 21 99 47 11 20 535 25 276
0 61719 133 98 70
0 61843 20 48 24 76 359 31 1 18 154 6 58
0 61863 42 2 125
0 61884 86 16 68 133 113
0 61965 68
0 62104 193 54 111 16 20
0 62124 1
0 62222 54 6 139 51 45 99 52 3 48 116 87 6 66
0 62268 156 9 95 10 386 43 204 34 3 46 47 24 34 39 279 50 13 130 107
0 62304 66 19 34 17 102 120 67 131 384 9 107 61 76 58 93 70 2 29 77 103 44
0 62542 30 71 448 71 59 71 19 19 22
0 62722 20 1 87 62 24 16 3
0 62902 57 60 247 10 15 74 74
0 63277 243 103 38 10 8 45 125 66 104 28 74 132 208 114 136 15 47 20 19 8 93 35 43 1 10 135 19 129 133 10 60 37 40 156 157 39 12 41 92
0 63328 70 51 81 17 98 234 3
0 63407 139 44 90 5 183
0 63691 150 70 220 81 17
0 64655 19 1 53 28 40 60 316 15 5 84 17 7 92 107 84 9 249 6 38 45 515 55 41
0 64665 80 12 63 19 210 40 40 8 40 15 3 95 115 1 180 119 47 79 308 33 101
0 64839 5 5 48 16 37
0 65052 279 25 38 35 133 81 171 4 346 159 6 7 57
0 65077 24 11 110 20 119 13 89
0 65088 35 41 269 6 25 13 42 169 188 107 26 2 111 167 1
0 65090 73 6 128 59 3 5 210 75 49 61 161 76 25 4 142 5 340 57 426 13 73 40 8 36 5 153 120 44 240 90 60 41 29 22 201 3 156 28 40 57 11 30 71 21 17
0 65262 81
0 65422 195 8 30 12 12 15 19 18 15
0 65566 13 3 43 76 11 10 81 28 229 2 4 71 118 43 121 71 32 4 251
0 65704 8 7 20 61 203 154 238
0 65748 235
0 65826 12 54 163 91 195 70 303 12 12 65 54 16 32
0 65892 43 115 78 36 300 207 248
0 66031 4 15 11 21 5 31 39
0 66036 52 14 13 93 162 2 39
0 66096 123 35 161
0 66359 23 160 132 44 60 55 102 18 118 42 21 94 115 42 282 38 36 3 76
0 66614 9 65 83 7 23 18 77 10 248
0 66706 66 9 133 130 371 97 95 59 20 19 1 89 264
0 66754 106 88 16
0 66889 90 10 308 27 31 97 56 1 217 99 245
0 66915 6
0 66964 98 12 83 17 22 100 24 114 4 30 161 3 74 11 252 8 83 11 11 35 36 164 73 57 66 35 15 18 75 65 106 28 4 65 1 17 77 65 216 108 23 8 78 7 171 29 17 23 34 66 3 5 3
0 67024 261 105 131 27 42
0 67249 37 159 455 34 301
0 67411 100 16 116 20 4
0 67522 263 10 25 3 339 22 8 20 12 28 152
0 67534 15 26 118 21 111 1 32 13 100 69 223 120 23 44 88
0 67795 15 47 228 58 111 17 240 4 110
0 68231 26
0 68363 54 106 128 18 115
0 68474 187 40 77 19 15
0 68727 6
0 68787 121 98 27 122 51 50 35 13 30 3 121 74 16 162 116 7 214 37 208
0 68968 185 68 12
0 69066 19 81 121 17 58
0 69090 127 60 186 21 215
0 69330 116 22 254 2 5 37 54 2 22 20 92 15 39
0 69400 7 36 129 56 28 21 159 19 7 150 18 157 6 88 39 56 66 127 177 77 1 10 75 1 106 57 18
0 69489 12 66 74 22 10 2 13 52 10 91 79 24 71 104 17 31 48 35 240 41 211
0 69694 107 31 36 41 59 104 233
0 69712 22 27 92 74 102 2 23
0 69718 63 173 58
0 69956 36 78 255 44 25
0 70122 135 53 135 125 126 7 36
0 70397 249 17 109
0 70421 46 85 74 36 64 7 205 2 170 82 36 18 22 13 56 78 130 60 90 3 21 36 17
0 70480 41 41 4
0 70627 83 48 331 6 447 27 238 36 251 80 250 18 118 8 3 43 402 44 20 260 165 59 123 2 117 55 210
0 70629 200 15 73 21 47 2 131 48 33 40 28 239 49 49 43 136 54 97 118
0 71056 56 86 70 25 106 33 73 13 179 6 228 65 81 56 218 154 124 137 49 94 156 4 5 29 19 14 93
0 71331 342
0 71430 78 34 240 279 15 26 114 5 10
0 71472 89 186 13 6 91 15 51 41 266
0 71614 251
0 71671 135 7 19 13 186 75 28 2 65 29 143 26 148 182 18 23 155 15 118 79 106 142 418 33 331 15 39 78 111 130 73 65 24 16 89 8 76
0 71681 3 67 257 85 52 135 18 108 19 57 51 25 160 7 40 16 124
0 71762 303 62 247 52 43 48 161 81 2 59 257
0 71798 158 21 24 1 132 92 55
0 71822 207
0 71864 374 1 67 21 160 57 349 21 33 65 1 7 103 1 82 133 30
0 71885 38 23 27 112 240 57 86 1 15 37 16 72 52 30 31 27 35
0 71938 24 12 62 20 89 61 8
0 72070 82 225 30 7 57 40 57
0 72098 93 4 25 50 264
0 72280 23 52 35 51 33 126 17 32 67 59 13 13 19 9 316
0 72289 115 24 146 35 14 16 20 217 88 9 94
0 72366 4 11 1 62 39 14 56 50 52 3 48 7 45 72 29 71 121 233 3
0 72392 16 140 39 4 52 162 28 63 46 67 102 32 41 21 24
0 72400 18 32 292 23 192 8 2 11 158 19 209 12 29 58 139 1 79 32 209 47 11 103 35 5 34 40 112 20 26 2 329
