0 0 480 8 72 69 194 25 171 69 42 148 32 39 216 19 373 70 168 118 22 161 308 76 130 7 43 120 109 65 25 9 109 46 106 13 40 26 14 24 97 66 82 44 14 1 117 21 91 7 41 21 48 26 74 88 30 57 82 58 154 13 256 18 50 21 19 1 37 42 20 43 6 113 129 10 25 36 151 30 18 128 364 7 174 10 33 58 153 131 42 7 113 4 506 139 68 9 219 41 26 91 155 29 54
0 234 4 12 76 38 93 108 37 38 59 23 24 6 4 84 47 15 192 6 60 2 24 13 90 133 112 17 315 2 14 44 145 32 54 15 68 3 127 64 97 68 206 91 124 72 66 60 26 7 115 80 128 23 3 76 58 18 71 3 46 16 38 22 10 7 40 63 83 2 102 34 251 144 85 42 35 40 272 41 26 48 14
0 574 73 73 322 131 19 22 90 148 52 2 339 33 218 63 11 76 117 32 29 62 6 66 19 24 8 11 63 59 273 9 142 22 153 9 24 5 69 60 182 6 38 3 299 59 4 91 38 23 18 6 219 145 137 16 87 108 53 81 222 90 185 13 56 84 25 30 187
0 795 101 16 340 45 28 7 75 49 240 3 38 155 5 1 33 104 160 18 10 27 19 21 39 129 76
0 906 138 105 76
0 930 43 78 1 36 46 121 373 25 436 44 31 74 51 3 81 11 159 126 170 21 240 19 9 5 74 3 144 47 34 3 107 62 395 105 138 16 7
0 1096 189 6 106 41 77 13 92 40 35 5 237 82 115 32 63 23 34 54 79 39 448 4 26 62 10 61 428 86 57 2 132 41 117 53 120 47 117 2 9 242 150 37 94 26 32 181 4 3 93 29 21 40 311 19 31 1 29 2 20 14 116 46 245 91 52 2 41 31 123 48 82 77 130 131 76 27 102 19 77 13 55 51 25 25 93 15 17 9 80 28 4 133 154 20 48 9 17 40 4 51 238 4 218 36 47 21 197 20 86 39 105 147 383 94 177 4 65 121 59 10 9 5 157 36 161 7 236 3 280 35 11
0 1193 7 4 22 4 51 13 102 2 56 30 45 6 25 67 111 13 5
0 1445 26 2 129 18 86 26 289 42 256 53 199 26 137
0 1716 30 27 10 64 89 12 48 77 316 12 65 1 39 35 35 24 29 33 60 85 101 31 78 57 35 6 147 9 86 70 7 44 174
0 1895 22 199 171 35 402 11 93 12 17 29 17 44 5 121 70 15 106 23 32 59 36 33 20 47 503 57 474 46 52 10 2 163 136 26 181 141 145 12 240 20 60 10 94 94 51 48 62 110 78 53 76 61 93 33 112 161 85 4 68 8 72 35 28 43 68 44 26 41 57 275 221 108 79 8 80 106 87 144 84 32 260
0 2321 46 71 63 20 14 29 192 4 78 90 241 11 201 49 9 5 121 16 101 28 7 15 50 85 84 1 189 135 2 3 52 5 230 22 37 63 65 153 78 103 35 99 116 46 133 51 17 240 49 16 201 71 55 59 86 43 30 78 79 46 13 79 23 29 114 62 174 8 51 2 185 10 77 79 139 124 211 104 290 46 93 199 246 2 57 39 65 62 62 40 94 105 120 114 71 39 25 31 19 69 52 5 150 28 46 106 58 12 26 18 203 33 294 78 78 197 29 60 118 37 140 19 48 116 12 18 51 37 53 19 77 126 71 10 1 33 51 2 67 25 102 33 30 14 62 14 44 2 113 4 92 46 303 100 82 32 61 80 23 79 363 6 9 113 228
0 2406 22 35 130 17 99 100 243 17 189 71 162 23 67 34 115 44 1 38 13 5 8 11 306 174 4 14 12 8 107 82 47 2 24 119 6 22 10 68 73 6 29 22 128
0 2411 241 189 68 59 34 153 32 15 215 13 36 28 10 50 88 3 99 38 320 136 65 7 12 91 101 26 28 11 37 15 20 36 47 28 45 7 32 8 16 8 48 24 41 4 23 66 98 10 44 226 204 108 27 63 218 2 17 108 34 24 5 3 85 130 82 22 46 14 278 48 12 18 5 6 7 81 77 21 100 505 17 13 74
0 2440 4 7 47 6 148 72 132 33 217 13 124
0 2442 6 43 89 151 163 72 50 152 184 5 5 36 50 17 37 96 96 28 38 153 244 87 101 107 34 4 46 37 36 12 136 131 164 59 2 6 22 23 212 30 16 18 120 1 73 51 41 60 211
0 2911 33 63 69 78 160 178 250 129 244 1 52 99 67 39 184 30 55 222 39 1 71 52 14 55 16 7 337 22 254 28 36 17 53 24 230 6 242 6 94 55 109
0 2913 121 69 118 99 112 87 27 2 98 3 59 25 175 60 144 4 136 35 37 58 9 12 46 21 102 56 460 51 72 54 44 52 4 40 55 22 75 23 22 8 71 134 102 120 69 24 106 36 5 154 54 67 198 5 33 51 11 7 22 15 18 1 64 23 20 82 10 4 70 125 67 105 22 5 7 89 52 14 5 75 8 16 70 47 11 25 85 4 46 55 189 21 118 13 11 29 158 8 308 47 118 11 54 46 6 103 42 2 256 49 317 52 38 8 88 86 159
0 3043 74 8 7 25 60 26 101 9 33 96 118 9 36 160 393 51 99 47 161 10 180 42 6 5 163 40 56 34 159 17 22 68 1 111 145 25 24 133 12 10 175 134 21 145 47 22 93 1 37 7 45 87 8 60 107 346 138 74 164 62 113 13 168 7 36 7 44 76 238 49 259 5 256 64 34 5 48 71 120 64 38 26 21 151 23 38 111 42 221 19 166 36 39 190 79 6 216 67 46 11 39 6 323 25 16 73 19 54 171 99 20 53 29 108 65 46 183 21 28 52 326 11 425 15 98 5 88 34 18 80 37 50 174 10 16 19 152 36 46 152 11 16 68 1 57 209 93 33 65 150 68 2 99 88 46 170 4 6 68 50 209 30 234 27 144 116 12 30 10 40 183 65 109 175 10 13 342 51 3 37 58 35 163 44 46 102 19 15 42 44 37 210 183 6 101 17 2 155 15 47 169 6 38 53 53 158 22 175 9 7 58 49 13 24 49 73 95
0 3260 34 63 60 119 212 91 324 35 163 96 29 19 150 126 208 96 5 22 22 68 115 57 21
0 3446 62 32 7 13 14 3 221 15 562
0 3597 64 90 97 3 7 3 144 165 71 48 278 64 167 38 136 58 8 9 36 75 422 54 103 23 153 49 26 5 197 13 20 8 535 28 8
0 3707 28 58 44 30 90 6 56 59 21 13 54 3 62 17 6 32 17 33 133 47 105 23 57 13 57 56 74 18 73 130 360 11 65 68 88 7 81 24 10 59 17 29 83 81 60 5 6 75 179 14 24 51 136
0 3804 262 56 18 55 79 16 159 90 7 6 167 73 9 137 131 279 174 38 42 137 25 26 343 42 16 39 16
0 3857 143 7 61 26 37 25 207
0 3912 6 9 121 103 151 33 11 145 16 31 8 43 18 80 67
0 4074 125 65 145 77 23 25 81 72 143 34 79 28 132 30 15 74 28 11 31 53 55 80 157 88 211 46 223 91 40 150 139 4 213 5 99 117 188 19 176 107 104 17 28 72 24 21 182 107 41 18 11 116 42 31 23 72 9 12 181 61 49 15 83 4 188 1 11 23 120 33 32 41 18 14 233 40 5 104 5 58 44 89 48 5 25 3 21 29 247 4 17 24 64 63 8 40 20 35 71 24 58 1 284 65 52
0 4075 19 20 203 5 73 127 40 26 118 59 86 308 224 4 109 127 366 325 254 3 143 106 12 11 423 88 107 112 178 127 50
0 4083 51 10 66 59 104 149 9 15 131 46 62 169 16 3 115 32 141 50 53 113 33 27 82 81 3 1 7 64 64 41 103 53 267 13 85
0 4230 101 45 120 43 6 26 160 2 34 106 51 54 214 29 234 11 160 14 339 8 210 24 154 150 124 177 173 20 144 36 148 13 70 9 309 105 45 31 95 29 15 35 156 67 46 30 85 19 74 43 54 287 7 10 40 47 16 52 36 19 175 30 41 7 69
0 4488 21 51 6 63 146 5 463 19 47 3 74
0 4745 319 26 42 15 24 75 25 36 36 154 75 82 2 151 22 36 37 50 6 42 44 56 141 10 66 29 112 79 3 52 52 22 16 130 231 51 4 29 152 13 95 6 115 1 559 64 102 62 73 42 137 40 9 21 31 121 11 132 44 82 122 171 69 3 80 2 30 39 134 27 256 90 87 17 445 91 24 37 217 95 405 2 234 21 91 24 47 114 151 17 62 77 11 27 471
0 4761 130 68 155 63 48
0 4773 13 103 29 30 250 24 162 161 76 8 40 10 15 32 206 42 52 120 261 127 68 32 133 9 65 87 51 67 64 2 9 90 18 5 99 10 52 1 186
0 5031 62 64 6 1 172 30 296 8 384 132 121 19 33
0 5133 98 190 111 37 163 258 91
0 5229 120 65 92 36 78 16 50 37 75 1 109 23 135 10 453 116 189 40 107 14 240 87 321 38 213 26 104 15 273 60 122 73 6 92 273 22 55 40 156 63 155 1 76 18 44 22 17 2 126 59 41 45 489 5 62 16 132 3 147 74 288 3 282 2 54 39 102 20 101 8 11 37 102 14 61 6 99 27 26 19 74 16 83 122 67 84 86 16 357 12 144 55 19 170 95 7 61 27 32
0 5251 48 72 6 81 572 11 244 47 33 30 15 7 95 123 237 70 34 32 178 15 34 1 151 59 41
0 5400 8 11 96 34 76 55 59 37 235 85 51 25 278 88 153 2 126 7 63 35 228 138 2 131 102 39 288 131 109 63 42 117 50 148 3 25 6 202 179 52 44 177 142 121 97 54 83 17 60 12 152 14 38 29 25 13 15 15 217 45 111 69 68 32 10 63 9 45 127 39 108 21 52 25 61 78 658 6 32 3 49 30 15 133 70 2 193 21 46 16 6 85 49 77 286 43 249 14 52 49 153 66 302 46 76 69 186 103 4 37 109 25 105 2 4 31 16 5 42 26 79 55 234 31 57 79 135 2 62 2 153 41 59 23 84 48 2 83 43 22 156 70 8 104 173 24 247 188 58 141 230 83 130 81 103 42 72
0 5479 41 12 114 43 118 72 10 156 29 81 6 56 170 12 279 1 31 48 12 10 25 49 348 181 32 16 70 4 8 81 95
0 6066 174 24 33 48 208 5 22 49 88
0 6100 80 6 71 208 58 77 22 26 18 90 244 90 8 40 80 42 143 42 184 19 6 60 125 27 52 28 5 13 6 10 262 61 11 28 56 47 105
0 6168 172 105 16 30 70 47 303 28 70 27 5 25 8 5 122 64 98
0 6215 40 28 25 5 1 13 11 65 137
0 6725 113 75 10 54 242 1 208 8 8 17 115 16 87 18 61 6 31 10 8 63 48 33 42 37 45 8 34 20 371 21 211 1 165 157 31 26 37 115 16 118 25 10 22 59 1 71 62 4 94 9 2 56 11 97 124 72 133 10 39 165 77 117 55 125 121 151 4 12 20 40 57 16 12 38 65 7 31 84 85 22 43 73 119 48 76 49 135 4 251 45 40 14 51 16 36 38 129 70 26 17 7 7 112 23 184 136 85 15 35 11 62 51 26
0 6814 99 15 299 52 479 13 149 85 19 65 195 42 211 1 300 36 3
0 6894 148 81 18 2 133 29 17 31 259 216 18 25 6 2 29 29 47 180 55 62 315 54 85 34 9 128 10 58 57 28 200 75 1 66 211 90 21 30 52 28 13 13 79
0 6964 51 7 181 57 294 83 149 3 153 125 44 25 65 94 156 51 112 45 86 53 13 51 14 11 41 69 142 374 63 75 92 11 144 40 709 22 32 46 212 9 45 116 38 77 59 52 24 22 6 90 124 116 29 97 31 23 98 110 207 2 3
0 7014 45 9 207
0 7230 206 34 167 3 146
0 7304 104 17 138 58 10 2 73 29 533 39 346 7 23 79 118 5 16 29 43 1 12
0 7337 300 49 105 37 180 27 439 32 78 2 124 199 108 70 103 121 61 49 75 115 39
0 7716 76 1 338 92 169 63 132 79 62 176 1 7 18 42 25 130 318 53 62 60 105 31 128 8 70 14 80 11 151 68 47 50 269 7 28 44 25 61 50 178 262 103 95 22 123 3 58 166 20 90 10 54 114 58 62 81 2 44 81 32 246 13 98 15 63 72 83 1 142 81 30 82 214 218 37 4 160 10 300 76 111 116 352 121 7 128 23 8 144 33 76 296 3 39 26 21 192 11 41 48 12 44 205 29 81 61 213 6 42 11 134 26 270
0 7869 55 33 102 152 20 11 14 119 21
0 8036 19 13 46 200 330 19 120 135 144 13 38 8 6 1 83 54 36 34 55 24 400 69 28 21 128 9 128 19 34 33 22 15 214 3 60 63 40 6 29 94 37 191 15 8 153 214 48 32 40 182 152 7 36 16 56 1 2 24 154 168 41 109 26 20 81
0 8171 157 32 191 42 63 89 68 15 55 68 6 246 33 51 146 25 23 51 95 20 151 46 33 10 364 138 137 25 33 56 48 33 99 46 55 42 46 1 27 8 6 7 51 67 7 23 223 4 65 24 60 2 168 30 203 43 32 46 151 41 16 94 1 21 1 13 413 41 14 29 52 58 20 52 8 9 1 20 143 7 174 3 48 33 75 216 40 28 18 4 43 43 2 90 53 46 135 57 102 81 10 36 15 48 228 85 226 27 82 81 135 44 60 32 21 31 353 51 209 145 214 15 643 15 176 96 57 75 79
0 8210 31 30 86 295 26 40 65 43 168 101 44 181 123 23 473 18 12 37 65 113 65 30 43 13 102 19 15 39 85 10 246 29 118 31 27 76 36 5 77 8 120 19 8 28 137 10 19 36 88 73 36 18 5 63 29 35 52 13 135 35 32 91 377 8 194 6 481 30 36 92 4 47 77 27 376 10 267 4 75 124 276 65 159
0 8236 122 11 84 50 186 42 48 24 151 6 1
0 8473 13 26 169 28 47 84 31
0 8657 5 69 13 58 21 17 26 5 99 126 21 53 318 75 122 61 109 31 26 15 35 13 57 73 380 16 351 101 108 118 5 28 38 28 125 55 336 13 85 29 237 18 66 31 147 104 82 154 128 22 67 10 337 17 128 19 24 88 77 35 62 25 54 1 187 59 56 35 103 35 71 15 164 61 89 15 119 2 96 51 67 32 47 49 7 8 125 1 157 49 184 133 95 53 74 36 49 81 314 2 33 116 41 21 29 94 58
0 8711 14 2 106
0 8797 155 84 28 89 86 79 44 10 24 82 66 2 8 69 10 73 53 3 191 28 44 21 22 70 76
0 8920 169 53 146 38 2 55 16 53 54 55 66 144 12
0 8960 89 84 32 19 48 102 172 38 120 61 77 36 129 6 130 43 98 67 277 10 17 12 9 8 1 1 163 3 154 3 196 45 386 5 57 63 330 27 225 21 28 53 59 67 59 80 41 79 195 199 31 20 33 51 100 56 281 3 173 19 32 112 180 35 229 108 189 83 19 65 5
0 9468 47 25 128 5 153 28 6 6 173 24 222 55 17 6 48 43 195 23 132 11 17 119 19 58 64 108 66 36 58 52 109 48 41 96 67 26 12 27 265 14 118 5 20 1 142 21 58 25 51 130 88 16 127 26 182 129 431 21 82 29 312 37 136 54 148 9 15 15 29 114 77 126 51 20 95 22 127 22 64 17 42 8 35 109 160 11 90 99 34 3 1 34 27 71 21 2 43 27 169 1 110 63 264 50 91 20 79 70 262 75 151 154 39 22 6 3 8 27 46 2 2 67 43 39 145 57 66 3 8 47 368 11 100 16 139 144 76 5 39 16 82 30 151 30 68 23 113 64 18 25 27 12 453 9 39 22 200 6 109 65 59 7 187 16 34 7 13 5 477 9 85 7 259 20 133
0 9527 72
0 9563 39 94 225 35 153 25 178 30 16 116 121 5 213 23 20 100 363 76 154 58 77 45 149 7 100 45 123 12 94 168 276 297 46 24 68 77 84 36 14 5 34 61 5 2 49 50 28 4 159 88 72 77 365 10 5 21 272 5 137 14 143 15 109 63 211 7 87 23 25
0 9600 100 2 283 33 25 28 44 3 9 28 22 65 18 5 227 12 6 25 253 24 71 23 6 127 46
0 9781 58 105 106 87 76 7 61 7 20 17 15 35 200 6 21 75 57 90 90 66 4 173 120 22 33 37 276 16 54 97 47 33 84 27 62 135 222 1 61 19 9 21 120 13 256 31 46 14 40 91 49 40 252
0 10121 320 16 251 226 33 123 130 42 267 32 291 62 118 52 36 37 240 29 108 1 141 29 208 75 7 13 30 1 53 40 1 57 394 35 204 18 72 104 16 76 55 54 630 4 177 6 159
0 10294 103 59 92 55 167 15 87 147 107 36 42 359 3 52 5 274 242 48 57 14 36 9 6 5 302 37 20 138 29 63 275 251 45 11 157 11 19 30 44 19 183 96 102 25 19 53 22 79 281 21 84 44 187 11 90 6 338 2 19 83 95
0 10390 41 83 157 6 308 4 48 26 18 70 23 60 1 2 25 52 70 34 29 34 211 12 155 60 8 117 8 50 7 33 104
0 10402 47 48 281 94 66 32 41 8 84 7 43 103 139 18 93 1 13 118 254 9 124 50 390 70 84 84 87 191 40 39 3 35 53 19 59 14 5 12 206 97 34 7 22 4 77 36 99 39 76 93 1 149 21 68 160 1 100
0 10793 99 31 64 21 6 23 28 64 43 42 4 132 67 51 19 42 62 2 46 31 95 14 49 8 46 5 4 140 2 9 627 233 24 187 128 21 178 5 339 12 390 68 71 122 85 12 69 68 139 95 117 10 16 41 135 179 43 91 2 43 125 25 51 25 114 138 82 21 51 27 281 23 47 8 93 18 10 110 92 30 94 21 34 48 173 83 43 67 28 33 166 30 63 64 63 7 85 75 82 17 141 206 66 40 52 31 51 31 171 29 77 41 24 58 217 124 149 70 63 67 82 35 50 19 8 2 17 133 15 234 19 1 95 24 536 13 2 1 222 61 197 30 59 4 380 11 42 32 57 20 1 9 8 167 11 49 247 9 27 106 117 4 68 69 242 24 58 19 190 32 20 49 70 30 39 20 73 81 4 1 115 44 106 7 6 106 44 34 60 59 116 13 24 53 48 95 87 47 3
0 10829 176 77 105 17 42 3 74 111 357 47 4 15 239 9 252 99 162 60 210 105 390 24 69 12 362 64 177 40 41 12 24 12 111 18 198 18 1 60 47 4 108 91 48 21 67 157 93 60 125 208 1 6 53 130 197 80 80 220 91 1 84 109 80 9 105 15 8 87 24 281 14 61 102 98 16 35 409 2 137 59 14 143 10 151 267 120 123 7 8 5 331 135 49 101 313 17 26 13 13 5 145 11 157 3 8 46 168 82 76 146 64 9 58 102 29 44 165 13 71 118 95 26 54 88 73 44 138 54 105 15 62
0 11193 464 42 26 18 61 48 24 120 29 70 17 43 106 66 27 55 131 113 36 2 6 5 139
0 11205 59 18 26 24 400 20 331 125 97 66 215
0 11231 23 2 2 149 34 89 2 20 15 66 25 3 5
0 11352 7 44 16 10 264 50 148 47 6 44 24 77 3 7 251 16 43 56 105 63 89 69 418 259 5 64 50 34 29 73 36 38 166 36 12 303 212 10 47 198 192 35 6 35 567 1 89 1 61 4 32 18 51 44 113 66 16 6 250
0 11570 100 11 171 1 188 14 109 27 53 23 335 147 42 27 8 23 40 151 82 40 152 29 71 46 34 1 55 12 129 39 70 129 19 60 161 39 368 1 26 176 2 45 6 5 70 23 269 19 134 1 112 5 148 5 78 29 78 27 86 54 44 53 324 33 53 82 239 56 107 20 274 40 27 98 111 18 16 2 53 17 58
0 11977 190
0 12050 163 177 36 74 80 30 31 26 116 11 22 8 65 55 75 78 109 3 77 63 30 9 2 73 79 21 12 194 21 215 260 43 7
0 12062 155 14 312 57 52 69 117
0 12077 150 31 199 22 103 150 89 27 109 29 72 32 11 32 16 38 24 32 16 13 147 121 61 43 10 14 66 82 55 44 292 17 42 62 92 5 56 14 48 8 155 86 417 20 195 30 14 137 112 61 158 63 100 4 284 39 53 30 19 37 13 75 75 10 75 1 89 20 11 42 108 40 53 4 46 48 13 67 91 26 39 25 4 113 66 75 299 35 141 32 6 74 70
0 12144 13 18 63 5 277
0 12297 91 32 43 14 306 142 74 65 372 50 46 52 118 4 44 58 15 1 147 204 116 95 234 7 90 25 40 22 90 169 27 113 125 104 159 24 68 41 2 12 189 51 28 30 101 12 176 14 245 4 15 40 88 8 534 17 95 65 31 11 141 28 434 28 3 10 424 11 73 3 24 7 55 73 65
0 12374 49 48 25 17 202 90 9 11 53 56 28
0 12767 37 196 127 25 56 6 72
0 12772 28 114 22 86 64 15 4 117 91 6 73 26 64 89 335 51 86 1 33 11 61 39 186 3 125 47 40 19 5 63 31 3 20 61 22 37 97 13 104 6 190 43 35 154 647 4 109 102 1 11 5 51 4 39 71
0 12790 31 61 67 13 127 39 82 22 27 147 258 62 180 88 7 174 119 25 57 14 266 45 48 40 6 55 69 88 1 44 37 51 39
0 13056 48 18 243 4 91 25 157 112 52 44 188 8 58 7 279 1 82 49 86 83 408 10 8 47 170 2 3 44 145 27 140 35 28 19 18 170 43 12 44 2 202 73 43 14 9 6 26 56 12 47 154 5 59 37 99 19 109 23 5 27 63 58 410 24 208 27 17 53 239 63 121 37 442 31 200 12 24 52 108
0 13297 297 3 18 19 294 159 180 44 280 13 11 170 95 60 150 23 314 91 218 3 424 71 6
0 13486 109 47 354 122 310 18 95 86 66 1 58 92 276 174 58 82 1 26 146 143 134 30 125 8 68 28 153 33 255 13 53 4 146 39 3 91 97 38 15 19 51 113 82 6 331 156 10 10 39 5 210 1 119 67 5 33 23 116 71 45 372 167 86 16 31 120 46 2 105 93 43 34 43 91 2 24 68 52 1 86 80 83 42 14 25 6 315 24 94 126 30
0 13526 50 21 28 98 188 35 210 33 159 55 108 39 49 57 53 79 224 4 102 58 9 163 200 44 173 14 21 106 61 17 40 130 154 17 41 58 46 86 1
0 13540 22 133 57 45 17 98 350 14 131 41 138 53 44
0 13665 240
0 13706 359 32 214 12 195 109 34 85 41 20 22 92 6 8 38 1 92 16 23 10 29 70 39 45 68 2 15 115 67 26 72 22 12 71 66 9 36 29 77 43 20 43 231 39 4 151 56 13 187 37 64 85 66 17 111 14 35 18 72 26 86 73 41 32 75
0 14062 132 7 257 62 11 131 59
0 14080 303 9 1 97 86 27 48 62 252 68 274 5 47 10 287 73 74 55 26 43 59 57 634 8 24 54 65 71 50 26 39 83 95 28 226 52 51 2 47 147 27 102 127 49 20 21 25 55 41 108 60 101 40 41 52 45 11 266 23 13 88 164 237
0 14124 369 85 95 1 132 20 128 78 7 26 49 5 423 57 57 27 83 52 21 23 115 51 177 99 252 146 26 204 253 5 258 16 64 10 8 16 91 14 79 10 81 72 38 20 92 64 87 110 110 15 113 12 418 29 416 17 151 53 83 6 139 1 7 9 11 6 369 47 23 11 118 134 174 79 42 9 7
0 14250 21 58 18 60 357 62 31 53 22 21 105 16 36 18 120 19 134 119 126 25 101 50 77 114 103 14 179 15 32 131 31 87 215 48 95 291 60 4 24 11 24 2 46
0 14493 133 75 119 49 50 59 44 170 115
0 14549 16 160 228 80 73 1 267 207 153 9 50 8 97 5 386 22 79 40 37 37 4
0 14593 11 106 42 1 205 24 54 1 119 4 10 17 7 79 18 16 56 14 26 12 21 26 148 15 2 11 74 16 12 9 163 61 42 3 272 2 30 9 196 25 207 48 12 26 4 13 48 19 2 71 90 23 81 44 58 16 47 18 104 83 48 105 25
0 14727 37 4 139 49 118 2 163 29 83 32 230 36 91 3 59 8 160 125 115 15 17 22 81 9 191 113 1 185 67 62 13 431 276 151 42 63 51 8 86 59 84 40 1 8 5 41 104 138 230 138 108
0 14910 91 7 33 40 9 24 58 10 133 54 92 3 322 162 309 72 21 58 184
0 15141 14 99 301 5 637 96 382 132 195 20 26 12 120 50 240 48 18 12 87 156 44 28 71 62 142 61 140 44 129 33 283 5 107 28 17 55 58 23 258 29 90 40 6 35 35 9 137 41 132 89 89
0 15181 228 11 52 11 175 27 27 6 28 84 61 8 40 22 70 72 2 29 24 87 276 10 148 3 20 68 196 24 69 24 138 127 69 25 56 36 69 68 139 34 158 2 304 47 184 76 70 107 112 5 66 21 99 47 11 20 535 25 276 13 122 67 195 35 93 42 20 48 24 76 359 31 1 18 154 6 58 9 14 21 3 63 44 7 86 16 68 133 113 5 54 34 32 47 193 54 111 16 20 3 14
0 15354 66
0 15372 139 51 45 99 52 3 48 116 87 6 66 95 31 78 17 48 19 193 86 102 67 2 91 24 48 17 78
0 15521 13 130 107 103 24 33 37 17 34 51 240 34 261 192 17 54 122 38 116 47 140 1 58 39 205 22 76 80 30 71 448 71 59 71 19 19 22 27 120 10 1 44 123 12 32 2 68 60 57 60 247 10 15 74 74 193 250 122 205 19 20 4 90 63 132 52 56 37 264 104 227 68 30 24 39 10 15 47 70 22 1 5 269 10 258 67 20 30 73 20 312 79 78 6 82 46 53 17 70 51 81 17 98 234 3 20 53 70 87 45 9 92 37 95 150 70 220 81 17 114 643 10 1 27 56 20 120 158 30 3 168 9 14 46 213 42 17 125 11 19 90
0 15686 41 99 7 40 23 32 38 105 79 20 15 20 29 2 190 58 2 90 237 24 157 154 66 51 37 58 5 5 48 16 37 59 142 140 50 19 69 67 161 86 7 173 317 3 14 29 67 9 24 11 110 20 119 13 89 66 7 18 81 135 11 13 25 21 337 94 213 13 4 56 334 1 444 1 73 6 128 59 3 5 210 75 49 61 161 76 25 4 142 5 340 57 426 13 73 40 8 36 5 153 120 44 240 90 60 41 29 22 201 3 156 28 40 57 11 30 71 21 17 4 115 41 77 54 195 8 30 12 12 15 19 18 15 94 96 7 6 22 151 6 19 41 56 115 3 2 141 59 85 61 141 16 8 126 66 46 8 7 20 61 203 154 238 4 30 118 117 26 12 54 163 91 195 70 303 12 12 65 54 16 32 33 44 22 229 39 72 150 414 124 52 47 4 15 11 21 5 31 39 35 4 26 27 7 185 81 4 20 20 20 123 35 161 92 176 12 320 66 88 30 109 51 35 59 84 11 187 58 83 141 76 18 6 38 88 85 9 65 83 7 23 18 77 10 248 57 62 33 17 67 259 186 193 48 117 10 37 1 177
0 15730 32 53 176 8 107 45 90 10 308 27 31 97 56 1 217 99 245 3 17 3 527 17 98 12 83 17 22 100 24 114 4 30 161 3 74 11 252 8 83 11 11 35 36 164 73 57 66 35 15 18 75 65 106 28 4 65 1 17 77 65 216 108 23 8 78 7 171 29 17 23 34 66 3 5 3 16 40 131 210 66 53 21 45 75 37 159 455 34 301 25 108 50 32 58 39 2 105 37 263 10 25 3 339 22 8 20 12 28 152 66 8 8 52 59 41 56 1 16 26 50 138 112 240 12 88 44 84 87 15 47 228 58 111
0 16090 8 55 2 146 26 25 88 27 212 64 35 58 33 37 187 40 77
0 16112 1 85 6 87 40 61 196 14 243 26 99 18 26 15 6 61 147 8 323
0 16131 214 37 208 10 121 93 135 6 37 33 19 81 121 17 58 21 16 64 119 93 42 108 111 80 116 22 254 2 5 37 54 2 22 20 92 15 39 135 47 4 72 65 111 14 42 80 38 4 300 9 313 3 175 20 112 33 254 89 154
0 16161 75
0 16319 113
0 16627 60 6 131 37 43 5 3 7 104
0 16898 79 24 71 104 17
0 16969 69 120 82 106 65 69 107 31 36 41 59 104 233 33 12 11 53 46 147 51 4 12 16 2 63 173 58 20 159 18 155
0 17100 25 32 111 68 106 68 249 63 13 18 23 92 249 17 109 108 16 23 169 37 72 32 13 103 3 85 164 18 35 11 26 28 156 65 120 45 5 11 71 9 28 20 41 41 4 126 98 42 96 166 11 224 54 119 71 126 160 125 36 59 15 2 85 201 88 10 520 83 117 62 4 59 110 105 181 1 200 15 73 21 47 2 131 48 33 40 28 239 49 49 43 136 54 97 118 130 285 28 172 35 49 53 65 37 26 90 12 114 129 41 112 109 307 62 273 25 188 78 8 3 57 10 27 47 3 92 342 38 66
0 17201 240 279 15 26 114 5 10 37 28 45 372 7 12 46 29 26 81 133 6 48 251 184 38 68 14 10 25 93 150 14 3 33 57 72 51 74 364 9 45
0 17245 118 79 106 142 418 33 331 15 39 78 111 130 73 65 24 16 89 8 76 79 7 2 134 129 169 26 270 9 215 10 113 26 49 80 13 20 32 62 96 27 303 62 247 52 43 48 161 81 2 59 257 28 24 79 41 12 1 66 184 28 7 8 207 79 28 187 2 34 41 80 113 175 41 17 130 1 14 52 1
0 17644 30 82 14 19 45 14 223 120 113 43 1 8 74 8 143 26 60 16 54 18 64 18 24 12 62 20 89 61 8 32 88 41 450 15 14 29 80 29 48 10 93
0 17682 100 132 132 61 23
0 17734 102 17 251 9 64 34 117 7 25 10 17 158 108 3 115 24 146 35 14 16 20 217 88 9 94 88 51 2 22 1 124 20 27 28 100 26 6 24 14 23 143 15 142 61 465 2 150 9 16 140 39 4 52
0 17776 125 23 133 51 64 21 42 12 307 3 18 32 292 23 192 8 2 11 158 19 209 12 29 58 139 1 79 32 209 47 11 103 35 5 34 40 112 20 26 2 329 14 121 1 181 20 36 2 197 119 110 113 52 42 103 20 177 97 102 2 117 77 15 83 142 51 152 1 196 22 155 46 45 2 162 6 3 5 56 5 200 20 153 57 327 30 72 147 38 22 58 64 115 54 6 3 42 26 90 107 70 54 14 14 120 55 165 73 42 94 60 63 173 57 62 38 35 3 3 10 34 137 125 4 192 14 237 4 205 65 13 17 26 120 55 133 101 66 212 10 108 5 69 2 25 3 388 148 122 24 280 16 20 60 106 3 193 43 173 2 31 41 360
0 18315 149 16 17 70 96 38 10
0 18901 35 38 43 75 53 10 194 35 92 72 26 36 3 4 8 89 42 3 34 30 61 80 48 79 35 8 92 17 46
0 18957 444 4 13 58 234 58 98 79 304 9 21 7 58 39 19 326 80 126 186 39 122 13 49 31 61
0 19002 1 18 14
0 19044 187 65 40 38 12 135 67 12 74 2 16 235 39 36 65 74 20 73 104 61 190 15 130 35 86 337 114 52 451 124 51 42 114 16 172 90 120 3 108 1 20 58 101 36 113 67 257 4 213 96 28 4 39 5 4 10 196 5 43 97 11 69 28 39 58 31 13 24 322 39 214 2 43 43 87 28 185 49 24 8 81 12 48 13 51 10 111 2 151 8 13 57 54 17 87 2 80
0 19180 9 63 75 7 17 19 51 50 16 21 88 262 26 7 69 23 12 25 116 8 6 54 163 12 19 90 189 27 72 84 57 63 119 8 20 15 66 2 80 13 151 35 117 23 9 4 145 149 26 6 53 22 102 2 112 95 467 47 125 46 28 45 10 38 96 86 23 102 288
0 19505 215
0 19572 75 39 184 14 73 27 16 36 277 10 116 13 94
0 19600 173 44 22 71 23 13 51 2 12 63 80 3 89 58 150
0 19825 45 89 12 90 1 147 32 62 18 13 7 13 45 64 22 12 47 4 85 45 24 385 35 53 33 9 242 29 218 35 28 85 71 94 38 70 141 17 168 5 253 78 23 68 55 9 38 5 24 61 16 13 60 42 77 12 33
0 19938 21 42 16 138 49 201 319 15 9 26 69 3 175 1 23 3 100 8 120 6 105 64 32 7 31 77 42 40 140 29 40 20 70 57 92 95 11
0 20820 1 125 110 13 162 35 38 18 20 27 8 47 31 33 72 268 135 196 20 24 225 69 116 17 219
0 20824 10 41 55 2 25 157 47 65 244 13 12 20 28 14 17
0 20931 111 17 309 65 100 27 98 33 36 67 27 34 7 183 67 321 179 3 43 37 19 106 119 38 144 12 155 33 86 44 117 82 127 107 21 71 123 16 39 31 28 10 206 4 20
0 21046 224 42 78 36 196 201 126 31 44 27 48 58 5 7 49 13 40 96 74 25 254 28 11 6 96 96 60 42 13 44 99 120 190 159 18 19 3 88 163 60 17 12 272 28 13 46 218 6 32 25 39 16 260
0 21225 7 35 4 15 30 79 59 99 105 268 301 5 40
0 21286 133 11 67 1 173 16 124 104 168 2 50 41 5 101 263 15 149 40 195 86 11 252 140 72 52 18 37 121 114 18 257 57 6 22 47 29 189 5 142 52 60
0 21365 184 8 74 24 44 99 29 132 830 12 21 73 102 6 48 56 83
0 21575 6 9 174 1 14 9 12 16 45 19 324 78 120 37 251
0 21586 29 32 112 109 1 33 26 51 179 45 18
0 21617 152 119 1 2 45 39 65 26 115 121 36
0 22662 104 12 62 9 189 39 2 34 157
0 22664 213 19 41 36 71 47 116 2 26 80 216 48 37 210 255 51 86 18 173 74 81 37 100 13 138 29 86 83 235 163 96 20 2 33 48 18 308 48 90 1 137 55 15 53 259 77 46
0 23015 90 55 97 3 104 99 39 83 121 6 174 49 10 26 472 111 672 38 76 15 69 131 100 28 92 137 195 46 59 180 143 23 153 18 5 55 199 51 169 96 77 14 72 61 8 93 120 2 220 48 167 116 131 49 24
0 23103 259 75 103 52 32
0 23411 216 32 45 1 1 32 11 21 67 52 4 66 58 156 194 75 147
0 23633 149 117 10 15 75 107 19 104 41 35 74 17 86 25 336 16 220 34 196 205 54 36 9 1 69 16 239 252 187 134 103 6 102 199 498 11 139 108 44 111 24 7 43 54 487 182 106 36 58 11 109 202 254 178 33 29 228 25 28 24 19 55 44 96 188 73 39
0 23826 37 15 54 42 49 44 35 32 56 63 164 33 77 85 220 52 289
0 24278 12 76 44 108 277 86 11 116 40 51 117 73 22 78 59 65 36 2 49 44 208 107 21 139 10 92 29 43 172 58 39 16 378 13 30 7 277 54 56 82 161 38 208 28 179 118 28 115 220 112 97 10 80 14 130 12 69 160 6 4 235 28 46 108 122 16 83 77 12 119 97 77 29 10 102 6 97 38 249 7 128 33 59 234 67 105 106 5 14 6 237 84 83 21 345 5 135 20 123 19 44 5 40 1 103 39 146 77 63 35 20 21 94 74 22 30 151 48 21 5 1 297 150 19 248 102 187 9 296 10 60 68 100 6 65 8 266 51 46 52 10 31 185 185 85 13 68 167 37 107 377 135 35 9 167 95 8 12 244 74 3 41 95 84 28 3 51 5 27 30 57 47 20 4 171 11 219 7 95 62 121 12 227 225 22 39 79 48 206 2 204 84 18 9 8 23 55 17 28 3 43 8 102
0 24466 37 18 8 24 8 5 91 35 210 2 208 1 60 19 392 102 80 2 34 126 133 322 290 8 147 47 163 29 99 25 33 52 21 14 41 131 172 46 76 49 262 176 49 39 80 116 7 48 154 26 76 31 76 21 119 10 107 30 23 3 23 7 114 71 91 3 9 17 37 2 242 3 38 19 102 46 34 40 80 9 4 1 123 108 382 40 61 29 8 12 429 16 87 110 21 78 58 37 274 5 252 130 46 69 45 32 69 159 62 2 131 78 111 39 69 144 90 46 17 39 28 14 156 18 14 5 60 90 5 7 49 10 10 1 147 117 69 47 21 24 11 10 180 3 13 4 8 132 16 13 52
0 24676 52 28 6 21 83 54 303 77 48 22 9 3 12 32 41 9 4 14 485 44 58 44 430 10 25 20 179 5 49 26 29 12 3 27 32 36 276 71 7 173 91 3 199
0 24721 149 11 4 49 99 105 287 142 410 56 62 35 38 73 24 355 6 9 330 275 148 47 186 6 189 3 458 93 6 6 169 2 141 107 63 48 16 130 75 42 53 131 25 90 361 49 89 191 37 20 36 10 2 12 81 2 223 12 120 8 115 12 159 13 20 19 22 54 12 138 176 28 228 23 39 30 13 172 125 28 165 6 108 2 62 22 55 105 103 71 5 117 76 182 27 48 151 15 35 3 25 162 89 34 124
0 24832 232 49 28 136 15 74 19 17 89 69 72 35 25 87 182 187 122 23 38 5 22 75 12 23 31 67 235 10 92 8 153 211 66 115 13 7 43 5 199 204 67 47 70 7 105
0 24963 81 10 19 22 13 31 88 86 345 68 210 24 19 40 92 24 4 66 96 12 92 62 126 74 33 30 230 218 7 40 14 35 46 13 78 54 65 2 183 4 49 112 65
0 25000 87 102 14 9 36 53 318 17 77 16 73 57 210 116 23 8 19 66 12 8 75 12 177 32 73 50 115 35 45 103 113 9 2 64 35 20 6 21 162 7 36 136 190 15 161 83 270 83 231 102 185 53 23 144 29 48 117 283 52 3 82 4 46 24 25 59 25 25 45 105 87 73 45 41 297 33 333
0 25188 29 99 107 7 191 76 93 7 250 71 117 71 2 29 17 69 49 69 17 3 402 63 14 11 67 152 3 315 41 16 140 20 80 55 78 83 30 27 68
0 25278 4 9 34 26 68 126 55 63 155 50 129 29 77 34 77 21 57 114 1 41 49 7 74 11 67 15 143 45 41 148 26 6 154 75 341 8 6 82 3 203 181 20 32 4 35 11 98 43 143 16 191 18 110 101 392 79 48 140 146 53 82 11 190 57 45 25 272 16 154 1 181 18 97 174 31 60 156 65 3
0 25322 242 52 207 18 77 40 8 77 113 54 66 90 49 40 12 39 2 25 57 34 289
0 25568 33 104 100 29 153 39 77 37 82 46 28 122 115 2 116 6 50 5 113 67 213 2 386 5 16 102 173 40 8 88 146 48 152 13 93 53 165 2 6 2 226 74 11 50 9 114 28 77 15 18 14
0 25823 71 5 166 125 90 28 148 105 100 40 188 48 101 1 29 15 160 72 16
0 25902 42 26 73 86 48 40 75 7 28 16 212 136 236 2 101 72 162 58 18 13 165 1 125 226 148 11 114 1 80 9 102 7 6 51 267 29 170 25 24 38 37
0 25975 31 44 44 31 98 125 144 106 142 73 101 48 64 53 33 31 26 53 47 2 80 96 162 41 43 18 7 66 30 4 32 127 95 56 151 40 12 17 6 62 44 8 7 116 218 15 12 39 33 43 22 51 374 67 147 43 52 21 84 50 160 20 94 91 197 55 71 164 9 23 16 19 390 30 102 109 25 19 49 42 79 14 92 123 22 7 50 1 26 8 219 63 89 87 55 125 68 79 330 64 156 22 46 97 93 56 464 37 60 8 55 12 50 29 163 42 101 9 39 105 419 110 364 51 53 27 76 23 115
0 25992 22 58 3
0 26239 94 3 115 45 90 28 219 70 220 28 16 39 135
0 26254 87 29 21 170 106 6 49 33 371 51 54 160 134 23 506 5 247 29 28 4 12
0 26297 186 117 150
0 26347 33 44 23 30 78 12 151 58 129 32 15 8 106 11 83 28 72 90 12 12 71 36 83 22 4 4 33 207 228 58 7 48 24 66 91 109 13 17 75 22 155 36 1 55 6 49 64 19 99 1 21 88 509 23 126 1 21 63 40 9 174 46 24 131 66 25 168 39 131 87 103 43 39 82 65 41 91 82 76 47 71 34 240 61 109 2 81 23 50 81 12 9 24 42 23 21 271 70 28 12 32 12 16 45 14
0 26443 10 49 65 92 11 34 64 4 145 56 152 11 57
0 26482 22 53 197 58 64 30 46 51 17 57 135 16 95 68 53 91 5 175 236 102 126 4 120 5 354 4 41 117 52 3 36 42 39 41 250 18 20 73 1 22 167 21 16 85 13 11 7 9 27 10 38 40 70 27 18 96 15 2 104 150 16 12 260 91 205 32 26 30 92 24 32 83 137 191 107 34 67 120 27 37 23 6 160 35 87 111 18 29 29 91 4 6 60 57 83 46 98 32 217 50 164 101 132 127 41 99 355 59 139 139 9 72 92 216 87 30 114 60 208 52 43 9 51 95 77 103 92 15 149 5 13 67 84 33 45 12 101 3 740 134 209 88 229 13 25 38 100 36 53 14 23
0 26527 10 23 187 7 259 76 84 10 99 19 33 37 80 2 100 28 1 66 41 69 50 23 177 99 139 22 288 2 21 123 82 18 51 90 12 3 8 6 78 95 105 24 175 41 18 14 169 40 49 26 52 23 114 5 102
0 26555 85 20 68 73 505 3 26 122 125 26 13 14 1 27 136 64 41 74 73 3 13 19 62 6 190 4 44 13 60 30 64
0 26737 189 70 36 16 63 27 29 165 222
0 27116 176 2 131 30 16 15 10 94 103 18 6
0 27155 351 54 69 52 131 35 99 15 233 15 2 15 2 16 146 100 6 38 31 28 40 101 127 71 49 165 48 9 50 65 405 87 317 38 109 149 209 11 188 33 296 78 7 17 33 1 144 38 179 29 59 8 25 116 30 36 133 14 58 5 167 60 86 16 227 68 81
0 27283 39 52 52 45 59 89 203 155 76 125 118 1 6 15 414 46 2 20 102
0 27297 105 135 138
0 27357 228 58 9 111 14 36 27 69 374 118 317 34 39 102 91 336 118 125 63 163 2 57 193 79 19 7 120 55 73 162 21 31 51 38 6 77 39 19 57 31 82 4 27 72 93
0 27416 170 79 33 5 59 3 79 69 45 194 21 24 83
0 27585 95 9 122 33 192 30 95 62 61 38 94 9 13 1 58 257 201 28 108 26 25 36 100 158 27 6 12 14 3 39 321 59 76
0 27614 22 48 20 5 2 2 33 55 31 29 64 61 228 20 77 9 86 131 73 6 55 90 21 24 151 66 154 62 143
0 27645 271 1 190 48 1 73 63 289 77 87 37 100 1 10 420 18 45 63 13 14 15 34 2 142 24 89 135 63 22 12 22 35 84 8 23 11 188 55 24 47 144 13 100 8 86 120 125 8 170 16 237 142 41 20 63 5 118 6 89 21 20 78 94 15 384 18 52 104 91 77 174 35 41 49 258 38 47
0 27816 11 5 45 12 161 12 71 48 28 140 64 36 288 27 186 15 256 42 53 36 18 20 380 2 124 50 5 20 197 30 134 18 16 36 26 41 57 21 10 23 123 55 125 7 3
0 27972 34 59 92 53 43 17 307 44 20 19 104 71 210 5 82 2 54 149 21 89 33 84 154 135 12 32 1 30 36 30 176 2 89 65 202 71 32 60 45 22 142 1 59 78 11 4 3 28 132 93 37
0 28186 41 76 25 204 58 49 45 24 182 60 29 102 156 43 72 7 186 51 96 26 8 96 187 65 111 97 145 39 374 53 73 5 23 54 36 23 2 1 114 37 38 26 15 173 5 35 82 32 10 51 142 144 62 29 44 78 314 7 60 48 161 20 99 121 2 1 137 48 170 6 203 27 43 41 57 28 17 23 52
0 29037 167 100 164
0 29223 170 98 183 38 65 30 138 92 91 33 101
0 29380 15 58 11 49 19 151 62 28 32 43 71
0 29470 140 14 113 53 1 42 53 49 167 21 106 57 23 20 107 4 35 76 21 44 311 38 5 34 13 45 186 9 15 71 172 16 298 140 143 14 26 1 165 50 1 30 14 72 112 6 316 37 281 93 59 22 538 47 19 3 60 21 277 49 235 45 78
0 29590 52 164 82 131 15
0 29659 71 69 14 139 32 27 327 7 189 86 57 24 266 89 95 12 13 2 214
0 29696 74 9 17 7 53 4 28 18 32 5 74 93 141 125 56 26 60 6 114 34 8 31 14 57 143 44 201 1 8 25 74 2 144 65 324 17 10 77 17 19 68 128 73 96 65 7 185 60 105 58 239 46 84
0 29964 22 9 8 55 15 45 86 108 60 5 89 19 74 12 181 17 77 20 267 19 110 36 15 128 29 11 5 242 92 71 127 2 1 16 43 24 40 2 10 3 103 2 19 33 7 63 70 101 49 53 117
0 29969 57 158 58 1 140 140 59 8 155 8 31 187 65 52 91 8 25 35 77 89 22 201 134 11 83 14 161 27 2
0 30007 196 23 13 26 84 45 25 12 438 133 46 10 33 3 15 47 4 43 209 167 105 250 268 3 120 69 93 14 1 173 48 31 514 122 295 37 2 66 126 1 14 14 49 51 122
0 30034 85 73 96 60 5 65 69 86 5 46 95 36 61 13 206 6 8
0 30069 11 94 22 41 51 141 12 33 90 25 16 82 115 141 8 61 305
0 30169 87 8 30 8 52 44 5 262 159 4 20 98 36 16 150 9 79 77 40 58 38 78 122 25 22 240 12 49 1 39 160 16 38 5 87 1 7 113 26 30 137 18 55 57 159 11 24 92 33 44 175 49 135 39 55 5 144 59 41 7 140 98 98 44 100 96 498 99 33 103 73 44 14 3 62 20 115 114 407 1 139 47 138 91 133 58 22 3 113 120 202 79 131 59 34 71 23 10 82 169 170 34 92 9 59 54 146 3 64 12 90 32 193 123 116 70 23 11 1 69 32 70 54 234 1 21 207 65 91 2 95 16 3 64 59 79 32
0 30339 9 39 68 7 82 10 27 22 213 9 23 130 10 53 3 73 19 130 375 15 11 54 162 16 91 57 21 62 56 28 22 54 14 71 102 26 144 247 90 58 126 8 40 6 56 34 26 61 3 23 33 105 72 10 53 6 13
0 30360 42 105 67 24 194 13 45 20 75 66 84 14 18 83 203 12 1 76 17 62 19 122 20 18 198 10 144 134 20 7 318 41 68 75 58 26 207 61 5 36 66 31 103 73 63 8 28 22 451 27 2 11 119 38 1 44 37 63 485 23 26 122 211 65 95 60 110 31 170 46 44 10 12 66 28 42 30 64 55 9 344 40 3 30 4 84 20 39 187 15 174 51 16 10 19 76 195 38 18 9 85 5 31 19 35 85 108 29 41 30 41 16 65 27 82 18 9 8 5 5 67 62 25 117 120 18 53 62 123 7 319 4 42 20 7 12 56 30 139 36 291 12 36 4 242 33 73 82 7 66 48 33 108 27 6 3 74 16 107 38 182 13 213 45 59 34 66 121 8 214 60 25 52 15 434 40 3 197 95 67 215 18 21 33 79 104 31 35 39 35 386 63 32 35 62 4 41 4 3 162 238 113 76 41 260 79 86 21 116 58 666 18 195 214 104 58 103 133 26 14 44 10 32 112 133 3 18 3 214 29 98 29 298 29 104 3 136
0 30390 6 113 224 4 7 44 81 24 22 43 1 27 6 9 117 18 142 19 300 92 363 148 87 31 16 164 90 43 42 29 37 40 149 2 126 44 32 5 146 122 58 10 127 18 13 35 45 1 32 18 25 31 292 7 22 5 21 9 40 69 66 39 56 169 286 21 85 134 22 18 8 31 40 77 122 33 133 54 57 5 12 21 213 1 192 79 373 100 102
0 30931 5 37 52 18 58 24 133 164 154 120 103
0 31221 97 90 116 6 47 85 39 61 36 88 53 82 121 27 15 30 87 10 353 76 19 16 137 7 85 68 66 115 29 193 448 93 76 53 161 34 308 97 7
0 31258 75 21 167 12 5 14 136 21 52 81 484 58 99 31 485 19 161 4 22 1 148 30 76 50 78 10 2 23 35 4 97 64 56 8 64 51 17 10 2 221 172 11 319 2 172 20 159 26 138 39 9 32 67 83 16
0 31272 141 18 27 35 10 57 96 112 51 45 233 49 80 12 10 2 84 171 33 112 2 11 159 44 41 6 1 16 132 2 34 66 46 39 461 13 67 9 40 3 20 46 221 4 17 48 122 36 138 21 32 57 245 11 217 32 76 53 18 84 183 97 1 45 7 15 12 13 105 63 175 28 104 146 7 21 152 56 93 2 232 59 69 10 15 98 4 182 13 11 151 45 13 8 132 35 112 4 109 21 149 38 184 71 371 103 37 22 33 9 167 21 135 32 35 5 303 12 56 46 70 31 78 11 89 228 80 25 107 118 8
0 31545 356 16 27 34 40 222 7 88 64 20 16 187 120 11 134 22 46 5 74 16 18 49 6 14 4 23 146 9 55 9 3 85 41 94 150 3 20 22 181 35 40 7 32 1 5 48 16 117 7 13 90 10 129 59 37 9 137
0 31691 40 45 55 60 20 123 15 67 103 61 5 109 4 40 48 5 245 2 144 23 240 14 151 48 62 28 14 194 3 98 113 28 250 50 80 26 93
0 31856 134 23 30 2 16 125 27 2 32 43 87 74 8 60 2 13 168 21 118
0 31931 113 9 312 34 11 7 25 35 455 128 47 83 65 14 91 14 99 5 60 54 22 88 12 30 32 96 102 50 124 63 11
0 31952 57 16 70 39 64 6 70 53 211 18 154 85 42 75 171 12 7 34 69 172 7 13 28 8 390 1 116 16 32 21 55 56 140 136 48 59 62 10 145 88 312 35 244 31 272 105 9 5 22 62 210 3 7 33 19 29 8 74 9 58 152 32 46 20 250 50 37 29 25 11 63 25 297 17 139 41 185 23 77 2 137 102 54 65 90 16 58
0 31982 113 100 17 59 48 16 69 13 53 4 191 20 77 95 191 12 84
0 32099 31 128 7 41 78 60 23 113 17 28 110 24 237 76 162 9 2
0 32374 236 29 17 47 39 14 21 55 86
0 32530 36 30 475 85 22 25 92 102 420 68 4 124 287 102 174 83 48 31 22 8 174 68 6 9 185 88 221 3 251
0 32743 6 4 90 102 64 53 35 1 30 51 125 45 115 11 62 10 113
0 32816 16 3 13 6 141
0 33027 83 54 51 93 119 256 162 6 59 35 38 7 10 338 58 83 117 63 183 67 138 68 39 79 43 50 74 12 99 11 105 57 132 29 151 6 119 14 149 33 148 11 202 20 1 23 55 120 63 54 7 13 186 7 146 71 82 90 171 92 64 133 267 106 100 4 270 20 48 51 58 246 2 11 10 14 16 1 108 17 55 2 29 50 27 4 52 23 12 10 138 112 54 64 3 24 360 243 13 60 98 32 145 189 300 7 335 57 39 117 37 50 69 3 52 58 199 10 88 39 19 26 255 44 41 167 50 1 63 7 102 6 163 28 56 4 79 63 43 7 13 5 117 68 49 7 170 28 76 97 52 11 78 140 24 95 170 33 242 68 103 257 94 12 148 9 25 27 13 63 5 51 17 7 7 28 330 41 59 4 63 32 149 1 54 30 58 2 15 32 27 15 249 11 491 3 10 5 138 151 132 8 18
0 33175 111 50 108 2 85 43 9 10 153 67 50 24 106 26 132 25 143
0 33365 270 150 214 54 73 33 47 9 160 66 120 43 14 22 137 6 23 52 128 43 90 48 2 84 103 33 1
0 33733 38 66 262 7 8
0 33745 129
0 33818 178 1 103 25 33 54 224 31 141 10 326 82 197 25 150 84 26 51 38 86 2 167 265 126 82 40 10 43 92 18 178 29 35 28 54 73 65 169 59 13 198 9 25 36 39 48 31 119 207 62 100 64 6 51 33 29 141 139 95 10 26 153 47
0 34002 260 9 81 86 4 13 238 10 73 51 429 34 75
0 34383 33 8 177 112 17 2 11 8 343 5 2 12 49 2 52 30 142 77 8 13 11 132 48 4 42 80 25 63 56 62 189 118 67 27 34 2 195 54 130 7 433 20 42 17 233 11 167 162 70 46 6 82 451 80 11 28 100
0 34434 111 19 58 102 16 46 150 61 186 69 16 80 216 17 63 25 12 15 64 105 28 35 52 71 7 7 21 198 81 99 69 15 137 15 33 10 23 36 250 62 118 4 11 15 108 42 147 10 56 203 58 4 4 13 8 67 142 24 92 50 556 45 163 52 49 29 272 1 30 108 5 55 100 59 43 44 6 47 43 39 42 35 122 5 40 52 291 131 32 21 29 38 55 42 62 21 67 32 46 6 102 33 12 72 89 11 33 20 269 18 116
0 34710 446 55 17
0 34733 134 23 59 12 16 11 16 26 146 7 82 134 15 48 104 46 45 21 181 20 84 70 72 167 70 8 84 55 62 50 153 49 104 5 110
0 34800 59 108 79 7 62 8 34 2 27 48 184 3 68 63 114 5 294 70 346 84 82 93 28 14 126 138 234 72 62 12 85 44 15 71 60 67 66 27 260 124 126 12 16 36 222 44 89 2 330 199 66 14 240 175 105 45 90 10 44 59 66 90 137 115 247 36 4 42 35
0 34925 167 34 1 2 43 96 6 15 52 22 141
0 35075 105 66 2 19 109 25 135 31 94 47 69 104 55 3 42 36 63 108 163 18 86 16 5 2 120 29 23 51 228 211 72 88 20 10 217 27 17 34 51 50 112 2 36
0 35206 13 38 215 87 22 278 7 88 4 51 92 19 66 135 77 46 38 24 149 15 111 60 31 97 24 44 128 5 39 9 32 17 54 2 12 32 70 22 177 17 58 3 113 241 38 83 55 129 129 84 188 49 16 35 20 15 352 6 164 18 8 5 320 10 121 214 107 2 234 15 52 118 26 52 142 38 113 14 85 16 57
0 35286 275 51 285 3 133 4 26 28 69
0 36017 110 98 51
0 36059 25 20 225 4 61 46 43 64 75 24 11 114 137 237 121 55 214 4 64 29 28 6 148 64 98 17 100 49 21 18 279 18 79 151 13 8 120 16 63 43 1 2 46 89 12 56 37 59 87 18 176 56 607 62 73 85 68 29 254 1 227 41 43 54 49 92 70 107 182 72 107 32 26 166 4 37 7 5 23 79 27 20 144 30 88 31 165 32 37 23 67 84 70 147 112 35 29 101 121 46 19 160 21 175 140 38 34 14 117 3 3 5 2 116 2 36 29 1 62 138 44 175 58 71 46 23 10 42 32 94 9 155 3 154 60 44 179 32 255 3 26 60 22 20 27 17 72 48 59 52 207 8 316 18 50 63 10 41 49 46 2 163 77 50 291 4 118 33 269 61 357 71 5 119 57 116 118 14 218 83 103 86 54 2 121 107 156 11 14 8 19 3 61 25 89
0 36073 20 3 79 46 30 53 1
0 36356 93 18 48 21 18 98 48 12 6 13 196 18 53 7 99 89 40 2 36 14 143 135 276 17 168 49 74 35 69 74 47 116 147 41 39 35 135 2 83 84 28 127 15 3 17 120 89 146 117 34 60 55 16 88 24 17 200 2 219 45 157 235 118 72 73 9 147 66 99 2 1 33 2 1 89 53 10 73 20 9 396 59 176 18 33 37 3 5 71 21 318 12 25 35 104 88 74 5 82 11 238 16 31 34 56 32 206 132 140 11 48 34 4
0 36422 227 13 65 23 213 29 41 110 71 75 22 99 160 23 14 73 62 31 40 51 84 7 1 57 111 52 172 89 78 11 48 15 27 122 7 62 120 210 44 87 42 137 57 17 84 46 69 48 6 131 115 37 4 17 270 30 55 3 55 179 3 3 65 38 33 74 215 217 28 56 138 13 131 3 131 124 41 4 95 49 26 172 122 135 26 58 40 18 90 4 27 24 65 21 21 77 82 40 47 70 265 115 106 32 84 2 112 84 411 33 24 179 349 61 202 19 25 6 50 19 166 115 65
0 36471 21 82 25 97 52 56 92 13 1 1 103 46 27 4 38 60 22 50 20 19 57 15 88 66 431
0 36787 66 22 18 137 213 34 217
0 36800 36 67 191 8 65 84 113 48 103 27 75 90 43 29 407 94 104 17 60 20 32 9 75 54 108 8 142 21 111 29 27 30 78 57 66 8 70 54 103 140 31 32 10 3 13 11 67 34 24 53 290 91 83 166 151 7 77 24 105 247 83 24 211 95 112 23 35 6 114 31 43 8 165 17 14 56 37 44 83 40 192 51 28 3 64 10 56 64 53 37 14 41 103 13 94 40 81 20 41 64 6 35 18 1 85 18 75
0 36829 126 33 280 118 73 60 106 17 31 153 294 243 109 19 32 31 7 54 3
0 37068 90 163 47 54 12 63 97 81 50 68 65 60 178 77 29 21 17 26 159 28 30 86 7 28 380 33 40 66 28 12 289 6 241 174 79 150 22 23 23 41 168 2 165 30 102 8 80 98 70 41 72 57 90 131 69 14 2 19 30 16 37 85 18
0 37096 8 31 35 1 100 26 141 89 245 10 172 75 4 67 180 32 91
0 37154 168 81 80 89 286 67 19 50 83 1 67 111 123 6 294 35 70 79 4 10 118 24 140 99 95 74 127 31 110 6 40 36 157 34 52 7 189 70 40 51 142 22 94 11 856 154 7 38 16 109 181 48 41 42 6 29 227 28 46 5 252 1 49 9 16 26 307 12 62 137 2 8 21 107 48 28 90 27 81 4 24 13 198 36 13 121 17 3 248 54 129 17 156 138 89 6 22 26 175 49 74 9 74 39 63 47 107 31 32 11 107 10 45 3 16 135 183 34 38 99 212 58 68 143 49 1 58 32 19 9 115 179 54 46 31 26 83 4 54 54 65 14 8 29 70 46 93 58 261 50 144 7 85 50 137
0 37237 110 9 35 56 129 70 105 2 331 19 68 3 40 5 301 1 40 15 12 95 22 13 145 185 166 78 101 14 484 122 75 37 278 37 60 22 45 48 238 86 4 1 235 51 4 8 25 162 171 91 116 16 171 29 2 31 149 3 108 70 62 265 187 66 171 1 140 137 107 14 19 17 44 152 82 151 226 171 216 87 148 36 108 95 147 86 7 66 224 8 302 190 250 3 111 25 394 14 47 22 204 15 76 30 32 11 207 38 38 176 150
0 37273 240 38 139 51 343 30 30 80 52 5 60 69 213 6 15 62 62 31 29 35 77 47 171 10 102 68 11 17 219 14 57 64 291 3 33 39 114 5 12 14 1 4 29 20 8 20 22 4 88 284 112 7 244 38 66 165 155 60 14 36 54 31 81 12 32 74 25 41 45 120 119 13 29 5 15 91 17 32 366 22 25 2 5 36 33 15 56 92 105 26 82 109 5 7 57 2 6 76 53 32 119 81 145 25 16 55 475 17 11 144 186 77 9 146 41 147 171 8 24 16 281 20 180 6 20 15 28 15 364 62 91 66 76 72 102 46 27 165 53 66 7 112 20 26 99 12 87 94 92 55 154 15 75 55 21 38 58 16 227 11 65 2 71 53 8 19 118 91 102 20 99 132 38 119 114 18 259 8 75 41 38 43 103 79 13 52 15 28 40 27 1 18 34 38 18 113 32 10 12 22 48 8 106 206 72 1 236 303 156 11 99 32 41 4 17 58 23 89 34 18 1 21 5 8 17 5 69 11 67 13 192 149 357 109 111 31 15 125 10 13 18 12 29 24 649 29 22 32 31 147 39 41 62 121 148 74 193 59 18 15 54 44 267 65 24 34 116 47 27 32 22 66 130 7 11 2 15 77 1 60 21 71 33 30 159 25 239 14 64 64 97 6 27 6 194 93 31 96 54 143 49 27 22 43 170 96 393 378 208 6 38 30 395 18 10 11 201 70 9 30 202 26 67 26 2 340 52 61 302 69 58 208 252 22 102 35 75 27 124 75 106 45 118 3 121
0 37334 44 6 34 175 19 31 99 5 31 25 167 45 38 23 173 44 36 27 348
0 37491 9 19 43 5 74 8 19 4 107 128 30 43 108 32 147 24 22 139 39 11 61 37 266 106 104 170 89 75 50 42 3 32 72
0 37643 69 56 21 6 94 92 116 3 49 56 6
0 37878 206 81 130 17 308 1 232 65 7 104 385 9 36 62 55 130 63 64 136 15 27 63 34 64 100 55 46 29 299 31 97 66 84 7 168 61 108 58 122 24 42 103 26 87 139 17 2 127 50 63 20 24 36 42 39 14 132 150 10 87 149 21 204 7 57 171 107 26 5 31 27 136 23 236 15 79 346 60 32 207 238 40 3 208 23 209 24 63 45 22 47
0 37879 60 1 170 61 108 63 10 12 201 21 135 13 35 36 5 39 43 73 23 28 141 26 255 4 54 15 123 59 39 103 140 29 151 108 20 132 336 135 57 1 72 18 21 97 60 362 2 23 47 40 53 1 348 9 82 50 75 9 30 41 22 18 11 25 203 46 209 34 101 3 76 35 126 40 221 78 83 19 47 117 101 49 95 40 2 84 227 10 77
0 38029 48 49 19 212 84 30 144 136 48 10 23 50 89 32 124 2 65 14 81 4 97 133 160
0 38047 39 88 255 140 131 56 40 23 30 96 145 8 30 119 6 8 179 70 11 133 79 78 375 254 246 115 97 65 69 66 38 43 78 266 20 41 31 11 40 146 126 85 315 6 23 8 21 12 229 23 97 6 502 57 22 4 60 34 88
0 38242 25 8 73 31 21 50 218 12 36 44 68
0 38267 51 116 114 4 35 20 21 22 117 2 136 118 37 27 249 42 53 84 18 71 28 20 12 17 123 4 180 9 143 13 192 22 102 12 19 2 64 23 164 14 36 46 80 48 76 19 124 104 54 154 124 20 154 47 21 28 125 67 21 13 30 26 103 20 88 6 14 29 25 20 20 46 258 49 18 85 29
0 38549 37 5 3 8 64 226 154 55 53 22 107 90 16 28 166 7 107 29 46 4 74 280 81 18 19 67 323
0 38830 247 71 83 78 92 41 161 44 34 1 112 32 99 28 290 119 8 28 138 10 156 6 263 13 7 16 29 8 7 176 83 8 17 13 13 30 93 29 96 32 141 15 113 9 201 38 85 8 29 20 196 51 11 45 112 26 73 19 287 73 10 7 181 13 14 149 218 203 28 22 38
0 39097 139 87 97 7 115 11 161
0 39547 57 97 33 22 17 12 90 9 20 10 214
0 40137 220 12 28 57 41 30 74 108 145 12 78 47 2 67 33 36 292 40 67 1 202 51 78 11 173 15 20 101 67 37 26 1 153 79 92 18 81 28 111 22 30 4 55 65 28 10 28 34 284 222 87 103 75 1 74 1 42 165 14 40 12 49 30 9 8 29 7 27 347 37 31 64 73 28 6 16 200 8 4 53 146 94 34 41 27 12 128 62 334 78 233 9 41 3 121 100 60 15 138 42 86 7 315 13 47 151 40 2 47 110 294 50 106 9 30 34 427 45 127 15 57 55 82 4 21 98 51 125 50 35 118 41 112 4 43 85 98 75 2 14 88 88 104 157 271 104 19 180 97 2 93 37 116 260 80 19 68 38 74 95 99 34 230 206 149 5 257 99 43 68 104
0 40216 47 143 11 10 56 29 46 22 10 44 103 81 56 15 8 12 56 2 100 113 113 57 11
0 40357 37 10 54 87 93 18 139 1 181 71 73 27 18 41 77 20 161 50 19 128 113 40 428 36 35 44 240 3 22 92 20 76 122 10 42 85 84 68 142 59 164 27 39 46 33 51 119 3 64 14 258 5 79 94 9 20 3 41 97 68 36 11 10 72 109 34 35 16 9
0 40403 41 21 15 1 23 3 205 78 15 12 8 47 124 33 40 22 18 30 40 60 243 43 142 73 29 1 77 28 103 33 321 35 136 64 88 9 47 66 226 65 35 47 258 6 84 39 8 49 93 54 34 15 202 57 83 133 27 6 97 26 162 230 12 2 113 4 45 137 236 38 17 8 41 9 50 86 68 154 115 17 19 23 44
0 40487 230 8 15 4 36 6 25 52 13 2 1 10 96 34 101 18 140 49 53 132 30 66 12 60 19 15 9 20 128 8 162 40 378 111 54 59 104 135 29 4 33 150 91 9 31 17 89 140 41 64 291 31 96 195 286 19 7 52 31 54 81 24 63 12 18 44 18 12 234 19 83 8 116 37 112 18 43 18 30 54 57 41 112 10 183 18 188 10 61 3 197 25 129 43 24 35 77 15 35 53 137 65 56 39 64
0 40738 2 56 128 47 56 29 43 92 102 17 79 4 444 104 109 17 6 84 290 17 3 45 26 50 410 13 20 10 25 4 8 34 293 87 190 65 50 9 15 1 38 8 24 1 67 42 148 9 70 2 87 4 78 2 69 42 55 36 105 12 50 90 111 35 60 57 246 56 11 11 130 23 74 77 63 119 12 65 404 28 7 23 191 45 142 90 27 130 257 96 175 18 109 140 116 68 64 11 12 48 456 70 222 11 85 27 73
0 40943 4 67 103 4 2 6 27 39 94 56 16 238 169 6 23 34 70 59 10 50 63 108 17 10 64 87 103 9 172 14 58 90 49 5 87 37 4 39 138 14 13 8 108 59 137 77 48 98 295 12 115 42 374 37 1 26 115 90 180 2 86 1 32 53 231 57 7 5 28
0 41044 36 6 56 38 269 34 97 5 26 55 44 18 75 10 197 76 37 89 37 2 228 19 194 42 211 11 7 3 36
0 41152 218 11 48 19 43 258 48 32 112 58 196 62 16 12 26 29 19 140 18 110 20 42 45 67 92
0 41446 18 173 5 42 102 12 62 7 53 26 37 30 39 9 58 62 68 72 183 4 116 15 63 57 305 69 41
0 41485 158 24 28 3 32 14 209 66 80 9 60 16 6 34 237 39 339 30 126 112 28 40 122 39 21 11 39 17 105 58 58 20 15 41 55 194 37 98 42 137 3 27 28
0 41553 89 99 34 4 45 23 147 60 253 60 24 191 176 27 6 45 18 30 86 95 165 35 96 24 8 3 4 22 46 12 24 2 110 18 41 11 134 262 69 180 193 1 27 54 274 24 371 40 73 50 57 22 365 4 86 6 147
0 41573 63 13 19 6 76 39 37 166 58 31 235 6 88 54 461 67 100 64 95 83 79 7 65 97 46 112 1 10 317 15 104 38 99 54 118 19 60 82 75 16 8 26 145
0 41978 47 65 3 18 2 74 3 60 105 285 18 29 129 29 58 8 26 3 348 45 63 98 161 13 16 125 88 40 51 14 8 76 50 36 45 107 72 8 142 30 239 4 16 39 71 286 48 51 311 77 626 7 50 21 20 140 176 60 28 88 51 91 84
0 42024 106 203 96 17 44 2 12 4 7 29 896 171 49 35 85 83 70 52 126 15 126 34 87 36 83 41 291 126 11 16 25 84 76 29 3 35 41 9 103 2 104 4 136 44 7 41 147 120 13 21 93 21 6 16 42 14 23 3 156 64 259 23 112 33 198 6 94 32 70 36 105 4 254 27 105 107 34 42 94 8 153 5 488 1 129 127 35 71 402 115 18 69 26 77 3 109 28 171 105 91 19 26 108 72 145 11 30 1 41 5 9 22 408 119 79 46 58 15 38 1 257 69 8 19 163 4 49 62 249 63 46 7 37 21 107 7 54
0 42205 82 4 123 9 156 1 61 7 68 47 39 10 297 144 95 19 70 33 82 12 135 99 434 15 59 26 59 91 4 21 54 100 86 46 173 21 219 40 441 73 75 108 65 1 74 20 16 13 264 31 125 36 29 1 265 67 72 62 16 51 193 17 156 86 248 26 106 35 18 59 70 165 94 237 131 110 387 27 12 74 92 374 167 18 86 92 560 184 226 59 19 1 44 64 55 37 161 33 67 197 63 248 18 6 88 76 37 69 53 50 13 101 15 15 161 20 284 7 466
0 42310 115
0 42673 201 21 49 58 92 124 25 124 57 152 399 14 47 41 63 38 67 58 95 101 20 26 60 1 87 197 44 10 42 93 174 7 114 147 4 2 255 46 10 83 25 52 129 4 37 51 88 47 76 2 9 27 12 4 129 50 5 10 127
0 42775 44 18 29 61 86 107 99 114 31 63 47 28 99 5 18 79 21 34 45 71 87 41 65 173 223 30 197 88 95 59 12 25 205 28 330 22 166 55 109 71 125 21 95
0 42797 9 32 18 16 1 9 180 67 44 53 98 32 18 25 19 10 233 35 36 11 31 41 131 25 136
0 42945 42 20 17 40 59 80 8 79 16 90 54 51 82 1 127 14 58 18 243
0 43146 37 52 7 13 15 64 1 3 114 105 94
0 43877 184 14 86 11 14 34 230 41 7 17 30 44 58 119 208 35 46 10 56 62 34 6 15 15 73 4 111 6 41 4 53 40 79 53 19 23 16 6 23 1 17 29 235 4 92 54 262 23 43 13 22 44 182 52 209 64 123 29 78 90 231 12 95 23 31 230 117 119 65 25 52 101 150 73 59 9 42 42 116 12 177 3 92 5 69 17 152 61 27 29 2 12 592 94 33 41 61 1 153 51 2 9 177 27 19 86 200
0 44047 29 20 40 8 12 85 49 50 98 42 236 1 84 24 113
0 44166 5 54 95 54 424 30 28 50 48 56 18 175 128 47 38 35 62 17 19 111 309 10 47 25 70 15 244 9 192
0 44435 190 29 113 6 15 47 76 28 5 19 123 77 136 86 254 61 31 83 89 76 79 43 65 35 89 103 170 6 37 5 289 18 214 4 45 14 2 119 145 7 83 21 22 10 39 13 450 21 161 3 94 43 125 33 122 38 5 52 10 36 377 46 40 21 16 13 124
0 44658 68 26 229 23 280 15 134 21 56 63 35 6 362 54 166 50 137 129 11 8 55 23 89 32 144 183 7 42 74 64 162 33 437 168 47 2 225 39 71 110 246 20 7 51 168 28 106 29 3 28 89 80 105
0 44729 668 85 222 47 186 243 52 107 141 146 60 26 16 8 75 90 172 79 223 43 25 135 85 44 158 4 67 154 147 2 109
0 44899 29 6 146 184 36 4 201 1 1 63 84 14 189 7 29 16 171 1 71 12 113 55 16 66 70 32 203 5 26 152 258 47 50 3 426 4 29 88 185 122 38 9 338 77 113 33 94 26 94 79 187 254 71 17 214 62 217 3 8 87 177 28 32 18 30 6 69 28 79
0 45041 6 9 100 9 122 27 7 38 70 6 17 56 94 24 55 40 380 244 164 1 12
0 45042 34 22 106 39 137 87 165 76 70 223 235 51 51 115 130 304 359 11 39 13 27 62 47 6 83 10 41 327 102 22 68 25 224 18 76 40 10
0 45286 33 31 50 10 125
0 45313 37 47 22 1 33 5 25 69 86 19 138
0 45753 96 49 138 13 30 159 189 42 100
0 46074 346 12 51 40 22 6 213 17 13 16 204 7 34 92 43 26 24 5 28 2 60 55 100 2 39 61 6 11 3 13 160 88 18 6 138 5 74 66 210 29 407 35 64 28 42 62 14 15 3 117 130 56 38 62 409 33 155 157 65 67 196 36 304
0 46233 94 20 213 128 31 56 156 29 25 140 156 125 95 135 145 109 50 120 10 24 116 36 12 29 41 38 272 3 83 117 26 27 134 24 45 39 102 28 48 65 54 43 89 123 203 20 52 63 13 11 57 59 258 54 28 41 52 3 71 11 117 26 67 43 55 140 231 19 110
0 46273 22 108 19 32 202 10 77 6 85 78 102 349 67 31 204 13 251 34 15 83 52 2 53 24 25 14 58 42 91 184 73 69 171 24 54 26 59 91 46 185 6 49 24 47 73 40 20 27 238 19 26 33 41 30 77 64 46 30 65 4 17 10 49 18 2
0 46392 257 8 30 9 22 129 401 12 19 40 71 5 56 269 1 20 45 44 83 59 198 15 28 148 477 14 33 2 15 66 14 14 128 19 110 7 25 240 31 131 85 11 123 55 105 28 30 42 106 16 22 2 64 79 31 23 31 2 44 368 63 67 103 66 45 18 11 113 24 14 5 66 121 109 242 153 369 9 152 123 36 103 231 7 97 24 45 28 196 22 65 61 204 14 84 16 40
0 46536 43
0 46571 62 9 185 14 154 38 168 3 4 16 107 24 217 26 8 93 94 101 141 31 202 49 221 48 14 59 38 44 172 49 96 48 180 26 28 38 123 26 39 21 15 55 50 42 7 80 206 73 85 42 19 20 39 82 255 43 17 24 139 21 80 29 36
0 46705 7 159 68 85 11 114 30 6 189 49 101 31 118 6 271
0 46951 3 228 217 50 40 29 264 23 85 3 211 50 11 4 47 3 288 24 35 4 328 4 31 344 45 4 135 6 3 6 101 137 106 13 145 70 163 54 32 69 29 30 43 211 363 55 56 91 51 12 237 17 245 9 482 78 13 60 20 5 34 2 18 8 140 29 70 25 3 63 182 21 7 88 57 16 60 73 32 103 41 21 174
0 47027 93 49 97 91 9
0 47112 84 63 72 45 100 102 49 77 66 8 122 36 109 7 36 39 159 13 77 20 63 15 100 14 161 67 115 11 4 6 15 45 43 98 46 60 106 198 14 142 102 91 23 30 157 7 146 55 64 6 16 2 29 38 104 34 465
0 47172 21 12 149 5 177 209 121 67 139
0 47189 151 50 33 53 423 28 44 111 78 10 162 2 112 59 27 13 59 194 40 120 4 27 67 26 80 59 1 170 262 68 58 24 230 48 15 12 44 36 119 37 120 18 240 109 689 22 120 23 112 12 230 144 84 171 80 110 10 52 112 8 194 29 256 102 389 8 153 124 177 33 11 7 55 12 236 53 22 5 55 57 9 7 2 75 20 81 140 22 29 1 165 198 76 62 116 3 11 62 126 25 453 130 91 3 384 58 40 38 104 173 175 70 168 32 370 30 3 34 81 144 8 10 176 14 175 8 15 24 198 210 143 120 76 53 400 18 292 84 163 22 63 17 36 12 330 30 4 63 264 14 17 1 5 174 8 61 67 88 149 18 79
0 47359 38 47 43 5 41 61 9 2 17
0 47893 150 17 45 38 112 35 31
0 47968 47 7 45 23 58 27 67 30 36 39 29
0 47972 48 31 41
0 47997 119 108 17
0 48063 94 49 96 47 10 41 23 107 287 162 17 26 154 17 13 76 143
0 48064 10 23 49 105 41 31 189 62 9 151 149 2 8 48 37 27 43 146 62 8 10 55 111 29 47 81 99 44 216
0 48379 152 7 61 13 5 54 94 23 76 70 15 5 24 19 63 8 7 79 46 70 51 77 32 28 89 15 70 24 20 22 38 132 88 63 6 55 10 2 83 156 606 18 95 30 7 15 27 9 33 14 20 26 22 30 30 43 115 21 24 16 339 10 54 6 52 47 124 12 3 125 36 85 58 64 4 18 12 75 32 33 27 22 53 35 173 42 3 29 83 14 31 19 26 6 90 46 20
0 48695 2 38 151 71 15 7 543 154 53 19 56 15 33 100 71 3 24 6 52 18 22 33 375 5 85 11 35 8 227 61 5 19 76 247 61 96 91 34 185 34 21 29 97 45 11 24 61 2 275 6 5 76 390 131 66 33 22 5 4 10 130
0 48700 119 15 211 87 158 6 96 80 36 18 123 5 286 25 11 7 66 79 4 51 5 12 141 13 28 50 42 129 224 12 176 123 66 85 30 59 84 68 336 35 127 45 116 51 12 16 63 75 27 16 80 129 117 10 77 10 215 8 21 10 357 14 15 41 4 20 108 135 136 1 46 17 27 12 55 1 10 47 43 23 77 12 9 2 143 137 17
0 48919 91 21 19 21 23 12 49 2 204 8 235 35 32 14 241 8 334 83 20 33 33 45 14 5 279 50 58 25 50 56 24 24 51 3 40 5 189 64 116 247 56 47 8 105 77 3 117 37 312 16 159 177 115 79 67 18 164 54 39 57 94 30 67 111 172 22 20 75 61 174 4 17 189 25 240 22 44 7 132 21 66 47 190 17 86 24 14 59 151 20 1 113 62 32 244 203 63 46 117 78 27 41 8 7 25 4 6 45 12 40 77 234 15 8 111 11 8 98 48 77 59 122 146 96 58 170 72 113 3 12 183 7 3
0 49014 1 27 86 58 59 30 51 73 230 13 13 7 219 136 51 89 442 10 79
0 49135 152 17 93 66 36 54 66 22 20 27 23 21 260 32 22 18 2 18 37 34 43 23 4 47 14 47 23 114 85 7 155 6 163 166 65 2 60 80 51 76 121 118 553 17 237 38 5 38 62 4 88 23 40 5 430 26 90 42 56 73 22 40 152 107 71 7 38 42 64 19 105 297 125 16 12 105 73 49 341 21 92 70 10 67 38 8 20 17 33 9 6 17 58 7 99 120 54 3 47 27 1
0 49159 76 4 48 17 56 32 125 18 145 136 190 12 13 9 36 56 78 28 81 97 72 78 40 53 76 58 6 28 31 17 33 34 173 19 117
0 49179 192
0 49348 257 23 150 13 29 4 315 109 42 8 8 54 26 13 117
0 49402 60
0 49475 306 29 72 3 63 70 98 284 227 13 102 112 91 9 93 63 36 31 2 14 81 6 20 35 39 123 5 11 17 27 93 19 39 150 54 19 106 252 31 142 84 101 28 5 330 10 5
0 49522 9 182 17 102 116 79 310 48 22 146 164 77 129 7 73 13 64 25 57 111 70 15 66 11 56 17 9 55 44 57 399 62 60 25 29 7 23 90 159 87 121 26 88 21 3 9 4 102 145 2 12 198 80 239 62 61 116 15 10 3 53 29 28 50 55 29 160 102 59 1 168 82 207 79 111 15 193 68 32 25 656 20 96 13 48 1 52 74 102 32 84 62 173 21 31 62 10 98 58 16 61 107 298 4 93 5 14 33 23 23 302 46 27 18 21 105 98 61 31 132 168 127 47 18 8 31 5 60 268 4 15 7 91 7 109 37 22 18 124 96 50 37 35 6 22 49 85 112 273 9 52 144 185 19 20 34 11 10 202 8 18 42 46 15 165 4 78 30 83 8 225 68 17 43 54 49 29 68 196 103 261 29 186 30 32 26 8 20 2 54 47 16 47 38 97 6 18 40 17 77 107 5 16 157 486 114 4 32 117 4 89 16 39 112 140 79 101 45 71 56 11 40 184 12 56 70 7 38 100 111 22 45 18 27 53 120 149 12 51 29 26 41 7 108 45 113 20
0 49740 129 26 9 2 1 70 58 42 139 38 248
0 49782 172 85 61 75 280 1 87 8 54
0 49981 50 132 80 33 134 2 7 23 20 43 137 20 233 45 56 85 18 60 80 100 9 16 33 75 208 16 38 80 18 9 148 17 6 2 13 11 161 22 121 90 21 22 171 4 39 113 89 44 48 44 18 63 5 64 262 58 48 35 61 33 106 31 151 22 89 33 111 17 360 70 10 19 53 33 265 132 31 41 64 42 60 13 154 10 302 30 41 67 17
0 50193 296 16 233 40 47 4 339 179 21 20 24 4 1 77 35 159 41 55 48 12 200 11 101 98 38 5 12 30 60 60 36 54 95 35 327 2 64 26 51 12 116 2 4 57 155 40 8 4 350 46 203 8 47 46 4 41 10 80 60 42 66 93 185 24 11 48 59 69 63 21 111 139 157 36 9 81 325 49 122 1 68 72 35 91 52 33 37 23 208
0 50207 93 4 127 39 158 46 122 9 39 8 123 80 37
0 50533 32 2 46 8 88 43 71 13 473 13 82 20 107 152 25 22 114 48 129 138 14 47 59 3 185 20 118 151 24 37 34 51 39 74 116 18 141 31 157 25 235 295 215 32 104 15 257 23 30 32 20 3 159 69 345 66 44 20 90 110 47 40 89 35 138 52 669 28 37 16 147 14 51 26 25 32 42 74 38 7 197 125 88 15 23 2 96 34 8 8 67 63 89 7 239 54 8 5 98 19 1 66 27 82 36 3 193 64 158 14 145 1 49 84 270 19 127 3 32 93 94 38 71 17 9
0 50844 20 22 25 9 155 14 41 20 231 12 24 25 51 72 50 35 223 61 90 74 160 185 39 107 53 59 184 73 89 23 397 4 96 102 544 90 73 4 3 67 13 3 16 103 77 51 10 50 76 2 6 7 74 50 130 17 78 24 23 5 84 76 89 56 2 10 82 2 13 65 29 13 5 97 209 11 61 56 115 28 3 42 41 64 27 24 14 17 20 31 140 4 8 22 5 29 1 18 189 9 60 12 30 16 134 98 9 54 46 30 76 92 111 16 16 24 82
0 50896 9 153 17 14 30 10 215 1 140 17 24 35 104
0 50925 94 8 66 69 32 173 37 40 258 22 297 5 39
0 50963 3 1 157 38 3 88 127 48 30 120 17 14 102 134 43 79 9 165 4 69 28 15 30 13 84 7 284 104 30 34 33 35 24 43 39 15 18 7 149 55 4 55 236 99 405 73 4 15 97 6 91 28 235 80 73 26 30 62 53 36 237 8 33 106 196 20 62 131 90 37 479 3 37
0 51469 364 45 54 16 143 20 25 47 40 9 81 12 7 3 22 112 139 161 180 37 8 143 106 16 3 194 143 31 25 70 3 7 90 13 299 26 11 32 53 1 211 51 34 9 39 59 179 56 52 13 119 93 16 93 11 46 348
0 51656 29 128 352 131 49 48 180 15 475 36 27 36 10 9 115 15 109 14 35 69 22 30 151 10 12 3 14 75 3 71 24 31 30 130 9 32 123 67 73
0 51704 154 5 7 156 5 11 266 124 30 31 27 23 91 40 8 26 25 44 2 117 174 6 90
0 51707 80 41 180 50 143 4 3
0 51794 109 17 164 51 261 45 182 71 46 4 8 12 121 31 101 30 30 61 17 8 153 35 35 16 18 35 45 148 237 52 228 37 54 15 133 25 19 65 42 33 195
0 51969 34 34 51 140 397 14 101 48 3 45 96 53 204 69 171 2 9 7 54 8 76 72 168 11 32 23 214 9 81 6 87 5 71 51 92 128 23 23 70 44 48 35 341 44 47 350 339 68 152 7 16 185 7 35 15 75 40 48 72 7 137 46 62 23 57 10 320 13 262 24 146 85 24 16 43 8 272 84 8 64 73 6 240 62 131 2 42 111 248 29 83 5 16 28 181 69 39 12 35 14 2 15 278 36 78 30 11 15 490 33 51 75 11 130 21 127 4 147 60 27 444 121 52 119 196 11 44 72 26 20 5 27 252 23 15 60 48 14 99 12 85 9 129 139 55 11 15 14 80 70 107 55 103 5 233 34 370 4 12 30 49 34 26 46 58 101 363 92 206 33 15 24 201 48 5 25 62 51 17 27 37 124 140 62 260 63 196
0 52188 12 161 245 80 250 46 152 67 46 49 117 67 4
0 52248 10 9 58 52 66 79 131 56 58 9 213 74 226 8 90 48 17 146 3 10 15 25 14 4 100 87 19 25 280 20 32 232 79 96 33 141 83 83 68 17 7 171 69 212 238 39 184 10 50 35 68 7 171
0 52420 179 5 118 15 170 48 10 53 26 151 5 45 277 20 91 38 46 30 47 46 51 10 32 112 78 4 15 55 237 26 65 158 24 2 43 94 27 15 76 82 83 3 396 70 96 112 22 139 385 25 425 11 20 43 111 160 224 17 3 13 51 10 9
0 52641 35 61 55 5 14 42 6 13 52 100 51 31 22 25 115 30 213 16 3 6 115 109 164 41 12 60 155 2 4 142 6 33 359 9 28 9 315 24 40 23 74 1 83 98 51 46 98 124 365 5 79 17 11 7 101 130 36 105 111
0 52782 507 28 220 111 121 1 241 93 35 50 101 9 44 6 160 53 450 97 25 156 57 8 17 181 4 12 84 15 94 140 117 45 63 16 94 25 47 56 7 30 140 90 222 115 13 25 141 6 179 16 240 65 73 50 128 91 63 14 100 12 84 61 417 25 187 21 382 21 202 40 69 28 117 53 27 2 179 8 222 8 17 21 94 31 1
0 52784 98 20 3 34 137 56 100 17 319 9 18 3 55 31 108 20 8 3 243 16 80 36 107 30 174 44 33 43 63 41 3 84 462 81 36 46 55 121 139 26 295 27 104 66 104 8 45 16 34 52 6 45 89 8 24 30 124 33 29 38 49 50 42 56 204 82 49 56 156 29 66 75 4 28 13 20 13 3 16 14 133 8 214 49 265 24 121 41 149 20 720 66 80 31 1 6 31 50 87 3 87 115 262 114 82 67 60 8 5 7 142 15 32 29 88 39 196 36 82 20 112
0 52941 37 50 45 64 12 18 232 72 37 9 7 26 21 24 251 39 72 3 345 43 60
0 52971 330 42 30 66 247 40 28 16 149 86 80 17 108 95 71 73 36 13 30 49 22 1 384 3 339 137 105 2 17 37 32 49 340 37 252 37 3 172 26 58 127 5 96 41 133 57 57
0 52995 183 106 35 58 281 97 56 178 87 2 2 7 33 68 97 28 74 9 54
0 53025 30 11 17 18 239 117 6 21 49 15 31 100 86 9 76 25 12 52 99 145 8 37 28 39 250 201 6 3 89 148 32 81 13 7 247 15 300 74 105 34 68 108 23 21 196 17 31 18 37 73 33 90 107 146 158 12 142 2 133 10 35 113 111 110 25 27 5 3 87 85 56 24 4 15 3 36 248 35 6 15 102 94 30 39 15 54 16 52 26 25 426 5 9 62 232 49 40 59 14 79 11 60 57 96 318 43 52 146 87 42 148 68 24 59 157 18 12 24 96 16 63
0 53227 191 5 30
0 53261 86 57 191 75 118 6 34 49 125 168 4 176 74 30 27 66 132 92 27 1 67 89 86 25 27 63 41 30 105 72 97 2 118 78 176 67 4 3 268 58 32 20 25 15 128 135 142 28 39 86 63 8 122 55 151 25 83 18 156 173 39
0 53296 14 33 4
0 53385 25 21 93 4 61 39 161 68 19 35 355 20 106 51 99 312 34 46 419 228 118 74 33 13 31 273 52 84 86 6 26 41 211 30 5 103 65 146 29 68 184 22 168 38 39 38 4 5 89 85 157 118 30
0 53766 50 79 28 13 91 28 150 21 107 47 60 174 52
0 54270 6 23 199 79 182 16 58 145 48 113 180 52 133 60 117 10 139 9 28 9 105 24 76 37 59 45 87 24 176 66 223 4 47 7 2 91 137 60 72 90 20 78 49 27 104 101 262 6 585 100 1 5 157 88 262 22 150 3 62 59 133 25 14 199 222 101 56 1 19
0 54391 11 30 27 15 110 14 27 20 34 44 11 128 141 20 12 142 483 51 51 41 8 63 47 70 5 149 188 36 56 64 57 29 44 54 30 98 71 164 71 83 193 103 54 83 5 6 144 9 26 183 134 11 65 10 42 144 467 138 19 12 25 15 42 38 290 136 13 6 35 6 20 22 10 58 46 20 278 7 197 60 71 11 27 22 49 50 15 99 165 123 51 27 3 29 71 40 19 34 33 43 73 9 95 47 1 39 144 3 125 52 62 51 186 13 117 50 44 53 64 115 327 35 62 62 217 33 48 53 148 19 92 6 361 23 51 98 13 10 20 77 59 51 31 86 263 95 49 19 142 8 337
0 54649 372 76 38 20 28 23 190 65 11 80 76 9 91 158 21 42 36
0 54684 116 26 71 86 69 15 16 76 196 69 40 76 41 63 105 16 116 33 45 45 22 35 13 65 227 35 55 115 45 44 3 50 63 36 21 9 293 104 104 12 7 51 198 119 380 72 219 147 131 23 77 46 156 33 41 95 37 68 119 12 350 120 85
0 54785 321 28 182 14 55 2 47
0 54875 21 5 262 68 129 61 63 19 50 4 8 5 220 110 223 64 201 9 16 128 15 86 92 43 16 2 340 13 109 117 85
0 54916 30 35 360 129 198 15 361 2 240 18 40 25 53 182 39 73 166 138 132 42 82 34 117 3 11 79 161 19 88 28 35 32 116 93 201
0 55329 13 44 139 35 54 28 36 46 42 4 187
0 55339 284 86 101 61 3 60 181 1 111 25 5 83 24 23 545 96 77 82 7 26 55 73 56 18 25 101 70 8 64 18 25 27 234 12 284 80 221 250 296 33 53 37 108 76 73 8 67 24 119 33 125
0 55498 39 58 32 100 42 46 7 45 46 12 215 13 255 17 188 42 178 78 107 242 58 56 66 40 140 56 100 74 81 55 13 21 274 289 183 75 57
0 55687 238 1 60 30 68 73 322 9 338 1 45 4 41 1 91 9 25 6 9 121 35 20 23 26 137 196 58 57 173 239 5 16 59 67 56
0 55749 23 46 22 43 52 38 212 7 82 107 52 64 85 20 68 38 130 43 113 92 61 19 222 76 369 36 52 4 113 145 16
0 55886 28 96 82 26 78 72 204 32 153 67 73 53 50 94 44 11 120 16 13 2 27 36 1 51 18 27 15 190 6 42 4 69 114 114 28 38 144 2 32 199 73 22 78 3 22 3 48 84 13 43 98
0 56004 28 25 408 1 102 17 54 14 75 64 96 1 109 64 56 52 2 63 35 54 17
0 56247 45 34 43 59 26 22 27 41 214 29 76 32 204 7 93 13 158 151 49 24 77 3 149 197 345 60 15 97 152 2 83 101 39 74 132 49 122 29 21 8 7 25 26 157 81 33 255 12 87 30 74 54 142 62 6 68 46 38 10 194 46
0 56319 145 43 293 54 310 14 57 110 230 11 157 6 231 32 12 29 13 112 10 120 7 75 77 33 96
0 56462 3
0 56850 274 16 95 15 232 1 131 34 281 137 37 2 68 46 168 23 75 39 29 53 72 23 246 94 47 111 142 53 7 126 82 28 117 57 40 125 8 79 8 16 161 26 2 46 70 9 314 18 8 162 31 92 20
0 56905 26 198 385 72 171 46 3 38 219 17 19 7 103 22 163 91 4 65 46 53 7 13 97 18 2 81 7 23 18 206 35 20 26 14 57 4 41 30 390 190 44 31 41 15 31 20 65 33 85 8 133 107 186 189 757 60 46 48 63 43 574 2 249 44 93 51 42 51 3 28 14 87 315 109 4
0 57480 101 2 25 157 33 13 118 152 126 23 48 8 116 119 53 40 114 11 360 4 316 113 195 73 48 3 74 24 19 113 118 6 126 95 48 75 65 59 269 51 5 2 95 2 12 19 120 16 256 14 122 11 34 15 135 53 133 29 50 28 13 253 118 10 127 6 10 43 183 51 12 14 59 2 112 198 162 10 120 45 208 214 75 28 19 61 37 38 55 5 23 1 34 101 92 12 115 47 14 41 2 2 58 17 163 78 4 51 107 7 60 72 95 63 32 32 17 7 34 64 327 17 1 15 141 62 69 16 445 2 6 43 41 18 14 112 16 5 178 9 277 75 49 6 26
0 57618 187 28 94 1 3 99 41 11 172 9 196 7 33 2 18 53 34 6 104 130 45 46 27 39 22 153 211 11 54 8 88 2 139 86 44 43 307 13 52 89 118 128 75 24 6 7 105 34 111 15 89 126 2 62 67 157 26 141 93 109 94 54 303 12 12 3 199 20 23 49 81 13 310
0 57829 3 48 151 80 199 59 13 65 86 24 201 82 46 2 26 10 26 58 152 35 44 120 14 22 56 27 25 5 136 1 417 53 118 67 2 68 258 16 86 76 4 30 12 66 1 28 99 58 32 119 33 31 13 84 11 24 204 8 18 6 277 115 40 98 9 71 17 85 6 35 45 111 102 27 8 49 157 25 13 16 30 11 324 57 78 164 6 77 87 8 19 21 163 3 62 17 66 48 109 10 71 6 108 8 146 29 34 4 24
0 58009 42 59 177 17 188 19 8 15 195 101 152 28 20 26 10
0 58018 65 10 54 63 37 7 358 24 181 79 98 50 87 12 90 19 130 24 15 3 37 73 112 64 10 94 115 1 101 1 246 74 272 64 8 7 46 110 19 9 95 16 8 61 61 9 98 21 141 93 215 32 43 8 114 326 82 36 112 95 51 43 79 162 27 95 164 20 223 15 195 8 143 67 135 74 44 52 205 33 32 8 125 29 20 53 2 70 133 39 115 1 178 162 218 80 143 31 22 6 2 1 324 45 99 1 9 91 119 12 86 2 346 64 18
0 58251 13 325 93 49 192 31 43 134 110 49 10 47 5 30 324 59 95 42 12 18 1 26 12 1 176 18 14 6 76 152 114 102 12 1 21 30 22 20 53 23 97 76 70 46 35 82 32 82 16 332 135
0 58260 95 134 49 68 38 43 13 11 3 77 94 38 17 72 86 9 71 8 82 48 160 1 68 95 28 49 90 37 22 13 1 42 25 1 17 31 32 153 60 25 213 90 121 27 41 10 114 26 192 46 1131 138 146 53 60 25 53 34 31 137 31 38 145 95 87 85 194 1 10 228 116 46 11 47 90 3 41 219 19 10 94 6 181 15 406 33 168 116 157 5 223 45 41 55 85 15 49 19 60 33 16
0 58600 393 11 33 1 35 26 228 95 4
0 58697 116 76 124 80 5 16 19 36 81 52 105 60 84 39 52 93 131 83 91 26 29 42 96 13 136 8 206 26 177 84 78 58 125 53 25 50 340 2 33 6 126 26 248 1 16
0 58806 55 4 142 7 70 98 117 8 252 45 90 12 119 63 225 71 90 170 87 3 57 16 61 76 14 100 162 107 253
0 58938 245 4 41 13 160 9 228 52 42 20 116 60 16 97 2 59 347 4 281 71 86 6 22 104 53 42 52 6 20 23 165 48 99 41 11 61 24 62 304 52 64 18 647 128 27 14 163 24 59 18 52 238 132 9 87 10 54 21 162 105 54 1 34 34 30
0 58953 18 118 386 50 327 33 48 5 122 35 13 54 203 23 39 33 11 5 25 1 97 16 94
0 58977 74 37 309 9 411 87 248 145 4 22 53 25 40 79 9 19 54 55 163 6 64 114 307 41 10 76 50 141 90 33 171 126 42 3 41 25 165 48 318 7 29 8 145 112 82 62 3 115 16 2 82 33 224 39 219 26 98 7 92 44 37 85 45 96 61 7 120 121 5 28 99 210 185 9 68 40 13 68 37 102 341 75 376 49 39 88 52 22 147 43 71 17 12 27 95 13 36 40 46 69 9 109 154 81 21 48 42 62 47 61 63 28 5 46 157 24 41 1 149 14 178 160 23 107 16 23 12 8 65 86 32 99 43 78 61 97 43 8 206 31 63 48 22 30 42 9 84
0 58984 152 70 97
0 59048 67 22 261 57 73 218 47 43 128 239 95 37 143 64 3 12 78 14 190 150 90 35 202 16 13 85 345 25 16 63 1 275 86 7 81 10 73 9 409 28 62 79 56 68 16 73 110 61 8 89 11
0 59229 32 7 40 11 101 9 226 51 69
0 59374 11 47 11 48 271 158 1 177 316 10 230 22 161 141 236 73 8 35 428 27 29 3 187 171 49 4 73 86 194 7 3 84 41 1 43 4 17 117 22 5 333 151 121 52 49 75 23 108 192 29 143
0 59538 99 138 293 17 95 38 216 64 90 81 165 58 58 56 81 64 11 124 61 18 106 17 165 155 115 66 32 44 54 68 84 22 46 62 41 135 15 1 14 236 89 14 58 26 9
0 59919 30 170 4 25 191 59 53 42 22 29 84 29 96 67 11 60 20
0 59981 243 31 109 22 23 7 116 3 44 45 200 42 350 46 27 176 165 184 119 100 16 87 451 3 6 5 51 136 84 17 162 43 181 406 42 69 307
0 60163 49 36 54 14 237 91 16 6 6 43 266 8 67 30 43 31 67
0 60416 74 44 2
0 60464 132
0 60830 114 164 25 76 47 8 215 44 18 36 98 42 127 7 2 66 21 26 73 154 50 267 227 22 5 10 50 17 47 104 281 8 4 7 237 38 25 34 59 5 72
0 60879 94 119 42 57 19 90 70 13 144 21 123 24 47 48 58 1 1 16 35 71 227 25 173 20 263 64 94 24 24 38 294 64 37 5 37 28 14 15 26 11 28 41 16 14 34 79 140 1 233
0 60920 32 47 29 44 133 149 117 74 85 59 118 25 27 19 73 26 107 6 54 38 2 132 8 108 53 4 65 34 26 35 78
0 60949 5 305 47 9 56 132 91 19 31 67 266 5 87 64 43 117 3 141 17 57 45 141 62 19 49 43 78 40 46 26 53 72 155 19 81 33 109 7 83 18 47 165 170 25 25 12 9 43 29 14 9 16 34 72 72 29 300 122 15 24 120 31 157 20 183 113 344 61 26 205 174 88 16 79 3 17 104 32 192 1 252 96 45 110 14 31 22 15 13 31 242 27 526 16 19
0 61082 76 19 93 3 104 12 34 51 84 131 30 191 11 36 144 32 8 1 231 54 33 88 32 72 117 12 94 8 46 225 143 164 30 75 64 65 38 33 202 18 90 13 167 55 43 8 14 28 171 21 38 167 12 78 47 22 39 51 66 47 45 12 58 94 208 110 24 8 17 130 83 60 62 8 42 23 143 129 297 30 130 25 69
0 61510 118 29 38 12 223 43 3 15 118 16 140 63 112 53 26 30 10 23 83 44 197 14 10 10 17 50 99 39 139 8 29 58 147 10 116 36 162 14 249 1 4 30 135 45 437 7 9 167 170 65 265 226 20
0 61655 244 52 58 2 124 32 55 1 18 38 30 121 16 52 100 61 56 29 301
0 61662 19 16 35 53 71 21 113 26 68 24 11 14 36 2 69 15 48 31 143 24 111 49 374 32 120 149 374 9 300 44 21 98 227 6 69 33 112 4 28 37 260 9 284 4 312
0 61830 233 38 424 8 9 12 10 72 17 4 356 1 13 151 63
0 62054 37 23 24 50 125 9 91 41 172 26 381 132 61 9 38 26 521
0 62064 63 132 26 52 55 68 155 39 2 96 110 16 67 24 454 117 192 132 135 34 10 24 34
0 62093 2 19 178 12 173 49 51 15 368 28 47 30 207 82 131 11 7 7 69 108 82 4 41 8 165 42 264 4 95 2 79 28 157 18 7 15 36 7 256 142 163 14 15 2 48 1 67 66 24 74 93 39 93 83 13 48 81 129 230 6 76 75 71 17 138 39 46 10 62 2 79 19 39 2 304 38 127 34 294 71 92 2 22 29 134 108 78 54 205
0 62159 11 43 124 40 39 64 39 94 86 83 52 63 23 16 157 17 4 194 15 14 6 147 49 78 368 1 1 54 43 186 326 31 331 18 62 21 26 76 9 156 126 21 38 9 82 123 23 92 158 9 123 35 203 19 41 163 25 125 132 47 6 111 49 1 120 18 124 3 38 81 259 16 39 72 40 88 113 128 6 71 236 72 5 8 668 22 79 77 45 16 79 10 45 166 76 18 124 25 11 13 24 20 57 35 130 1 20 3 127 37 161 109 25 41 95 23 16 72 32 33 61 20 18 50 25 53 275 135 43 6 41 111 178 49 118
0 62200 3 60 6 35 229 26 61 38 117 11 225 32 468 1 40 31 15 6 168 19 81 79 20 61 31 42 1 41 8 44 74 66 107 2 97 37 205 32 208 291 302 187 5 29 26 26 215 26 26 35 58 68 109 58 51 57 3 2 4 62 129 18 68 40 2 6 4 10 147 42 224 90 46 67 288 131 91 26 42 141 51 11 111 109 278 41 157 16 415 146 214 16 17 10 89 42 226
0 62256 45 46 165 126 24 241 47 3 71 50 125 13 5
0 63046 360 42 5 139 49 8 109 46 1 89 74 56 148 46 87 7 97 11 61 71 102 31 349 57 224 4 440 26 40 1 138 21 18 29 50 28 29 24 18 72 168 77 354 60 117 1 151 5 1 1 15 33 208 32 187 19 19 52 55 87 182 63 58 226 130 50 57 24 376 46 12 18 35 81 19 7 59 39 264 30 37 63 13 113 118 27 14 4 240 33 382 88 158 4 129 13 57 54 18 148 58 14 184 4 249 39 20 44 112 32 106
0 63125 25 49 51 69 91 5 48 2 44 34 11 67 160
0 63135 14 39 243 14 136 3 184 2 141 44 72 37 165 138 76 4 101 15 9 59 235 64 189 6 14 13 32 109 102 25 88 104 159 13 48 83 64 1 55 54 217 57 74 28 102 46 8 37 68 25 153 109 10 14 102 31 54 261 10 93 6 22 72 11 278 13 225 27 18 17 104 36 2 9 299 29 12
0 63136 48 45 34 68 190 25 10 27 41 3 97 24 30 43 124 14 146 6 64 167 273 3 69 40 19 25 122 79 8 22 1 63 59
0 63176 223 84 55 44 96 79 105 30 125 27 58 70 171 120 122 40 4 54 2 28 72 22 218 13 48 19 324 41 5 27 2 127 62 12 251 43 33 80 438 77 73 16 73 222 13 2 16 1 78 59 212 56 3 17 63 7 127 91 93 99 32 6 24 29 101 72 96 137 36 14 9 70 3 26 58 27 49 31 12 4 16 67 169 74 78 20 143 72 9 48 137 2 42 118 3 43 63 104 41 11 1
0 63254 44 36 9 1 378 8 81 7 61
0 63258 13 32 130 100 359 7 195 50 127 43 47 30 109 19 2 11 41 32 469 20 57
0 63463 159 137 45 19 313 26 89 5 83 11 35 96 58 2 156 50 404 1 160 28 77 25 91 76 58 147 101 8 236 24 12 63 167 52 245 42 23 148 389 3 92 66 43 35 12 138 20 37 13 95 58 32 50 14 53 18 85 26 155 163 72 13 291 44 16 39 286 225 76 87 193 57 45 17 46 35 13 32 302 79 50
0 63561 105 2 299 165 12 4 318 106 15 32 419 56 240 59 49 10 243 137 144 4 192 253 238 1 8 64 588 73 113 100 61 19 147 1 24 16 202 43 28 55 40 16 22 61 13 55 449 33 6 35 390 13 96 89 23 28 43 23 113 12 62 19 80 4 6 20 5 113 142 61 192 103 28 24 122 6 24 14 10 121 211 156 30 6 25 87 69 2 302 2 162 274 187 37 111 16 13 54 83 224 18 11 29 51 309 14 111 24 127 31 86 113 28 36 31 17 47 18 47 45 2 123 61
0 63672 184 30 95 16 139 109 79 38 22 83 20 29 64 89 90 158 53 93 138 14 223 7 7 88 243 24 70 20 26 27 31 2 301
0 63706 263 9 45 127 84 123 26 61 51 30 1 62 60 49 74 26 41 61 31 43 10 105 439 22 148 25 26 17 158 116 246 85 59 9 444 50 99 31 11 49 39 189 208 8 108 68 46 26 138 141 60 11 72 30 213 61 1 26 120 115 84 26 52 43 6 136 17 20 44
0 63938 279 74 50 185 88 168 57 28 15 3 200 9 18 37 95 25 21 27 61 29 59 122 45 33 143 8 8 41 11 44 104 37 326 260 129 187 16 100 78 31 43 3 3 7 84 9 13 12 145 17 169 76 195 7 109 19 419 66 20 27 1 38 7 68 23 57 30 11 100 29 68 49 180 141 91 8 46 102 104 31 35 12 339 145 121 15 24 15 72 14 217 120 161 8 36 70 81 2 32 19 15 4 439 23 66 47 292 12 210 40 38
0 63995 194 195 50 21 72 12 54 111 61 1 234 295 159 22 74 68 10 2 63 116 58 106 99 31 38 30 164 24 152 24 8 8 159 8 65 25 170 61 53 83 177 201 206 7 20 34 172 191 36 4 63 24 110 22 25 73 79 41 60 227 49 14 174 7 144 96 39 30 107 23 54 13 249 46 12 12 56 77 86 113 35 56 36 39 197
0 64108 229 7 11 43 223 11 93 32 26 3 128 180 7 9 76 35 118 9 228
0 64257 87 253 63 64 308 51 245 37 153 6 53
0 64404 212 41 103 5 7 30 163 14 368 77 221 32 65 7 5 106 50 52 7 10 108 78 124 70 32 13 52 88 39 25 86 124 66 4 190 14 121 57 110 4 9 3 23 18 320 141 20 36 66 136 153 12 58 41 170 17 111 22 39 14 8 2 357 7 39 57 10 66 16 22 51 57 102 100 85 74 3 103 27 6 21 51 20 12 128 102 98 3 23 11 147 45 43 53 15 55 396 45 1 12 140 109 204 244 63 21 177 42 615 23 254 5 6 117 75 67 63
0 64513 97 15 14 13 61 54 26 6 124 75 162 72 777 6 15 5 63 2 229 18 22 87 317 8 28 23 18 1 333 18 150 6 158 17 7
0 64596 419 42 11 67 81 27 101 24 129 118 23 160 6 188 21 47 81 4 187 163 82 2 415 48 201 54 265 17 473 56 6 18 245 58 12 28 160 9 271 2 4 54 187 163 52 108 49 4 19 1 21 71 348 48 71 6 59 6 41 32 253 136 261 42 7 41 73 77 235 17 17 156 96 38 104 1 22 145 46 12 89 22 172 176 128 86 11 133 148 64 119 31 16 104 117 5 134 159 19 37 150 46 44 23 101 35 7 23 25 112 51 24 361 27 89 85 279 9 152 24 16 38 169 27 35 45 12 5 183 57 91 52 100 81 171 2 95 145 57
0 64706 70 1 28 16 4 20 92 12 113 19 43 77 17 49 11 84 69 55 49 2 252 33 47 4 6 134 158 23 40 15 97 19 64 61 96 146 121 204 25 12 12 68 86 28 16 4 117 32 208 103 174 8 373 27 27 25 169 22 47 15 20 65 50 6 87 124 81 6 142 3 238 70 51 10 499 8 86 23 185 5 90 105 1 95 17 108 57 10 232 23 44 48 42 49 42 3 6 12 122 66 474 5 30 110 40 74 52 36 263 19 495 46 15 17 31 40 252 37 66 3 177 44 63 41 61 16 55 50 24 68 211 11 56 53 57 25 75 3 48 104 20 3 256 13 217 13 200 41 45 42 9 94 48 83 16 97 108 94 119 33 45 173 248 5 45 23 116 28 103 24 52 1 16 1 84
0 64845 131 33 70
0 64994 26 91 55 10 36 14 97 1 134 40 240 48 140 14 103 19 10 36 154 69 34 153 13 234 7 65 24 16 222 209 146 56 86 21 473 39 37 79 126 49 42 33 160 101 150 373 30 53 85 65 30 87 178 4 125 56 10 40 164 45 446 35 15 15 11 36 100 10 43 76 82 89 57 13 10 90 53 81 8 30 11
0 65088 20 61 62 153 30 25 95
0 65375 297 45 78 1 266 31 266 48 209 38 117 24 35 135 224 16 305 115 254 93 27 23 17 92 94 35 106 26 96 25 357 110 128 15 8 24 65 36 50 79 60 57 89 7 281 5 65 34 115 30 207 23 187 96 178 2 118 66 1 26 43 32 21 89 132 46 20 52 175 82 62 34 126 60 217 116 199 104 111 52 20 73 155 40 14 62 69 14 22 142 63 47 58 40 59 135 204 80 173 6 42 6 237 136 127 39 200 36 257 84 70 7 266 105 11 99 182
0 65495 52 21 74 85 10 43 118 49 107 57 21 129 97 38 203 21 129 27 107 10 4
0 65651 8 18 18 19 208 66 153 4 4 40 68 3 82 49 4 92 9 299 180 64 2 19 22 41 10 150 60 14 161 29 22 31 123 29 255 5 11 185 89 7 8
0 65790 17 35 148 90 84 32 8 100 95 10 85 77 25 13 95 11 97 22 35 171 6 22 318 31 12 12 48 56 185 39 135
0 65933 98 26 301 5 110 164 12 15 18 18 1 17 272 15 3 6 61 112 96 47 20 99 141 41 257 42 72 2 5 5 36 59 22 19 275 33 13 74 258 25 205 25 131 52 7 93 179 86 87 38 120 38 70 30 55 80 27 8 15 69 16 88 99 68 9 8 123 15 36 181 21 32 684 33 8 217 301 162 173
0 66376 3 1 85
0 66424 142 22 137 1 198 11 133 48 280 4 58 52 93 3 69 1 299 27 279 114 159 20 72 9 76 53 163 46 30 16 103 23 10 11 22 1 36 109 170 40 127 291 63 177 125 55 174 6 65 27 339 182 261 98 81 46 12 75 208 87 4 35 28 51 51 19 29 82 92 11 52 22 109 16 92 33 53 18 64 20 51 10 108 32 97 221 44 281 195 98 13 1 344 27 57 59 10 32 81 162 302 142 135 207 192 42 171 42 19 4 26 232 24 16 81 22 33 58 65 63 383
0 66603 133 9 79 16 111 11 27 2 39 20 46 69 41 8 60 16 227 54 154 14 18 217 189 5 132 144 4 102 20 51 106 12 94 108 22 33 76 40 35 28 96 33 42 62 34 85 51 7 175 220 222 2 76 21 73 68 21 112 4 10 78 12 236 9 46 36 6 11 64 44 341 3 44 11 153 16 320 35 19 56 6 20 154 74 69 50 71 32 20 38 128 17 78
0 66946 126 9 113 5 136 56 418 1 259 112 139 25 81 15 33 26 117 41 110 18 136 34 59 5 48 86 69 27 26 56 26 88 114 6 148 55 179 12 234 48 370 94 140 37 124 50 19 30 6 79 256 29 19 41 37 14 101 98 6 20 18 44 85 15 122 5 82 156 274 18 27 71 101 55 4 30 77 4 125 38 85 5 25 27 20 11 104 38 99 129 120 25 144 61 321 96 157
0 66971 75 126 139 14 111 49 75 172 143 31 53 111 1 7 42 30 216 6 57 311 39 27 1 2 34 75 17 89 42 1 10 11 29 138 105 23 113 177 56 125 9 70 188 18 3 178 272 5 63 167 19 35 16 21 24 107 157 92 211 75 141 36 57 14 53 42 42 21 21 22 81 2 404 142 120 36 46 28 266 15 64 14 138 43 47
0 67166 118
0 67292 8 41 213 60 162 40 12 12 102 37 3 46 254 10 24 40 55 81 71 52 65 2 268
0 67533 251 8 59 5 13 94 203 76 48 1 143 60 239 103 111 15 72 128 70 11 32 5 3 107 338 2 149 34 380 95 86 20 124 35 65 48 261 68 75 88 60 102 51 29 225 40 17 39 270 22 193 91 124 16 273 112 78 9 36 45 2 60 33 239 7 89 56 15 9 21 2 147 128 121 149 66 31 29 35 28 87 35 139 31 15 46 58 173 18 51 101 16 57 10 261 80 153 34 5 31 18 21 90 11 271
0 67762 64 52 99 46 102 66 100 7 57 30 46 163 43 14 189 1 40 11 25 36 172 16 135 55 64 134 131 46 82 114 154 36 146 35 123 5 17 68 83 40 145 2 135 10 32 98 14 40 75 38 29 17 43 80 238 46 179 16 153 4 230 1 58 147 34
0 67889 16 109 226 32 32 12 28 29 17 34 288 23 102 40 128 56 37
0 68284 156 95 11 14 52 37 8 4 11 2 140
0 68414 122 60 67 133 75 47 24 59 217 3 101 103 76 8 19 53 25 17 31 19 1 89 68 57 5 19 25 70 162 84 27 145 89 40 17 12 5 40 151 27 243 18 312 33 23 44 124 6 24 34 52 30 54 89 217 64 102 109 40 52 292 2 63 22 21 245 69 73 217 11 148 54 38 10 130 97 63 19 18 148 39 65 15 23 92 53 42 63 145 2 64 17 68 13 185 86 40
0 68738 10 31 51 34 41 118 117 61 17 20 235 7 95 147 29 143 199 134 38 183 29 11 1 58 110 81 379 20 214 25 32 43 123 88 11 32 11 56 142 203 174 40 23 6 160 45 33 58 2 39 37 33 195 4 93 3 127 82 74 13 245 71 135 2 62 14 236 31 86 34 19 55 125 45 150 62 65 102 162 44 8 35 172 66 208 13 119 111 6 33 118 8 155 24 130 38 6 137 329 57 166 4 199
0 68823 103 44 40 8 169 56 57 53 27 14 110 32 149 10 54 132 86 18 18 70 124 20 578 95 21 5 37 139 13 33 33 140 2 114 191 19 42 130 6 7 20 112 53 223 279 6 49 32 93 49 32 41 174 10 10 113 91 5 30 8 207 6 146 26 132 35 153 20 3
0 68829 30 66 2 51 69 6 12 12 17 5 33 4 174 85 130 42 23 49 60 8 187 65 35 91 34 26 8
0 68877 15 37 113 11 47 1 23 49 19 212 22 38 346 13 105 62 57 58 172 17 51 7 71 8 23 21 13 61 35 124 283 19 207 27 25 39 16
0 68880 93 5 108 5 18 31 7 93 137 153 116 78 359 72 124 26 66 10 169 26 2 69 192 10 15 108 27 17 174 15 28 9 96 65 34 90 243 124 98 49 438 21 34 270 51 40 139 2 108 15 37 4 112 64 52 62 143 2 137 52 15 3 138 13 41 134 106 53 47 7 133 81 52 48 19 122 40 8 52 88 308 45 65 63 41 59 25 53 71 27 17 7 4 9 228 2 145 95 184 14 89 71 35 139 65 36 87 40 111 16 32 54 90 67 35 3 22 66 141 20 30 49 22 99 133 114 28 25 34 34 12 23 6 8 79 42 13 22 7 16 33
0 68997 41 30 209
0 69011 89 107 24 4 356 14 59 70 66 196 21 17 437 45 3 49 241 11 109 45 148 9 53 139 341 11 40 22 339 17 153 35 188 71 111 18 56 46 290 10 28 26 338 14 27
0 69368 60 30 109 39 423 82 14 94 22 89 155 18 241 24 1 167 38 25 51 44 148 14 195 326 306 46 97 110 259 33 25 27 56 82 108 87 138 8 17 37 10 68 169 37 14 7 183 6 159 4 46
0 69410 11 10 32 43 266 175 179 2 38 50 63 77 305 20 28 3 14 80 22 126 19 22 96 40 82 35 101
0 69635 16 35 20 19 34 6 104 80 42 194 53 92 102 26 24 125 183 9 113 56 51 13 34 11 179 5 250 107 11 8 19 18 112 26 208 33 26 8 98 48 10 82 56 10 93 23 180
0 69794 37 69 100 31 119 34 154 43 268 8 42 86 60 28 49
0 69817 135 47 47 6 149 43 24 19 90 18 155 131 81 74 334 170 96
0 69865 1 4 49 47 78 38 112 109 217 47 16 64 560 98 31 57 241 25 151 70 79 28 12 127 2 38 69 31 17
0 70307 194 30 108
0 70471 148 22 156 70 146 34 90 45 49 84 18 13 2 14 118 34 33 45 152 3 6 179 244 17 25 62 101 2 31 7 67 39 43 37 128 42 22 67 78 119 5 66 195 133 355 19 144 90 7 15 31 43 42
0 70556 31 52 144 119 180 75 172 23 85 29 94
0 70830 9 46 111 148 62 45 150 49 31 75 44 2 57 65 16 51 118 85 10 29 11 110 149 10 234 15 177 34 81 6 20 30 52 73 224 25 83 79 65 15 51 10 226 39 50 18 127 50 47 27 88 61 134 28 125 60 181 106 37 27 105 121 45 74 129 43 300 53 95 181 15 30 29 111 38 63 19 26 34 3 23 10 52 107 135 82 162
0 70831 25 8 19 33 8 18 23 176 45 15 68 27 5 20 25 47 243 55 143 13 303 65 88 183 2 26 234 8 29 6 101 18 21 87 196 12 162 38 161 31 18 200 213 67 75 1 4 4 134 4 182 26 1 19 55 5 159 29 36 90 124 16 78 35 114 50 89 20 118 44 32 9 85 30 11 161 8 74 6 2 99 101 76 41 92 80 172 31 230 26 274 145 3 33 14 321 56 21 85 56 29 68 16 12 276 57 9 3 41 24 100 7 5 1 71 9 205 61 317 51 375 29 445 19 49 34 167
0 70843 28 26 210 47 270 15 113 66 31 4 118 153 62 6 130 27 144 27 51 31 242 201 28 219 44 11 42 245 11 22 91 39 74 43 309 41 268 25 99 12 65 25 138 137 91 76 178 1 84 4 38 6 62 22 84 33 62 17 1 2 122 27 57 42 122 21 16 70 170 19 42 22 89 51 245 9 71
0 70860 35 14 200 24 77 51 50 37 12 27 148 12 155
0 70987 26 47 67 57 6 16 105 118 190 140 69 1 108
0 71117 125 14 26 23 65 10 83 16 17 64 57 40 258 17 19
0 71178 169 111 142 52 1 16 55 50 130 3 83 96 50
0 71328 13 36 14 167 130 27 67 18 59 127 252 17 312 85 39 15 90 9 150 113 215 54 7 15 28 5 97 61 99 113 49 120 155 56 81
0 71554 20 60 98 12 109 14 205 39 122 44 80 15 143 20 34 29 208 23 166 65 182 29 137 131 1 152 41
0 71985 76 39 83 25 80 8 5 8 161 23 79 30 118 107 11 29 19 8 155 87 124 2 75 16 24 2 201 37 123 2 202 29 5 9 56 40 69 3 7 26 68 99 402 61 21 53 390 13 84 33 16 22 35 4 305 68 4 16 116 26 106 2 33 55 134 52 9 70 61 32 329 52 144 139 34 5 12 19 14 44 149 33 440 48 232 29 240 73 3 47 96 11 93 23 136 29 205 89 136 125 53 12 43 184 196 27 141
0 72393 344 97 244 49 360 107 231 12 68 92 28 11 1
0 72556 139 14 25 108 80 13 84 15 38 90 36 14 47 17 36 3 146 19 54 11 43 14 69 77 25 7 257 275 103 88 67 83 61 39 76 93 21 26 37 2 23 2 24 11 1 205 57 23 141 57 16 260 129 2 230 32 7 59 76 39 304 59 605 154 40 56 14 26 26 51 29 40 79 8 186 92 97 95 64 54 156 33 185 52 43 116 14 26 517 12 249 5 175 42 24 13 74 31 10 70 9 97 45 24 227 187 117 11 69 87 5 5 57 80 58 62 32 59 298 9 88 78 20 96 1 7 192 11 36 33 49 16 48 74 131 96 141 104 71 2 206 30 179 108 11 19 178 61 169 20 265 39 31 23 61 39 53 19 3 85 194 36 52 91 57
0 72594 174 57 7 9 20 62 7 36 167 36 45 5 4 58 226 63 247 4 85
0 72615 83 15 168 53 43 21 120 30 245 15 51 49 111 10 125 78 135 21 2 2 44 26 138
0 72666 207 43 223 51 1 63 216 12 40 7 25 13 128
0 72668 201
0 72846 39 77 11 63 6 65 243 1 10 13 84
0 72911 42 61 23 7 54 49 64 53 33 31 159 64 148 53 78 31 222 43 172 11 3 2 171 5 1 30 102 20 176 46 37 77 123 41 144 33 24 30 249 21 301 84 488
0 73411 217 28 7 50 38 31 72 28 177 43 6 15 154 30 35 25 278 136 12 33 48 10 41 124 72 8 130 9 84 71 59 32 111 38 4 32 30 8 61 33 69 36 87 36 67 57 108 21 16 206 43 20 23 52 30 34 5 61 62 8 6 116 1 172 141 32 43 36 23 33 56 59 9 33 53 35 67 70 25 17 66 12 59 5 97 35 183 14 249 49 41 28 10 5 32 72 109 97 166 77 2 36 66 37 127 13 32 6 14 142 22 8 184 28 252 48 100 11 164 16 42 41 161 184 88 14 111 37 19 79 54 65 8 29 12 29 264 8 4
0 73476 53 80 92 92 132 106 185 52 100
0 73529 165 14 143 38 46 3 103 23 9 56 259 104 224 33 23 23 24 35 15 33 19 27 2 87 24 89 22
0 73757 112 165 86 16 24 42 37 20 322
0 73794 26
0 73967 194 4 11 18 26 89 94 9 20 26 157
0 74030 59 57 323 196 51 169 191 11 88 69 34 120 124 9 120 17 124 36 128 44 59 25 8 104 270 34 159 8 102 60 174 15 103 25 25 45 213 176 70 38 28 3 31 32 146 180 98 124 56 178 8 67 60 72 7 11 168 55 321 91 68
0 74038 119 57 47 119 26 58 30 83 6 15 140 91 3 42 77 117 111 85 112 24 62 99 175 58 62 36 30 11 38 2 52 39 61 40 116 4 60 46 6 72 33 23 76
