0 0 163 115 42 84 73 13 53 42 69 10 12 91 117 71 388 59 160 175 42 40 22 4 33 8 240 29 9 12 131 14 71
0 105 1 199 305 35 93 8 146 16 109
0 829 120 53 88
0 866 4 26 76 159 5 63 58
0 892 86 16 155 23 112 96 92 4 253
0 1226 51 39 107 155 78 262 224 111 143 130 132 93 114 29 108 129 53 30 247 204 20 37 41 3 19 58 54
0 1301 198 7 70 34 19 73 124 55 21 8 22 142 41 96 46 27 2 59 2 9 95 96 64 162 138 48 145 19 7 9 33
0 1418 10 144 43 12 76 16 84
0 1438 80 27 319 11 135 39 45 42 102 22 220 34 7 21 94 41 58 7 7 25 56 4 7 42 10 46 36 134 51 24 29 32 57
0 1616 49
0 1792 194 28 40 159 65 76 66 37 65 24 66 2 143 144 30 23 68 30 170 1 142 27 126 177 180 62 110 41 46 49 448
0 1978 187 38 161 20 57 64 58 40 241 8 1 21 151 32 26
0 1996 322 40 173 1 109 31 101 14 62 59 17 21 90 62 282 21 153 97 105 12 25 16 179
0 2154 71 54 163 55 121 23 252 41 179 22 175 71 151 58 69 57 125 17 20 113 23 44 14
0 2376 109
0 2411 23 33 13 53 72 2 418 70 3 34 19
0 2609 109 47 13 57 44 26 53 89 273
0 2885 119 9 12 8 100 43 129
0 3014 29 18 203 89 39 59 108 15 174 11 51
0 3176 122 13 197 1 6 67 97
0 3318 179 22 46 8 366 156 167 12 151 4 39 48 1
0 3355 32 17 20 72 135 15 177 11 23 134 53 106 108 75 128 84 216 82 169 4 71 17 541 41 88 97 43
0 3646 248 59 161 141 109 22 55 45 2
0 3818 43 59 62 16 123 215 153 9 43 39 54
0 4007 14 13 58 76 296 72 71 45 4 45 44 87 65 35 1
0 4315 44 207 22 6 16 118 59 58 116 98 9 15 115
0 4406 73 7 85 60 203 33 68 54 3 135 52 21 114 8 43 4 184 17 73 35 109 66 91 39 194
0 4587 67 25 6 16 200 12 22 73 30 78 137 82 3 61 67 2 139 34 50 76 91 64 18 48 245 72 8 8 1 10 91 14 283 64 231 17 4 100 22 2 110 24 57 2 174 10 10 32 9 41 16 12 30 21 122 9 45 140 31 34 57 20 163 35 182 55 123 43 147 21 125 21 390 11 189 4 119
0 4788 161 9 58 24 62 9 489 2 54
0 4870 86 5 50 35 53 175 143 90 92 6 80 20 216 42 188 18 145 49 39 23 238 8 254 16 162
0 4974 29 41 27 48 187 48 100 7 26 12 119 169 207 4 134 89 24 29 160 42 18 67 3 15 200 8 204 7 131 58 3 97 178 7 36 92 35 73 179
0 5045 115 72 12 39 314 12 71 9 272 79 43 80 101 13 323
0 5351 22 4 25 202 8 107 256 27 193 33 77 95 114 13 67 244 328 12 439 57 31 60 62 20 125 107 12 31 7 11 33 35 351 77 39 62 173 8 92 43 70
0 5469 4 77 20 17 14 66 194 26 131 13 120 10 112 8 9 44 45 92 61 43 136 70 38 34 73 32 31
0 5485 43 67 30 3 4 13 64 26 38 62 138 26 97 17 245 12 36 8 12
0 5489 260 60 20 6 42 278 90 25 33 10 560 24 157 45 84 37 10 73 15 13 20 117 157 10 22 1 78 43 151 10 267 21 58 13 11 7 3 8 133 12 35 42 18 3 129 55 216 50 82 12 93 100 60 141 1 2 191 94 30 14 190 11 118 164 175 75 89 18 9 55 134
0 5549 26 1 20 41 45
0 5658 242 54 33 41 100 63 109 10 52 29 97 28 5 10 83 9 68 60 186 37 19 33 454 66 63 57 56 4 55 3 10 59 96 56 27 48 34 57 103 13 328
0 5800 55 146 93 1 266 12 302 72 58
0 5944 42 23 24 33 165 91 120 46 36 153 32 29 221
0 5965 317 2 35 5 84 11 14 22 86 12 17 12 37 72 275 25 48 12 110 8 54 40 11 30 110 3 77 78 14 139 28 194 113 28 33 43 40 85 157
0 5990 168 74 54 66 201 1 361 91 249 57 132 2 96 72 5 9 103 34 175 29 83 82 2 37 39 17 52
0 6027 4 6 4 4 45 8 7
0 6287 314
0 6357 69 41 32 35 22 5 1 18 45 34 41 110 196 13 80
0 6420 4 19 51 4 410 27 5 111 157 156 130 136 65 15 188 5 91 44 36 45 95 12 84 3 30 9 116 27 10 18 17 25 232 10 252 12 117 7 22 71 332 211 144 140 228 47 15 25 233 1 17 40 48 3 4
0 6450 206
0 6715 108 4 141 29 16 14 51 43 233
0 6749 5
0 6768 47 14 265 4 222 53 62 75 195 196 108 49 24 47 39 45 420 83 101 37 278 6 96 27 35 8 56 56 302 4 49
0 6883 11 146 203 16 480 19 301 74 27
0 7016 127 73 55
0 7031 73 147 64 1 30 9 274 111 303 13 8
0 7050 202 46 83 168 89 146 132 16 300 30 304 27 119 10 123 128 209 27 5 3 55 229 51 1 5 31 97 47 114 191 83 37 26 147 251 222 96 5 27 10 249 15 81 3 101 32 76
0 7381 411 9 9
0 7567 216 121 167 27 73 1 20 10 47 111 133 193 38 102 417 27 70 34 121 114 61 140 72 105 116 26 263 21 184
0 7795 51 5 61 12 98 2 51 97 15 55 109 32 65 1 223 13 4 62 168 99 21 10 32 31 242 147 76 27 34 7 30 94 147 9 135 27 13
0 7900 95
0 7905 192 10 39 29 27 169 4 19 31 25 21 170 463 14 23 90 171 51 42 17 50 48 86 108 60 52 35 2 14 29 37 87 12 16 117 163 75 111 113 8 100 21 57 17 56 57 138 15 35 200 283 87 15
0 8273 146
0 8511 23 76 181
0 8532 376 158 20 28 5 53 130 77 152 64 134 27 44 8 39 28 55 7 43 1 124 7 57 81 98 23 72 13 417 221 2 218 6 22 285 71 73 80 105 36 23 119 105 21 11 4 40 69 7 12 178
0 8763 301 13 500 16 5 26 179 20 285 7 8 39 53 164 16 9 151 94 29 44 511 46 2 16 226 50 201 85 21 55 156 34 76
0 8773 74 70 78 79 131 43 40 20 48 35 11
0 8889 87 25 171 29 35 10 23 100 97 22 193 114 60 27 19
0 9175 81 63 57 19 31 30 224 1 267 80 163 30 494 51 13 9 36 146 332 161 268 349 127 33 56 11 4 52 55 13 64 101 29
0 9396 12 7 40 2 95 16 41 21 12
0 9619 77 35 270 137 115 45 65 47 58 3 86 37 108 17 65 11 58 58 36
0 9831 230 7 5 139 30 62 52 8 14 1 105 13 312 38 97 16 4 102 33 38 90 27 110 17 100 72 34 42 1 43 265 3 114 18 41 10 154 151 31 38 296 43 83 12 135 4 83 56 73
0 9972 157 65 186 126 23 110 6
0 10103 153
0 10393 399 161 45 32 112 73 81 20 147 6 11 88 24 78 53 34 66 148 133 133 294 13 148 34 56 42 15 57 33 11 86 50 6 12 166 86 58 34 126 82 15 70 72 29 325 76 84 1 76 37 63 6 81 12 318 19 181 8 75 10 343 68 30
0 10547 78 5 124 46 23 19 92 13 53 52 339 79 62 22 82
0 10665 8 31 14 29 23 1 94 146 46 3 23 80 30 7 3 66 17 40 110 48 18 27 60 2 31 71 60 11 24
0 10724 75 16 6 39 369 70 27 109 44 52 155 61 22 13 170 44 48
0 10746 4 50 92 9 259
0 10831 37 11 150 18 200 156 77
0 10851 110 4 282 4 127 7 101 21 89 10 55 12 37 25 86 20 154 21 23 43 56 95 5 162 11
0 11133 84 44 135 5 165 17 29 6 196 12 11 42 227
0 11271 21 236 71 56 30 83 107 17 198 6 136 61 109 83 114 19 137 81 18 18 110 9 18 55 151 12 292 5 83 232 198 23 112 4 180
0 11289 35 21 253 3 9
0 11428 77 96 107 61 50
0 11686 54 59 42 41 138 1 27 61 472 98 127 68 4 82 155 34 213 76 148 1 47 24 3 31 110 164 57 5 21 78 44 12 112 27 12 65 9 7 6 19 28 12 38 8 218 34 90 61 99 50 23 2 57 20 41 46 160 89 214 58 67 107 69 6 102 9 84 130 68 39 86 108 55 43 277 135 329 7 155 36 67 2 37 3 163 18 21 22 67 29 58 24 195 9 57 15 120 59 10 35 55 1 68 12 21 6 122 84 88 14 102 57 217 94 121 12 89 165 94 62 178 39 55 8 93 35 143 39 14 117 97 16 83 137 77
0 11761 29 202 38 293 82 57 515 78 20 14 118
0 11937 249
0 12180 114 51 11 116 28 6 31 29 99 4 23 62 14 1 205 36 34 139 418 20 19 18 130 9 49
0 12275 73 25 40 26 151 72 5 95 190 44 163 89 346 78 12 18 227 48 71
0 12321 281 19 189 64 662 39 45 56 35 10 39 81 79 90 37
0 12591 117 1 152 7 221 41 131 75 14
0 12792 206 170 3 40 44 32 11 88 76 12 85 56 144 9 13 37 63 23 173 10 20 90 12 83 124
0 13033 62 4 58 5 8 12 221
0 13155 32 59 8 29 152 7 70 26 47 98 40 129 180 8 9 43 92 26 85 52 88 4 41 279 14
0 13234 166 24 210 19 22 32 122 28 58 37 154 11 55 32 47 72 210 36 37 196 148 1 96 9 101 56 88 130 184 33 5
0 13245 84 24 23 63 59 33 95 178 131 7 46 24 49 24 100 5 74 101 70 74 31
0 13330 10 11 292 13 1 8 27 2 77 35 114 94 104 24 32 44 226 22 87 24 279 169 32 77 98 24 140 14 47 8 34 62 172 38 66 102 10 13 123 26 9 96 25 29 238 17 231 64 58 12 63 31 406 18 69 14 98 46 28 12 66 71 32
0 13808 34
0 14067 105 81 108
0 14212 251 2 159 13 65 19 9 8 33 34 26 6 132 9 252 20 65 43 203 42 6 4 81 423 108 2 1 65 5 91 134 15 71 39 98 78 31 21 168 2 14 47 50
0 14230 227 66 31 7 202 32 67
0 14263 10 7 2 65 19 68 92 36 79 50 13 43 186 8 183 71 208 3 102 4 135 102 34
0 14478 182 75 25 42 70 121 151 256 125 72 8 167 81 13 130 41 75 19 90 20 36 39 91 241 149 234 153 26 173 101 68 93 349 16 9 79 79 13 202 10 26 25 192 21 157 49 142 23 149 28 27 74 27 13 100 98 34
0 14739 34 7 26 22 36 9 196 158 367 65 90 10 59 11 219 28 15 32 99 96 154 22 54 2 251 28 377 12 88 24 270 19 207 33 129 60 343 56 33 12 48
0 14829 270 9 77 17 116
0 15053 77 12 442 63 7 34 306 89 10 17 54 1 79 30 18 24 29 17 62 6 316 13 31 118 123 8 265 8 70 13 28 13 138 9 238 35 45 14 20 448 22 61 110 139 130 100 243 10 295 60 116 4 93 82 119 22 9 102 177 53 66 92 119
0 15209 135 103 36 10 108 128 66 63 133 144 121 26 18 8 100 12 5 49 24 168 170 45 102 51 4 50 74 34 18 88 28 63 40 35 199 7 80 71 65 43 212 46 141 91 140 87 100 162 141 19 56 100 3 1 69
0 15252 53 21 128 52 197 39 258 54 183 26 170 11 206 67 13 113 52 136 49 141 295
0 15271 113 8 52
0 15318 122 14 80 207 51 21 19 71 168 22 42 3 144 13 17
0 15542 123 19 10 41 13 29 25 57 30 24 62 26 38 112 171 119 4
0 15546 4 16 122 27 213 59 3 114 93 48 6 114 23
0 15572 217 88 17 54 185 103 3 10 17 139 186 92 5 26 65 31 10 19 51 25 119 2 96 8 44 3 410 23 54 19 131 28 81 4 7 30 115 87 173 1 5 19 55 76 31 84 36 59 158 21 183 8 140 98 9 21 45
0 15598 307 20 6 1 79 19 193 31 107
0 15637 58 91 142 140 120 8 221
0 15722 26 75 22
0 15823 6 66 6
0 16086 54 3 23 5 263 39 176 43 73 12 84
0 16171 37 134 100
0 16231 218 87 79 16 59 7 342 137 142 78 10 81 520 9 2 38 93 141 175 14 212 38 33 24 11
0 16601 285 83 36 57 246
0 16612 64 12 94 3 15 17 44
0 16635 69 4 266 6 74 59 103 15 215 19 214 66 57 19 6 2 106 36 78
0 16687 232 51 184
0 16849 152 5 123 24 72 49 8 130 247 19 48
0 16947 127 1 111 143 82
0 16954 84 152 71 5 53 82 696 178 108 57 137 18 145 2 200 32 11 211 36 3 33
0 17061 53 38 59 2 95
0 17152 156 1 47 234 78 25 82 32 3 93 159 103 35 15 5 182 44 117 1 66 11 103 6 73 28 150 21 15 111 24 35 23 4 108 67 341 27 1 192 48 165 83 185
0 17291 239 147 14 70 260 41 2
0 17872 238 82 256 42 211
0 17999 54 152 232 10 214 4 16 11 86 13 77 32 12 51 159 51 9 203 63 125 45 73 72 76 56 4 73 20 39 7 179
0 18080 233 5 5 27 74 113 17
0 18297 85 20 30 10 44 65 9
0 18413 83
0 18518 76 121 51 43 22 14 2 70 16 9 54 62 36
0 18527 160 14 16 30 11
0 18659 72 1 32 99 5 64 84 3 298 155 47 39 7 75 146 21 188 29 26
0 18704 1 28 149 88 426
0 19452 215 161 196 28 124
0 19566 27 31 17 73 56 31 37 141 29 65 3 69 35 18 59 44 41 19 35 26 179 44 13 34 2 77 7 116 14 17 79 1 345 2 135 135 154 3 122
0 19579 19 55 39 10 36 52 15 24 48 192 182 51 157 14 105 177 53 12 234
0 19689 6 3 23 64 60 15 142 4 57 15 87 20 32 77 4 54 145 94 35 107 109 2 50 33 132
0 19743 161 46 19
0 19764 418 17 37 2 16 28 45 16 47 84 20 4 12
0 20007 111 120 125
0 20067 112 7 20 29 248 93 83 74 70 114 18 1 15 43 61
0 20125 250 2 14 63 109 70 66 111 3 23 8 19 215 54 376 100 92 7 136 87 247
0 20154 6 11 26 16 55
0 20221 13 157 98 147 62 98 96 32 8 61 182 171 22
0 20238 36 76 106 154 190 27 34 50 35
0 20307 42 9 75 187 85 20 9 65 104 43 30
0 20308 197 36 34 7 181 20 137 26 30 43 38 55 13 28 34 58 20 5 253 19 39 29 86
0 20413 63 24 49 33 148 94 3 11 64 34 28 1 53 13 347 127 73
0 20486 155 119 64 58 71 12 13 41 369 31 27 155 58 5 59
0 20551 214 64 45 2 136 243 24 36 304 6 49 129 155 4 54 357 98 2 200 9 27 9 397 33 261 6 126 86 58 6 43 24 110 6 5 2 98 18 237 53 18
0 20552 3 36 10 26 89 58 136 4 19 60 15
0 20779 34 50 82 37 173 24 8
0 20825 84 41 18 40 262 26 123 24 3 52 32 134 17 15 151 37 33 1 252 115 54 17 20 53 211 96 197
0 20943 62 26 299 79 21 100 273 160 106 68 111 26 69 25 233 106 56 6 11
0 21139 99 134 21 1 36 43 27 55 16 63 165 21 31 36 47 57 151 23 119 22 145 93 11 20 62 37 143 18 90 28 167 22 5 134 45
0 21207 12 14 5 28 108 11 81 24 165 58 3 36 250
0 21223 8 36 244 91 146 5 18 117 23 10 13 2 52 43 106 103 106 3 135 42 76 25 127
0 21328 103 6 102 70 158 100 148 101 77 6 57 271 38 48 236 34 154 16 32 56 168 137 55 16 69 18 16 22 114 87 174 196 180 34 114 44 25
0 21359 16 59 220 4 95
0 21431 147 42 86 5 39 170 249 95 165 6 94 71 7 20 133 2 56 65 89 83 115 6 78 14 345 76 78
0 21512 71 22 24 14 28 15 58
0 21566 115 53 45 8 109 12 35 17 283 89 49 42 7 8 52 12 100 12 126 146 104 130 47 116 126 26 2 33 110 27 51 38 293 18 35 101 40 4 3 25 339 115 14 73 29 97 266 73 69 9 47 56 246 47 100
0 22087 9 70 9 60 74 63 80 22 186 11 9 11 66 32 65
0 22183 166 106 2
0 22193 192 9 70
0 22406 37 37 114 122 43 74 25 45 80 24 13 80 41 293 172 102 79 149 229 40 95 2 114 72 70 16 234 27 148 67 7 101 121 10 251 13 191 7 145 36 23 28 155
0 22475 680 6 169 27 25 182 82 205 19 51 232 59 52 64 7 1 47 76 231 5 43 7 399 12 4 3 120 5 9 99 162 34 126 30 78 95 53 15 55 41 207 4 324 15 318 3 22 62 25 19 99 175 43 6 38
0 22771 342
0 22795 3 52 108
0 23585 16
0 23673 53 1 38 3 161 128 90 51 58 6 34
0 23920 436 39 398 40 100 19 38 1 193 38 288 72 12 50 84 16 35 45 14 35 37 9 10 2 5
0 24007 7 19 75 130 20 6 326 94 11 44 120 345 117 158 16
0 24104 98 27 42 26 113 10 22
0 24141 63 1 278 72 114 177 129
0 24286 263 83 5 30 71
0 24362 131 3 1 7 80 44 7 145 27 40 159 7 162 46 88 31 31 122 52 59 13 6 19 45 219 21 198 58 47 39 35 70 40 45 24 75 118 31 65 30 11 13 139 151 38 30 38 7 62 1 21 88 60 26 60 76 94 87 110 1 167 82 97 31 68 18 26 4 121 22 36 47 24 13 6 84 155 89 97 82 39 11 89 113 9 26 99 20 90 11 57 4 108 24 310 54 293 10 65 28 10 15 79 68 117 26 179 52 152 89 2 80 30 69 53 111 72 16 121 89 3 81 28 296 461 53 98 13 5 25 251 8 24 30 143 254 83 13 113 156 160 80 60 62 179 42 8 141 180
0 24625 4 42 13 16 83 59 171 41 59 115 82 19 56 105 52 19 86 144 56
0 24693 7 114 125 15 9 21 7 23 92 43 135 14 106 56 30 57 37 33 167 166 168 8 143 40 45 2 435 14 72 5 68 20 67 107 7 18 350 12 85 1 176 11 65 85 14 7 29 23 21 39 37 128 227 7 76 20 76 8 159 288 26 84 34 12 272 7 10 6 27
0 24779 168 21 486 17 22 3 106 41 185 87 53 98 52 228 344
0 25020 34 10 5
0 25065 33 70 61 60 257
0 25687 45 84 33 58 36 87 208 103 155 50 650 228 70 25 54 5 161 78 35 13 31 9 114 41 30 187 1 15 29 200 53 294 205 28 286 37 4 150 164 86 45 27 50 127 15
0 25821 22 19 169 7 28 68 279 85 281
0 25855 65 8 28 15 11 3 198 59 17 42 7 27 25 5 2 40 27 119 53 32 50 53 52 3 39 21 169 53 93
0 26268 38 68 15 65 235 78 22 72 617 28 400 29 94 75 100 4 10 65 73 8 152 15 69 85 28 30 86 101 54 16 63 38 28 55 331 57 116
0 26290 45 68 25 60 32 8 189 34 673 16 379 251 207 10 36 44 25 2 26 35 23 21 58 215 9 13 133 42 126 24 68 5 10 59 50 32 82
0 26875 11 78 42 34 256 82 27 89 64 57 59 3 52 1 127 67 852 26 159 53 211 6 100 40 141 39 72 86 21 13 66 42 214 33 122 110 11 93 19 5 100 15 73 72 124 37 71 43 31
0 26891 21 93 1 154 23 63 27
0 26955 74 27 101 79 19 3 39 108 114 438 223 16 179 135 33 67 136 32 4 13 113
0 27012 38 57 277 2 27 109 109 12 252
0 27027 29 104 31 34 37 37 86 1 67 82 191 75 283 7 103 65 1 11 77 32 59 36 51
0 27074 40 23 78 46 4 38 172 25 60 83 11 81 99 5 25 87 171
0 27127 37 26 86 18 113 56 1 7 38 27 83
0 27228 138 30 44 73 47 117 160 48 38 28 15 7 89 81 103 35 278 9 15 34 23 12 54
0 27340 191 4 171 48 39 25 8 13 440
0 27369 136 12 22
0 27430 75 49 13 16 131 25 393 16 67 133 167 18 46 4 7 13 58 19 56 90 107 59 21
0 27732 48 92 25
0 27907 17 57 64 27 167 18 125
0 27908 111 85 70 3 241 3 91
0 27944 284 27 250 12 238 11 36 41 184 42 100 43 22 18 184 15 233 43 30 33 4
0 27985 29 64 25 90 34 46 114 83 72 102 189 27 229 40 4 1 87 43 57 96 273 9 49
0 28052 44 140 114 43 43 46 23 9 3 57 41 28 15 33 132 35 143 72 89 1 19 15 6 36 288 103 5 63 71 2 35 63 14 159 191 16 153 10 52
0 28103 85 12 20 19 12 62 408 11 252 12 98 80 19 42 45
0 28487 4 71 202 40 16 43 48 76 124 24 46 9 145 81 54 99 169 34 23
0 28512 81 1 282 100 18 24 23
0 28532 105 4 35 71 14 16 39 14 73 45 28 22 102 88 32 13 95 10 92 164 91
0 28769 13 87 132 160 2
0 29013 16 30 297 66 58 133 152 53 529 60 146 12 91 178 85
0 29312 87 42 57 89 109
0 29657 20 70 123 13 451 24 87 71 110
0 29683 8 6 262 37 79 14 93 4 221 33 46 58 10 50 23
0 29915 72 7 22 33 44 69 26 17 3 21 199 49 195 9 51 1 374 516 5 72 187 33 19 32 145 12 62 16 21 16 87 67 86 55 88 110 208
0 30069 3 32 32 10 75 159 27 3 66 6 53 9 221 27 16 205 106 24 21 174 151 20 29 26 78 21 231 187 197 202 40 29 19 2 52 42 12 43 36 75 369 31 11 4 41 61 52 12 95 28 152 72 48 171 134 44 201 8 87 16 6
0 30290 407 78 7
0 30359 166 59 64 89 38 77 94 2 98 15 3 10 183 39 21 1 162 16 52 35 116 24 86
0 30468 87 12 94 19 259 100 63 19 691 39 94 54 96
0 30484 386 9 234 226 25 42 86
0 30560 5 16 32 29 86 12 133 21 89 103 148 54 199 110 151 21 48 25 58 83 95 28 29 6 31 38 185 23 49 40 43 208 59 14 118 26 234 70 60 45 54 132 83 77 279 32 8 48 124 47 102
0 30581 71 60 30 27 112 54 23 3 207 60 686 94 161 28 47 95 33 78 78 112 29 31 39 18 270
0 30597 229 24 163 13 2 40 68 38 12 21 305 93 19 34 7 89 1 7 48 40 16 52 47 2 15 36 32 45 117 22 6 37 18 49 44 10 113 36 38 29 38 143 253 48 81 58 100 31 65 12 59 58 315
0 30637 18 35 70 28 155 10 215 77 9 40 45 22 87 27 132 44 123 44 160 85 57 3 95 19 37 15 71 23 67 21 43 1 35
0 30820 55 29 19 22 169 31 131 23 73 15 282 37 148 20 48 74 83 24 120 1 100 24 123 46 239 16 239 18 51 8 172 6 82
0 30990 14 17 8 3 5
0 31092 30 5 1 91 114 14 91 40 9 8 201 48 119 14 43 88 152
0 31428 29 149 36
0 31534 160 12 336 39 140 41 114 8 109 74 194 160 177 18 559 7 532 6 62 36 2 46 7 51 146 6 118 53 27 68 125 23 62 50 199 31 90 13 59 112 9 23 61 19 97 12 181 60 32 12 100 205 4 78 74 13 170
0 31924 176 41 50 38 28 30 306 121 42 40 14 70 139 53 167 81 70 51 7 79 234 138 159 18 72 49 96
0 32152 118 49 12 101 13 34 36 4 96 14 3
0 32470 4 10 196 36 19 22 61 102 152 1 25 45 17 10 62 16 86 2 16 121 80 94 228 8 111 10 15 30 10 22 118 29 73 35 70 94 126 91 269 39 31 11 5 271 141 15 137 38 15 7 205 147 109 75 148 100 25 78 38
0 33075 166 29 15 18 75 24 31 24 46 23 22 94 2 5 2 74 36 55 110 13 85 58 107 5 157 275 137 60 127
0 33250 267 88 61 82 293 6 14 19 50 64 202 4 3 57 222
0 33462 227 3 78 260 137 5 328 56 65 123 273 71 29 25 1 18 48 61 17 64 56 6 32
0 33971 96 53 46 75 123 42 103
0 34106 164 94 185 18 166 4 174 8 600 11 43 19 83 105 28
0 34124 124 50 57 17 205 16 41 43 126
0 34253 70 177 171 36 34 56 89 24 42 1 20 12 212
0 34587 83 3 40 36 31 19 26
0 34623 93 122 301 7 111 55 116 54 41 23 78 24 102 22 17
0 34683 184 31 83 7 37 9 178 3 115 25 71 122 58 55 11 12 85 103 81 19 24
0 34947 14 15 14 16 31 39 38 16 222 18 89 59 46 33 85 112 22 15 18 5 95 14 111 5 89 27 325 109 5 64 23 35 70 103 1 6 66 57 239 16 51 43 24 42 865 118 109 44 137 67 70 64 252 25 139 30 155 44 7 63 50 8 96 68 35 29 371 17 220 12 63 44 115 47 104 21 24 167 42 1 39 38 327 30 126 123 70 8 149 11 4 66 371 30 43
0 35020 116 81 81 4 13 9 71 31 89 5 28 8 198 21 756 105 45
0 35220 1 65 327 12 312 165 2 75 195 16 306 41 216 42 15 7 66 63 418 19 5 81 9 82 55 31 361 97 470
0 35452 100 184 70 126 102
0 35491 12
0 35511 277 16 118 31 25
0 35512 91 44 16 11 29 49 20 16 162 20 15 16 42 4 195 19 30 85 57 21 340 1 10
0 35705 100 37 58 198 25
0 35885 41 114 142 20 97 85 289 15 24 5 71 38 61 165 30
0 35977 80 55 56 32 59 44 10 46 168 64 8 26 5 72 1 62 218 74 53 87 11 7 120 129 458 3 6 67 208 33 216
0 36077 214 73 51 37 42 90 376 149 26 16 194 80 88 8 133 49 15 10 49 124 14 4 5 62 140 2 112 153 33 46 378 13 167 65 104 107 179 54 3 30 106 176 10 11 16 9 87 1 25 24 89 31 120 70 28 28 94 24 50 39 222 30 135 19 16 12 22 6 9 39 100
0 36472 56 2 146 7 71 195 8 33 213 59 421 115 133 56 15 95 2 22 70 45 30 8 92 21 242 28 4 69 376 42 30 61 82 59 50 21 261
0 36555 51 7 42 23 36 42 30 17 57 17 51 104 56 13 57 121 120 114 113 32 54 6 139 6 267 40 35 173 86 43 58 3 108 61 33 85 58 36 14 32 149 52 372 57 31 3 41
0 36703 37 5 12 14 275 137 1 68 105 50 54 88 45 160 37 40 40 17 3 37 1 20 104 68 118 53 4 2 75 15 24 12 57 47 111 66 362 33 3 40 39 65 224 48 98 40 24
0 37096 41 24 46 18 164 21 220 19 187 37 31 13 182 87 1 163 46 21 177 188 63
0 37174 73 56 36
0 37575 98 113 127 5 8 36 101 27 101 17 258 10 194 73 171 37 144 66 7 36 22
0 37621 4 4 108 48 35 73 322 62 29 104 53
0 37783 67 6 32 22 63 12 63 30 11 19 318 79 144 79 32 27 63 12 12 103 12 70 95 53 240 53 180 17 51 63 40 60 188 154 21 30 31 128 3 63 90 64 83 177 242 106 204 65 15 18 96 26 254 4 4 47 23 81 106 5 14 139 33
0 38107 22 14 13 16 102 13 32 68 221 57 29 9 30 15 70 5 164 19 72
0 38202 13 40 179 152 5 1 62 109 112 29 29 116 60
0 38238 77 18 69 19 124 15 8 4 24 2 41 52 20 18 19 48 107 18 162 12 76 4 110 11 165 136 140 10 188 27 1
0 38372 184 49 118 104 23 27 334 155 35 7 60 3 190 57 179 8 4 34 41 79 3 31 112 26 68 20 62 41 3 170 56 51 141
0 38448 1 49 24 4 131 13 7 33 49 14 30 138 54 258 95 27 6 140 12 11 5 29 48 45 88
0 38468 14 59 73 63 162 253 42 9 17 13 173 1 46
0 38730 179 15 54 22 44 71 21 8 75 50 48 31 315 14 8 21 17 90 77 53 25 10 95 55 125 13 17 1 208 195 583 22 13 116 25 27 126 108 38 11 342 28 378 1 92 124 74 11 13 82 74 32 222 108 44 28 30 51 25 101 76 13 4 43 223 33 360 33 40
0 39001 333 24 113 27 137 13 275 91 20 118 48 52 7 43 303 40 22 58 42 11 31 68 11 10 3 43 161 6 362 39 20 47 15 295 79 34 17 16 87 50 2 122 240 108 71 31 142 62 193
0 39079 36 44 66
0 39156 20
0 39169 154
0 39384 12 29 136 16 299 74 76 7 81 69 24 170 3 69 49 41 7 7 42 70 165 102 165 30 57 23 117 43 26 43 195
0 39455 174
0 39844 61 20 14
0 40005 6 35 73 5 12 36 55 15 140 53 59 33 24 81 175 34 20 2 49 30 53 6 233 13 258 168 44 27 134
0 40131 137 34 79 3 190 17 222 5 204 15 13 98 84 69 201 21 29
0 40187 330 5 163 32 61 7 150 110 28 26 46 35 105 114 43 121 158 40 38 1 36 18 53
0 40257 395 26 77 36 279 70 41 183 152 16 37 61 106 77 219 26 205 99 94 5 203 89 28 49 600 47 28 176 172 57 255 3 20 14 100 9 73 5 322 18 119 2 452 8 98 30 40 161 3 120 119 55 146 83 133 14 17
0 40423 217 98 9 37 196 10 39 40 25 33 3 53 44 12 283 76 86 29 39 3 103 1 29 7 125
0 40755 183
0 40975 41 1 114 32 35 5 25 89 210 78 138 142 144 20 94 61 133 126 32 65 32 85 59
0 41405 74 19 65 61 24 77 52 83 216
0 41416 359
0 41586 57 56 172 11 284 67 57 30 127 28 1
0 41624 265 96 67 31 195
0 41786 709 28 234 31 99 38 31 8 68 27 53 150 53 50 6 121 1 19 30 9 26 311 90
0 42126 58 92 15 75 59 57 133 1 90 96 78 34 182 15 57 11 42 17 16 24 130 10 344 150 119 38 39
0 42206 6 20 39 26 1 23 134
0 42296 21 34 13 40 53 14 8 1 74 72 7 54 29 32 14 57 16 181 10 15 32 88 133 63 148 18 17 36 46
0 42449 37 33 17 45 1 47 35
0 42466 54 59 155 9 234 85 85 61 22 140 13 73 407 85 97 9 59 68 22 7 61 25 47 130 39 123 177 169 152 33 218 91 527 21 29 8 44 21 423 2 55 155 65 4 8 40 505
0 42810 160 142 11 8 22 19 74 17 78 53 43 97 65 19 11 62 26 39 146 63 159 26 51 25 21 100 55 8 30 1 22 64 25 61 34 38 279 117 30 58 91 127 324 33 75 14 39
0 42917 27 12 65 4 7 4 590 122 15 10 36 160 27 11 90 302 223
0 43277 68 2 271 83 108 94 59 59 59 98 116 13 131 66 24 13 109
0 43412 131 95 134 81 550 41 12 15 109 14 78 30 108 165 58 110 27 65 72 33 192 84 3 53 117 89 186 86 104 38 142 117 20 61 42
0 43422 20 48 91 6 33 183 5 21 101
0 43454 74 125 108 15 185 29 12 55 173 25 115 28 142 4 10
0 43726 464 74 137 1 143 16 16 159 7 92 13 3 11 21 5 5 53
0 43751 63 6 5 8 46 9 128 1 56 28 33 22 11 6 22 3 97 120 30 49 27 82 37 35 12 59 194 35 47
0 43794 120 9 74 54 128 9 131 11 123 5 2 29 3 41 96 35 19 61 415 154 297
0 44037 76 73 176 6 65 18 28
0 44059 159 107 78 16 133 48 105 49 70 68 38 135 53 35 189 177 37 11 61 41 166 8 93 28 11
0 44121 153 9 99 6 134 8 44 51 60 147 51 44 150 18 25 103 38 54 128 60 27 44 57 34 5
0 44400 49 46 59 70 181 40 8 28 103 69 394 29 97 9 80 26 194
0 44427 103 49 52 90 73 54 45 89 130 77 55 15 7 40 90 103 17 115 1 5 107 48 71 222 181
0 44428 48 231 21 2 193 11 53 62 111 173 23 22 107 9 116 5 14 52 99 24 30
0 44491 40 10 184
0 44615 78 2 33 111 54 26 119
0 44748 8 67 4 53 64 17 144 80 107 37 92 7 19 26 6 9 197 25 57 25 114 32 60 8 60 15 144
0 44857 17 90 4 84 184 25 35 34 17 47 119 15 20 44 136
0 44905 193 137 37 96 314 21 274 54 129 6 236 109 126 27 147 35 79 47 116 160 11 59 98 33 82 19 123 329 275 13 36 107 42
0 44971 75 37 176 44 3
0 45099 32 15 38 111 53 41 108
0 45204 192 12 41 90 93 22 26 15 165 17 184 34 503 122 41 139 179 14 147 13 351 89 104 28 38 9 45 127 8 7 180 44 92 6 14 230 15 27 283 57 37 52 77 66 100 37 87 5 144 33 50 57 140 76 209 26 49 62 77 72 257 99 220 1 99 26 123 54 133 91 68 53 104 29 151 84 58 51 441
0 46039 215 50 590 32 23 183 186 123 44
0 46097 112 166 19 8 386 4 455 5 25 37 28
0 46147 95 58 2 19 70
0 46178 41 48 175 35 24 8 139 61 50 65 84 6 32 150 73 16 206 84 315 40 180 41 1 58 7 8 46 32 31 45 100 18 44 95 97 13 77 10 39 7 94 18 81 16 11 27 44 68 62 70 126
0 46464 259 19 92 43 110 39 123 43 40 13 34 17 85 9 81 7 19 41 108 6 18 61 23 10 205 63 10 100 27
0 46679 44 28 6 6 133 37 49 41 17 5 130 13 25 41 65 10 133 24 170 57 215 8 11 52 112 99 69 46 65 1 112 110 40
0 46728 71 53 192 59 18 9 53 39 29 33 104 12 17 25 101 98 8 27 11 78 154 63 35 207 1 32 105 48 6 137 15
0 47626 120 7 17 25 210 34 2
0 47677 26 36 46 87 1 4 19 88 68 18 145 19 6
0 47787 90 4 115 16 15 51 218 85 202 67 3 21 197 102 53 1 109 2 21
0 47809 69 126 240 24 24
0 47883 98 105 355 3 21 39 6 27 58
0 47904 66 23 9 285 29 18 64 1 54 47 13
0 47940 151 7 108 17 18
0 48172 8 36 52 7 114 34 130 42 33 1 124 206 48 30 106 15 79 47 148 33 35
0 48195 14 69 124 13 33 2 16 1 1 6 26 43 3
0 48221 16 36 192 176 37 34 84 40 74 96 20 25 38
0 48242 104 93 66 103 187 142 118 39 34 127 23 310 58 12 53 27 4
0 48409 157 155 20 4 167 41 3 24 28 31 56 150 60 31 184 35 29 69 7 14 3 6 20 15 43 35 219
0 48566 24 70 106 14 269 30 14 121 70 65 135 72 37 11 52 10 41 48 130 1 82 3 39 1 36 112 103
0 48929 1 24 1 18 381 25 178 16 64 93 29 19 93 20 170 54 110 10 24 10 149 61 214
0 48987 55 138 169 75 133
0 49005 20 24 128 124 533 207 501 2 43 17 90 166 69 20 212 26 53 48 46 4 83 91 91 74 150
0 49032 1 63 27 74 60 80 266
0 49156 218 63 58 43 72 59 17 83 159 25 48 55 15
0 49246 14 49 95
0 49303 99 19 10 7 90 126 94 31 252 47 63 42 11 23 289 19 118
0 49636 19 26 58
0 49677 141 13 97 65 472 245 108 58 52 25 97 1 46 53 28 19 44
0 49716 52 46 135 26 192 3 30 5 20 113 169 36 18 41 535
0 50000 49
0 50135 145 15 139
0 50154 50 43 26 53 651 99 5 14 23 37 7 13 93 27 10 109 4 48 99 51 129 61 106 74 111 8 9 116 69 10 270 57 359 53 13 36 67
0 50176 117 17 26 5 70 115 335 33 91 27 38 4 13 2 116 33 298 55 84 52 90 24 70 24 24
0 50237 19 48 433 122 163
0 50371 91 16 90 125 209 14 61 24 96 57 126 88 71 85 23 6 74 27 55 8 34 24 25 3 94 18 197 22 91 1 91 29 10 9 38 15 78 29 37
0 50501 592 81 34 21 240 6 309 33 40
0 50560 146 35 17 47 22 19 8
0 50645 3 7 3 62 24 60 67 95 273 80 391 165 114
0 50932 93 95 103 95 24 41 122 16 9 60 112 75 5 20 548 60 80 38 114 8 642 27 80 125 79 36 117 20 188 2 161 274 209 55 13 123 234 5 132 131 124 25 7 261 7 38 86
0 51036 137 55 579
0 51038 33 29 147 6 66 19 66 94 315 10 2
0 51097 134 51 116 57 235 10 307 271 43 8 15 27 20 39 2 103 48 86 79 154 112 125 60 15 24
0 51211 10 3 78 11 264 52 2 179 55 68 1
0 51306 210 20 80 42 43 8 70 1 2 19 12
0 51399 121 81 131 1 168 26 6 400 39 13 17 12 14 117 157 31 277 15 5
0 51456 220 35 93 69 22
0 51501 25 120 156 32 68 3 114 4 16 17 2 85 53 71 110 186 111
0 51553 45 23 166 19 17 16 109 24 35 90 15
0 51893 69 279 58 6 214 163 61 9 311 22 146 59 27 4 136 40 55 5 2 2 5
0 52039 21 61 133 40 30 7 324 33 43 10 40 101 139 39 180
0 52170 5 12 49 30 277 18 111 70 217 87 196 56 5 57 3 25 142 40 35 9 12 43 230 1 21 1 15 4 29 12 34 50 160 16 11 1 9 26 53 13 26
0 52548 99 219 42 37 18 62 85 85 14 97 23 1 274 31 190 43 138 17 319 151 38 77 28
0 52571 66 9 72 6 55 91 26 9 57 39 73 5 106
0 52687 83
0 52824 34 51 18 6 100 26 305 48 94 16 104 5 77 27 48 55 29 7 127 27 105 38 104 56 79 139 79 95 79 15 353 40 247 19 31 41 240 65 61 109 40 210 21 1 211 29 178 98 5 70 33 47 12 12 72 14 27 1 50 106 46 71 92 49 27 8 44 58 69 115 261 35 93 14 140 98 8 21 42 28 14 88 11 7 753 35 147 57 75 68 145 22 353 153 165 9 86
0 52983 38
0 53033 163 13 122 75 169 58 1 34 140 124 56 14 27 86 215
0 53120 112 10 58 36 87 2 280
0 53226 31 22 44 18 321 19 48 11 30 17 194 43 27 33 52 6 135 140 14 43 56
0 53344 64 25 59
0 53796 51 6 86 36 250 13 14 44 127 52 104 33 12 44 63 67 93 22 70 46 16 15 49 31 92 25 6 50 243 26 20
0 54097 75 171 34
0 54327 306 33 269 49 44 94 51 2 122 106 13 5 152 69 102 20 97 9 10 1 12 129 17 97 46 29 21 35 213 10 67 109 16 10 76 119 47 99 271 18 127 67 8 16 47 63 7 126 112 41 3 7 56 37 115 3 122 68 34 29 8 1 13 151 110 37 6 25 27 10 139 14 89 136 57 11 372
0 54369 53 1 124 101 20 5 56 174 2 17 29 84 534 16 90 32 13 55 6 62 46 305 6 188 13 31 10 28 260 13 50 28 4 27 328 54 20 24 18 21 206
0 54608 183 24 108
0 54735 99 16 30 60 324 18 30 133 9 106 15 34 295
0 54763 229 30 216 21 52 16 12 59 19
0 54943 35 113 272 63 204 62 58 53 11 75 146 60 650
0 55188 55 108 37 72 364 104 260 26 178 11 156 33 1
0 55269 724 54 59 12 9 9 2 28 15 20 173 3 156 14 41 36 64 40 246
0 55638 69 23 222 87 67 6 13
0 55713 71 17 57 82 119 13 41 13 81 76 5 53 251 3 89 20 108 2 313 61 95 3 27 12 32 62 5 44 11 36 72 13 167 11 67
0 55808 34 57 27 21 313 51 122 31 9
0 55992 82 1 34 60 77 33 34 5 245 33 39 16 261 17 88 11 79 3 46 17 93 71 22 18 51
0 56012 32 43 121 20 260 88 201 19 36 215 119 6 105 23 53 42 36 79 134 48 34 46 107 43 49 4 18 111 46 12 131 25 18 16 98 11 165 81 480 59 13 97 71 12 10 100 284 26 57 14 1 80 52 7 66 154 227 162 132 81 68 10 41 5 140 28 129 78 40
0 56168 4 55 123 1 139 61 51 11 47 7 35 17 26 22 31 46 2 144 104 10 44 21 41 42 6 82 5 25 121 57 54 1 51 75 13 36 7 31 88 44 67 28 196 15 60
0 56170 235
0 56667 35 49 331 161 55 65 237 34 194 2 44 47 97 46 301
0 56711 84 23 410 82 143
0 56743 49 86 25 161 61 47 35 30 77 148 220 80 6 47 327 57 612 178 206 210 3 67 291 25 127 30 129 49 82 74 29 34 133 162 87 88 19 140 36 135 64 12 41 164 29 88 44 38 12 30 32 53 287 38 220 74 103 60 38 105 8 28 30 14 47 236 13 46 247
0 57222 26 92 55
0 57431 19 20 52 15 82 143 205 33 38 106 1 134 1 4 202 2 20 264 218 12 131 171 79 54 84 43 127 111 73 44 109 27 12
0 57484 19 1 142 141 121
0 57784 253 21 29 46 53 2 58 6 161 6 209 25 58 14 34 28 213 1 22 101 11 8 134 46 237 249 19
0 57938 71 78 39 50 18 4 1 14 110 36 202 26 4 27 12 19 19 154 20 55 11 24 22 6 48 45 25 204 54 83 132 10 190 44 113
0 58011 79 19 16 122 135 22 12 12 92 43 251 88 201 66 77 31 78 133 219 20 168 55 71
0 58020 13 11 80 43 8 40 19 32 135 127 94 5 18 105 159 84 26 68 35 51 80 74 79 56 233 33 113 10 35 20 84 120 17 34 91 46 121 38 66 119 159
0 58080 17
0 58475 18 7 20 92 203 27 20 17 142 123 108
0 58642 30 14 5 99 1 26 215 71 22 24 63 120 8 58 106 38 111
0 58869 28 14 22 95 133 16 253 62 56 40 333 40 42 2 122 9 129 56 196 27 48 9 51 4 174 26 245 94 314 287 29 35 29 55 193 17 258 124 193
0 58876 26 40 5 2 71 34 59 43 18 17 122 34 43 53 38 62 184 11 8 15 8 7 25
0 58884 401 6 76 48 2 30 131 25 11 21 19 82 138 42 39 12 144 62 10
0 59309 20 73 75 35 235 109 69 41 205 249 218 22 58 9 47 101 117 1 4 39 30 18 44 4 424 56 153
0 59430 162 58 91 40 168 40 84 1 31 114 57 14 2 26 101
0 59565 44 3 82 68 101 34 43 17 52 65 11 54 15 109 131 49 91 18 59 22 6 25 48 8 85
0 59590 103 55 81 91 180 43 41 3 53 22 9 10 264 70 22 46 63 3 196 37 6 47 22 29 271 47 18 78 28 20 77 4 29
0 59654 199 13 180
0 59755 84 39 202 123 102 69 406 7 60 23 52 51 50 62 26 23 167 70 52 40 22 50 30 81 136 100 62 58 250 111 58 32 93 26 18
0 59859 80 49 13 29 164 25 18
0 59864 133 18 139 99 40 32 97 135 66
0 59869 22 33 10 50 220 54 174 60 374 32 57 38 88 156 4
0 60246 104 61 207 26 37 60 18 12 61
0 60366 41 2 269
0 60388 35 6 77 3 59 346 9 24 37 54 23 20 120 48 143 27 31 81 20 9 196
0 60480 42 36 19 4 54 58 3 61 15 43 64 35 89 36 93 35 24 8 108 10 28 10 95 22 105 10 93 7 24 262 115 55 92 37 47 13 48 6 81 3 112
0 60572 79 120 140 14 405 19 109 42 49 7 52 49 176
0 60922 154 84 38 45 68 18 4 13 38 5 53 146 26
0 60946 55 130 71 2 387 43 153 56 37 223 26 30 40 14 105 4 135 60 42 54 102 22 54 30 115
0 60996 35 21 218 39 3 45 88 3 30 114 105 53 132 174 53 6 30 24 59 80 76 161 154 157 105
0 61085 7 65 16 136 67 17 64 3 15
0 61095 78 86 14 19 65 18 138
0 61301 30
0 61346 25 86 12
0 61395 43 248 71 83 178 30 22 56 53 12 80
0 61407 187 53 11 141 85 47 179 8 83 51 25 53 11 144 58 7 12 24 7 13 368
0 61447 123
0 61463 298 122 195 126 466 15 253 88 158 57 46 32 43 18 81 6 61 23 213 1 3 38 235 41 224
0 61467 176 35 24 11 64
0 61542 95 35 24 46 122 105 116 28 168
0 61789 153 89 144 91 5 97 15 18 7 12 55 73 106 38 280 88 143 43 11 29 57 16 54 37 1 1 46 108 226 52 14 72 5 64 262 7 111
0 62106 99 2 90 84 95 34 208 85 75 15 2 8 93
0 62139 274 8 66 94 179 23 83 13 134 18 110 31 16 15 92 20 135 19 29 15 117 12 35 72 298
0 62614 7 25 254 1 117 46 29 46 46 60 387 26 329 66 17 23 20 60 71 87 164 27 131 57 7 14 36 21 141 62 198 46 130 3 59 125 87 52 28 7 385 32 149 76 5 82 1 12 8 22 182 32 121 21 116 10 166 9 12 58 11 29 73 65 154 32 106 6 14 53 30 229 138 11 72 68 36 38 8 8 265 22 60 44 28
0 62626 73 71 30 117 60 73 155 62 41 27 45 12 59
0 62717 262 29 6
0 62810 53 26 159
0 62983 146 60 114 8 45 18 146 71 50 13 325 27 141 21 81 62 440 7 220 5 25 19 48 30 72 57 60 58 39 43 64 124 186 49 10 19 16 11 129 66 62 64 131 101 109 28 128
0 63018 69 105 202 52 34 35 54 4 89 9 27 192 174 35 133 100 42
0 63564 98 96 49 103 27 60 27 52 66 12 199 21 49 30 20 121 388 130 62 4 60 25 93 56 23 76 566 21 56 4 21 36 131 8 40
0 63572 275 67 69 53 10 20 228
0 63613 50 42 39
0 63699 101 78 10 2 1
0 63769 14 126 134 16 80 73 82 6 11 95 8 108 114 51 47 13 10 20 240 109 103 38 101 33 108 17 78 4 203 24 51 166 30 66 90 7 50 24 187 14 53 11 39
0 64017 91 9 53 182 4 50 128 102 27 24 34 53 158 47 44 3 389 22 39 15 27 42 42 59 28
0 64026 65 3 278 44 98 17 99 11 8 11 70 17 29 35 43 49 131 30 142 165 78 16 54 91 11 53 66
0 64136 38 68 177
0 64245 129 20 3 21 91 11 59 14 186 33 295 27 197 1 155 15 32 53 18 29 92 229 121
0 64264 38 109 93 2 106 25 42 120 14 14 110 22 111 5 182 112 220 6 64 3 113 17 39
0 64539 87 5 95 4 259 25 22 10 188 31 202 62 26 30 19 55 376 19 23 29 12 121 213 32 3 231 68 117 71 42 112 78 103 14 86
0 65083 109 40 213 99 6
0 65326 36 62 257 26 182 38 38 107 19 3 48
0 65512 133 9 127 5 97 1 6 111 57 158 39
0 65611 94 44 49 13 99 9 263 3 171 9 606 5 138 24 25 5 205 6 80 80 50 77 142 1 105 10 45 19 133 6 77 72 15 63 128 22 107 28 71 60 79 121 13 107 143 89 48 1 94 118 36
0 65693 84 22 79 117 85 48 26 90 27 23 36 8 61 8 165 11 355 50 143 89 197 34 129 24 78 11 2 58 39
0 65706 204 67 6 4 137 84 5 15 169
0 65717 3 8 65 14 38 16 59 33 1 68 143 33 63 9 36 4 222 23 16 3 126
0 65984 334 19 23 184 52 20 161 38 280 36 82 166 63 77 28 35 64 129 20 31 20 18 40
0 66335 101 61 74 66 5 13 17 76 9 1 49 45 152 52 9 76 105 35 192 5 42 5 211 6 1 57 129
0 66395 1 113 17 18 42 19 52 285 103
0 66681 118 34 74 61 416 25 352 145 116 60 41 14 82 82 109 8 37 27 38 27 58 80 11 129 15 49 121 6 55 36 146 29 103 68 27 19 40 118 57 56 57 58 91 13 474 13 173 150 27 33 32 14 41 46 6 32 220 127 16
0 66900 105 11 21 38 1 10 3 28 203
0 67052 142 19 188 12 286 178 456 10 98 30 70 28 216
0 67077 189 34 26 28 246 147 37 55 285 12 41 29 30 40 239 15 165 21 54 40 4
0 67275 69 46 464 3 88 28 123 84 12 139 181 186 4
0 67376 66 64 124 16 62 45 30 22 5 202 66 47 170 122 36 57 130 53 32 6 40 88 101 205 22
0 67499 364 9 200 7 260 40 42 133 98 242 153 29 170 25 137 50 3 35 112 67 22 31 33 112 165 81 90 94 81 113 35
0 67577 98 220 48 30 14 50 502 36 149 13 225 33 5 71 60 41 9 4 169 174 122 34 66 1 5 98 231 14 7 20 69 64 122 98 50 71 27 63 515 49 82 101 20 90 35 92 23 24 83 5 89 17 149 66 25 1 63 2 90 26 28 76 93
0 67581 106 52 33 45 261 67 75 108 39 24 10 3 17
0 67964 25 1 154 1 397 3 90
0 68017 355 92 165
0 68142 327 13 90 119 62 32 33 10 607 24 30 4 43 5 75 8 74 3 210 6 21 7 51 52 157 16 216 26 12 61 17 64 319 1 17 25 63 37 95 49 4
0 68253 243 20 76 9 156 78 81 21 105 13 68 96 96 21 37 14 46 4 12 4 145 25 194 70 26 21 26 14 88 21 4
0 68399 104 28 151 2 150 137 12 13 151 106 17 2 292 4 144
0 68512 56 56 32
0 68695 89 16 136 7 73 62 109 34 448 122 186
0 68708 78 6 41 22 15 25 23 48 25 61 11 20 11 39 32 59 128 46 64 6 142 49 230 7 43 15 30 64 96 118 83
0 68864 102 80 12 13 68 3 143
0 68942 38 33 50 115 76 18 94
0 69029 36 8 93 1 320 14 45 7 286 6 170 130 535 44 3 68 142 100 12 34 43 63 25 8 4 8 137
0 69059 147 8 194 21 28 77 84 11 53 3 125 218 5 23 100 40 273 40 125 63 18 53 510 46 198
0 69296 178 28 71 36 176 226 160 82 52 48 114 39 124 20 13 141 20
0 69320 145 17 51 12 44
0 69434 5 84 116 71 27 77 126 21 7 52 13
0 69544 36 64 21 31 7 57 38 30 104 189 177 127 120 17 118 243 106 33 49 3 54 36 213 76 143 100 34 8 284 5 145 26 111 171 14 26 15
0 69576 58 40 52 106 9 17 37 90 72 27 32 10 283
0 69724 216 10 79 17 79 1 103
0 69816 69
0 70072 340 56 67
0 70106 173 26 106 101 64 19 460 43 149 270 71 45 29 156 84 51 101 29 94 4 47
0 70315 54
