0 0 163 115 42 84 73 13 53 42 69 10 12 91 117 71 388 59 160
0 63 80 11 8 17 15 120 58 5 24 66 27 36 40 35 1 199 305 35 93 8 146 16 109 4 483 60 105 44 30 13 4 26 76 159 5
0 150 37 9 86 16 155 23 112 96 92 4 253 67 223
0 267 107 155 78 262 224 111 143
0 464 186 57 58 54 258 27 59 124 407 10 73 21 5 10 116 27 147 25 198 7 70 34 19 73 124 55 21
0 497 283 21 191
0 577 2 59 2 9 95
0 673 324 69 96 73 37 4 17 17 26 39 10 144 43 12 76 16 84 81 14 40 54
0 705 135 39 45 42 102 22 220 34 7 21 94 41 58 7 7 25 56 4 7 42 10 46 36 134 51 24 29 32 57 1 119 25 153
0 996 56 20 317 33 151 33 74 33 48 33 3 72 287
0 1063 68 30 170
0 1275 53
0 1804 180 62 110 41 46 49 448 37 124 94 76 81 39
0 1996 58 40 241 8 1 21 151
0 2035 114 6 322 40 173 1 109
0 2187 27 31 118 9 41 45 123
0 2250 153 97 105 12 25 16 179 55 106 36 107 82 110 61 45 126 82 90 44 88 141 76 116 35 114 63 33 10 225
0 2382 14 1 148
0 2461 24 12 65 7 106 36 3 209 140 2 68
0 2522 132 55 94
0 2693 44 26 53
0 3103 30 92 119 9 12 8 100 43 129 25 86 15 36 102 177 20 117 54 30
0 3136 51 17 108 61 26 99 1 3 133 49 64 48 179 22 46 8 366 156 167
0 3362 8 20 95
0 3553 25
0 3602 20 72 135 15 177
0 3636 267 27 212
0 3861 128 84 216 82 169 4 71 17 541 41 88
0 3925 36 97 248 59 161 141 109 22 55 45 2 26 115 22 117 31 32 62 429 77 17
0 4041 54 35 126 7 26
0 4268 296 72 71 45 4 45 44
0 4365 70 1 61 103 44 207 22 6 16 118 59 58 116 98 9 15 115 60 61
0 4386 85 60 203 33 68 54 3 135 52
0 4556 15 22 7 92 34
0 4660 109 66 91 39 194 191 121 34 49
0 4706 200
0 4739 145 15 155
0 4984 3 61 67 2 139 34 50 76 91 64 18 48 245 72 8
0 4985 20 46 27
0 5177 231 17 4 100 22 2 110 24 57 2 174 10 10 32 9 41 16 12 30 21 122 9 45 140 31 34 57 20 163
0 5450 110 62 85 74 41 63 41
0 5482 189 4 119 19 134 81 17 29 48 31 18 245 3 27 117 28 86 5 50 35 53 175 143 90 92 6 80 20 216 42 188 18 145 49 39 23 238 8 254
0 5725 187 35 29 41 27
0 6005 96 50 14 13 23 60 337 104 8 67 177
0 6091 160 42 18
0 6095 29 100 15 102 13 66 115 2 194 89 14 18 183 18 146
0 6204 47 58 144 6 77 157 23 36 17 136 158 22 160 51 25 162 200 102 22
0 6241 403
0 6562 256
0 6852 66 39 189 57 26 34 488
0 6887 439 57 31 60 62 20 125 107 12 31 7 11 33 35 351 77 39 62 173 8 92 43 70 66 79 2 154 10 34 7 131 97 51
0 6926 120 10 112 8 9 44 45 92 61 43 136 70 38 34 73
0 6972 86 6 43 67 30 3 4
0 7068 52 19 123
0 7146 97 17 245 12 36 8 12 174 3 130 119 10 11 21 555
0 7219 33 10 560 24 157 45 84 37 10
0 7241 25 10 234 79 20 11 2 39 86 76 19 134 41 29 25
0 7260 3 8 133
0 7312 84 9 5
0 7475 216 50 82 12 93 100 60 141 1 2 191 94 30
0 7759 21 59 327
0 7983 89 18 9 55 134 10 40 13 2 10 82 23 200 37 242 54 33 41 100
0 8146 20 26 57 49 55 3 19 42 17 34 119 93 74
0 8245 454 66 63
0 8328 7 28 5 5 117 48 111 14 95 17 113 52 26
0 8381 95 28 292 47 1 133 24 151 144 29 57 48 42 23 24 33 165 91 120 46 36 153 32 29 221 97 14 159 4 18 10 42 21
0 8446 86 12 17
0 8501 144 138 49
0 8535 110 8 54 40 11
0 8700 6 39 156 7 278 14 387
0 8783 33 43 40 85 157 68 17 84 148 27 131 101 2
0 9054 249 57 132 2 96 72 5 9 103 34 175 29 83 82 2 37 39 17 52 13 25 2 12 2 8 23 16 4 4 87 314 35 47 35 82 16 69
0 9069 1 18 45
0 9130 219 98 25 40 272 21 4
0 9207 8 205 53 3 222
0 9673 130 136 65 15 188 5 91 44 36 45 95 12 84 3 30 9 116
0 9688 36 9 49 116 20 126 24
0 9709 22 71 332 211 144 140 228 47 15 25 233 1 17
0 9781 6 2 2 10 206 20 177 54 8
0 9868 16 14 51 43 233 3 23 3 147 7 47 14 265 4 222
0 9961 150 98 391 54 98 12 93 20 90 210 165
0 10071 278 6 96 27 35 8 56 56 302 4 49
0 10186 11 146 203 16 480
0 10638 148 14 6 45 127
0 10721 53 5 73 147 64 1 30 9 274 111 303 13 8 113 13
0 10857 83 168 89 146 132 16 300 30 304 27 119 10 123 128 209 27 5 3 55 229 51
0 10864 62
0 11004 114 191 83 37 26 147 251 222 96 5 27
0 11377 30 41 5
0 11473 76 6 221 206 17 5 145 62 216 121 167
0 11583 2 10 19 24 221 67 385
0 11889 417 27 70 34 121
0 11981 280 36 209 58 52 132 41 92 183 76 51 5 61 12 98 2 51 97 15 55 109 32 65
0 12316 25
0 12502 168
0 12534 19 16 61 121 294 38 53 17 13 15 187 74 18 68 54 7 3 35 95 130 4
0 12563 39 29 27 169 4 19 31 25 21 170 463 14 23 90 171 51 42 17 50 48 86
0 12653 103 18 3 7 58 19 173 6 31 59 325 38 221 57 15 50 42 29 34 28 113 69 29
0 13253 283 87 15 1 246
0 13265 159 12 151 91 246 7 376 158 20 28 5 53 130 77 152
0 13466 54 22 16 20 56 28 13 22 2 62 14 29 162
0 13535 72 13 417 221 2 218 6 22 285 71 73
0 13692 72 12 238 53 41 6 8 20 137 4 24 89 156 77 301 13 500
0 13699 51 90 40 143 14
0 13815 53
0 13839 17 76 187 15 88 256 91 1 32 113 100 101 169 11 109 78 67 38 48 4 74 70 78 79 131 43 40 20 48 35 11 37 77
0 13913 171 29 35 10 23 100 97 22 193
0 14002 54 10 162 96 81 63 57 19 31 30 224 1 267 80 163 30 494 51 13 9 36 146 332
0 14403 697 64 65 28 21 2 104 28 25 32 201 15 43 74 12 7 40 2 95 16 41 21 12 46 149 39 70 135 274 58 89 33 93
0 14410 86 37 108 17 65 11 58
0 14464 242 71 230 7 5 139 30 62 52 8 14 1 105
0 14932 75 49 32
0 15238 33
0 15372 53 55 33 50 143 17 84 1 85
0 15380 114 18 41 10 154 151 31 38 296 43 83 12 135 4 83 56 73 15 94 79 129 93 251 12 220 3 2
0 15609 308 97 399 161 45 32 112 73 81
0 15829 12 6 175 12 155
0 15931 66 148 133 133 294 13 148
0 16014 84 8 113 17 21 43 100
0 16049 166
0 16136 67 63 164 8 139 36 58 163 151 42 2 38 74 32 11 41 23 159 37
0 16158 75 10 343 68 30 36 103 39 10 62 92 12 37 46 25 27 103 170 157
0 16224 82 72 79 4 62 7 57
0 16226 94 146 46
0 16260 160
0 16280 3 66 17
0 16445 95 9 54 30 3 16 141 30 22
0 16563 39 38 31
0 16679 369
0 16719 218 22 104 78 122 11 26 85 88 24 20 8 4 50 92
0 17108 27 29 37
0 17333 36 100 312
0 17507 13 55 8 141 7 64 14 51 41
0 17536 55 12 37 25 86 20 154 21 23
0 17620 190 3 323 6 63 94 84 44 135
0 17867 33
0 17885 196 12 11
0 18225 166 46 21 236 71 56 30 83 107
0 18522 12 68 121 55 165
0 18578 137 81 18 18 110 9 18 55 151 12 292 5 83
0 18874 45 56 7 90 16 6 35 21 253 3 9 11 93 39 192 54 122 25 668 86 54 59 42 41 138 1 27 61 472 98 127 68 4 82 155 34 213 76 148 1 47 24 3 31 110 164 57
0 18905 156
0 18941 112 27 12 65 9
0 18950 38 14 23
0 18974 218 34 90 61 99
0 19008 3 29 39 21 91 80 178 107 116 34 214
0 19025 102 9 84 130 68 39 86
0 19108 86 139 269 165 13 78 71 34 4 19 5 82 36 11 44 34 57 29 47 98 18 29 30
0 19283 10 35 55 1 68 12 21 6 122 84 88 14 102
0 19608 188 61 24 45 329 47 124 89 77 28 15 47 69
0 19725 14 117 97 16 83 137 77 25 50 15 404 19 585 41 114
0 19958 20 14 118 2 118 125 119 81 114 51 11 116 28 6 31 29 99 4 23 62 14 1 205 36 34 139 418 20 19 18 130 9 49 46 63 37 50 20 51 76 144 3 190 95 88 82 177 173 155 6 35 114 95
0 20064 31 141 38 95 128 331 78 23 111
0 20093 39 81 79 90 37
0 20363 117 1 152 7 221
0 20559 150 7 116 67 206 170 3 40 44
0 20576 175 38 23 43 111 72 17
0 20686 63 23 173
0 20715 179 6 166
0 20758 161 31 8 29 10 4 23 111 124 41 32 59 8
0 20985 13 35 51 24 195 20 258
0 21007 9 43 92 26 85 52 88 4 41 279 14 76 53 83 47 105 37 11 63
0 21091 58 37 154 11 55 32 47 72 210 36 37 196 148
0 21235 17
0 21401 88 130 184 33 5 52 8 42 47 12 126
0 21499 95 178 131 7 46 24 49
0 21649 10 37 202 35 147
0 22120 57 5 22 146 26
0 22144 27
0 22259 70
0 22541 104 24 32 44 226 22 87 24 279 169 32 77 98
0 22750 28 24 16 17 124
0 22864 66 102 10 13 123 26 9 96 25 29 238 17 231 64 58 12 63 31 406
0 22967 27 49 91 14 23
0 23180 32 2 319 17 11 87 105
0 23342 210 49 251 2 159 13 65 19 9 8 33 34 26 6 132 9 252
0 23439 86 102 83 3 7
0 24707 108 2 1 65 5 91 134 15 71
0 24853 156 16 41 84 3 7 94 25 32
0 25193 131 16 14
0 25289 67 53 22 5 13 1 129 10 136 46 72 40 99 7 85 93 15 92 142 104 6
0 25301 135 102 34 138 143 91 149 13 83 35 242
0 26067 125 72 8 167 81 13 130 41 75 19 90 20 36 39 91 241 149
0 26297 51 87 202 34 186 175 31 5 157 40 25 101 19 13 50 96 42 79 97 71 46 75 56 14 147 14 25 50 195 17 203 87 34 7 26 22 36 9 196 158 367 65 90 10 59 11 219
0 26320 63 50 192 77 43 27 4
0 26403 377 12 88 24 270 19 207 33 129 60 343 56 33 12 48 9 60 135 17 39 33 58 307 75 77 12 442
0 26413 67 153 178 5 34 27 1 40 60 9 47 15 33
0 26431 316 13 31 118 123 8 265
0 26536 26 14 26
0 26562 238 35 45 14 20 448 22 61 110 139 130 100 243 10 295
0 26736 8 47 164 60 44 5 204 89 105 33 183 60 269
0 26938 205 18 19 54 255 33 125 67 288 61 52
0 26960 100 12 5
0 26996 335 85 90 51 101 2 99 37 67 9 176
0 27185 40 35 199
0 27304 141 33 85
0 27440 141 91 140 87 100 162 141 19 56 100 3 1 69 50 29 27 41 64 103 99 78 129 107
0 27516 170 11 206 67 13 113 52 136 49 141 295 6 13 57 16 26 66 16 122
0 27636 414 26 41
0 27848 168 22 42
0 28064 25
0 28187 149 62 37
0 28308 13
0 28345 113 15 47 31 51 19 223
0 28700 4 29 3 2 31 61 54 107 118 2 228 47 96 3 228 12 282 9 217
0 28726 108 93 206 2 20 9 278 93 184 3 52 33 61 5 38 26 50 60 3
0 28749 44 3 410 23 54 19 131 28 81 4 7
0 28921 173 87 1 3 37 28 151
0 29172 36 59 158 21 183
0 29381 196 5 42
0 29435 17 154 39 3 2
0 29491 193 31 107 15 26 29 182 71 279
0 29514 221 8 57 13 150 11 12 34 6 66 6 24 175
0 29522 23 5 263 39 176 43 73
0 29648 8 29 37
0 29798 124 20 218 87 79 16 59 7 342 137 142 78 10 81 520 9 2 38 93 141 175 14 212 38 33 24 11
0 30168 285 83 36
0 30537 33 4 64 12 94 3 15 17 44 47 16 35 7
0 30555 74 59 103 15 215 19 214 66 57 19 6 2 106 36 78 7 35 116 101 92 49 54 152 5 123 24 72
0 30567 259 124 37 24 20 33 127 1 111 143 82
0 30574 84 152 71 5 53 82 696 178 108 57 137
0 30791 4 100 64 6 422
0 30798 33 8 71 27 76
0 30804 95 108 61 78 1 24 468
0 30877 82 32 3 93 159 103 35 15 5
0 30943 233 1 132 6 206 3 145 14 300 11 30 56 47 18 45 2 215 34 681 14 1 96 95 83 165 93 27 47 239 147 14 70 260 41 2 9 388
0 31187 256 42 211 75 85 27 304 116 20 107 7 8 22 43 26 39 64 6 101 80 101 5 405 32 249
0 31404 72 76 56 4 73
0 31462 14 90 27 27 233
0 31470 53
0 31807 17 15 145 43 39 15 19 22 129
0 31811 78
0 31902 70 38 241 26 86 11 28 1 139
0 31928 54 62 36
0 31937 160 14 16
0 31953 93 44 72 1 32 99 5
0 32079 5 149 309 24 78 4 150 73 41 94 58 13 25
0 32080 56 75 175
0 32111 499 108 322 98 55 62 195 38 27 31 17 73 56 31 37 141 29 65 3 69 35 18 59 44 41 19 35 26 179 44 13 34 2 77 7 116 14 17 79 1 345 2 135
0 32341 5 61 90 5 19 55 39 10 36 52 15 24 48 192 182 51 157 14 105 177 53 12 234 58 73 3 6
0 32533 60 15 142
0 32618 30
0 32676 32 77 4 54 145 94 35 107 109
0 32750 65
0 32771 36 81 92 10 59 7 418 17 37 2 16 28 45 16 47
0 32801 8 6 15 81 111 120 125 38 40 56 14 10 58 124 186 42 148
0 33142 18 1 15 43 61 51 39
0 33147 14 63 109 70 66 111 3 23 8 19 215 54 376 100 92 7 136 87 247 9 19 3 22 13 31
0 33237 45 7 314 49 294 31 196
0 33331 8 61 182 171 22 21 12 18 151 53 307
0 33412 34 50 35 25 46 21 17 38 374 43 39 5 129 52 86 15 108 1 197
0 33463 14 91 39 69 51 15 85 19 109
0 33547 34 58 20
0 33927 38
0 34012 86 39 70 32 48
0 34109 148 94 3 11 64
0 34151 2 27 26 174 254 37 70
0 34384 238 32 116 36 23
0 34506 369 31 27
0 34593 9 30 205 22 214 64 45 2 136 243 24 36 304 6 49 129 155 4 54 357 98 2 200 9 27 9 397 33 261 6 126
0 34680 11 22 48 55 12 3 4 49 35 119 106 9 49 1 3 36 10 26 89
0 34883 8 10 120 8 29 76 34 50 82 37 173 24 8
0 34929 84 41 18 40 262 26 123 24 3 52 32 134 17 15 151
0 34979 2 126 229 27 33 10 105 106 191
0 35111 79 31 52 150 158 11 200 137 319 53 136 56 52 35 50 117 211 28 11 6 168
0 35259 268 11 2 18 86 14 109 8 125 83 41 16 72 24 113
0 35328 119 22 145 93 11 20 62 37 143 18 90 28 167 22 5 134 45
0 35396 12 14 5 28 108 11 81
0 35643 115 2 72 125 111
0 35654 72 122 182
0 35669 18 117 23 10 13 2 52 43 106 103 106 3 135 42 76
0 35859 181 35 103 6 102
0 36096 199 74 201 39 11 29 541 19 96 118 68 77 32 16 111
0 36507 55 16 69 18 16 22 114 87 174 196 180 34 114 44 25 11 21
0 36682 220 4 95
0 36754 147 42 86 5 39 170 249 95 165 6 94 71 7
0 36953 3 28 130 45 166
0 36969 78 14 345 76 78 16 54 36 44 12 27 14 30
0 37378 36 58 105 23 15 55 24
0 37428 283 89 49 42 7
0 37505 24 50 23
0 37942 104 130 47 116 126 26 2 33 110 27 51 38 293
0 37994 202 20 8 2 50
0 38339 14 73 29 97 266 73 69 9 47 56 246 47 100 36 347 5 139 5 119 37 126 40 44 93 22 5 22 33 63 33 6 32 166 106 2
0 38349 192
0 38454 208 71 37
0 38624 243 22 147 13 90 40 47 7 160
0 39502 172 102 79 149 229
0 39644 3 57 144 35 31 117 54 74 133
0 39945 121
0 40322 25 96 14
0 40429 23 28 155 134 46 340 12 85 54 13 363 41 409 10 101
0 40604 52 64 7 1 47 76 231 5 43 7 399 12 4 3 120 5 9 99 162 34 126 30 78 95 53
0 40687 82 104 7
0 40730 318 3 22 62 25 19 99 175 43 6 38 3 198 171 8 8 3 52 108 1 527 8 55 30 53 1 38 3 161 128 90 51 58
0 40781 116 83 436
0 41378 79 50 38 19 1 97 76 144 144
0 41527 84 16 35
0 41548 70 19 18 5 3 3 67 29 7
0 41660 260 10 12 163 187
0 41790 120 345 117
0 41813 26 33 98 27 42 26 113 10 22 14 25 32 1 139 144 57 354 65 25 49 263 83 5 30 71 370 51 66 6 1 14 40 88
0 42248 27
0 42486 13 81 91 44 61 16 243 26 117
0 42504 19 45 219
0 42800 115 24 78 18 140
0 42935 24 75 118 31 65
0 42951 26 70 302 19 59 19 14
0 42954 21 88 60 26 60 76 94
0 43119 2 84 164 49 62 34 36 13 8 61 43 18 93 12 25 3 168 78 178
0 43365 39 11 89 113 9 26 99 20 90 11 57
0 43527 47
0 43688 293 10 65 28 10 15 79 68 117 26 179 52 152 89 2 80 30 69 53 111 72 16 121 89 3 81 28 296 461 53 98
0 43695 49 126 16
0 43784 143 254 83
0 43954 312 80 160
0 44140 179 42 8 141 180 47 175
0 44264 13
0 44388 117 86 82 30 230
0 44444 56 105 52 19 86 144 56 171 45
0 44785 125
0 44798 42 4 45
0 44925 135 14 106 56 30 57 37 33 167 166 168
0 45139 80 23 3
0 45179 72 5 68 20 67 107 7 18 350 12 85 1 176 11 65 85 14 7 29 23 21 39 37 128 227 7 76 20 76 8 159 288 26 84 34 12 272 7 10 6 27 33 57 84 42
0 45230 22 3 106 41 185 87 53 98 52 228 344 4 161 17 19 3 19 15 33 70 61 60 257 111 415 23 168 17 116 18 173 104 205 78 99 325 456 35 49 27 9 81 156 18 26 16 17 57 82
0 45790 1 15 29
0 45870 588 103 55 143 74 2 300 82 171 23 54 25 254 8 37 45 22 19 169 7 28 68 279 85 281 72 23 33 15 14 29 6 6 99 118 9 83 4 54 13 9
0 45990 27
0 46069 64 25 106 26 6 20 42 85 105 47 181 138 38 68 15 65 235 78 22 72 617 28 400 29 94
0 46219 7 5 129 37 15 76 30 35 169 14 60 43 201 27 31
0 46333 28 55 331 57 116 91 15
0 46537 25 60 32 8 189
0 47546 32 190 501 104 19 18 88
0 47552 26 35 23
0 47639 430 5 25 67 84
0 47711 68 5 10 59 50 32 82 123 390 6 155 21 68
0 47957 27 89 64 57 59 3 52 1 127 67 852 26 159 53 211 6 100 40 141 39 72 86 21 13 66 42 214
0 48140 220 6 185 10 9 50 29
0 48356 124 37 71 43 31 15 11 11 186
0 48818 23
0 48859 96 22 74 27 101 79 19 3 39 108 114 438 223
0 49127 269 17 133 68 63
0 49166 113
0 49223 38 57 277 2 27
0 49386 24 126 113 5 29 104 31 34 37 37 86 1 67 82 191 75 283 7 103 65 1 11 77
0 49474 72 26 85 16 40 23 78
0 49480 75 86 49 30 166 6 162 50 9 13 173
0 49550 36 19 52 43 35 57 112 1 14 19 53 42 112 34 138 30 44 73 47
0 49790 96 19 55 8 13 45 161 52 70 139 17 8 67 12 23 27 42 38 191 4 171 48 39 25 8
0 50449 12 10 136
0 50481 106 21 75
0 50500 32 66 50 197 32 34 266 84 35 23 7
0 50537 58
0 50620 179 54 118 11 7
0 50691 183 13 26 59 17 57 64 27 167 18 125 17 1 56 170 35 6 121 6 46 103
0 51117 54 125 23
0 51148 36 41 184 42 100 43 22 18 184 15 233 43 30 33 4 55 27 15 127 13 180 17 92 57 166
0 51452 189 27 229 40 4 1 87 43 57
0 51861 17 25 187 23 44 140 114 43 43 46 23 9 3 57 41 28 15 33 132 35 143
0 51995 2 10 29 3 72 144 205 3 126 36 4 18 125 7 317
0 52042 153 10 52 37 34 43 24 10 37 6 124 204 22 126 24 49 160 10 83 23 86
0 52048 142 101 80 8 86 24 152 62 48 23 17 73 161 27 198 85 67 12 31 9 81 1 282 100 18 24 23
0 52068 105 4 35 71 14 16 39 14 73 45 28
0 52220 176 16 26 48 19
0 52712 91 12 158 7 174 66 319 1 74 82 16
0 53157 131 29 265 76 106 265 119
0 53192 91 178 85 9 200 44 84 29 178 55 45 115 20 70 123
0 53868 47 44 141
0 53978 17 4 12 131 73 40 28 47 8 111 65
0 54152 10 50 23 93 155
0 54172 22 33 44 69 26 17 3 21 199
0 54464 17 26 2 187 1032 3 144 94 66 10 64
0 54498 62 16 21 16 87 67 86 55 88 110 208 151 103 2 63
0 54526 75 159 27 3 66
0 54606 17 111 53
0 55221 106 24 21
0 55447 40 15 52 39 41 116 374 99 403 20 57 10 4 26 83 6 85 18 149 185 62 6 8 21 122 26 24 48 55 76 143 24 341 67 88
0 55471 87 16 6 6 147 204 156 4 114 23 166 59 64 89 38 77 94 2 98 15 3
0 55746 78 11 2
0 55792 52 35 116 24 86 33 73 44 23 47 37 130 199 32 38 346 78
0 55953 96 13 11 193 18 117 451 13 84 43 255
0 55960 32 16 58 43 23 67 41
0 56269 148 54 199 110 151 21 48 25 58
0 56412 55 15 12 16 76 93 45 25 79 22 415 30 27 59 51 117 139
0 56546 54 132 83 77 279 32 8
0 56732 93 51 123 7 71 60 30 27 112 54 23
0 57042 119
0 57323 161 28 47 95 33 78 78 112 29 31 39 18 270 133 11 115 48 82 25 1 79 34 76 6 41 153 186 10 67 4 178 1 13 24 80 8 103 24 3 8 72 16 90 59 44 3 74 9 98 22 19 57 72 19 58 19 286 127 96 41 116 50 61 33 23 30 116 158 161
0 57350 69 35 56
0 57379 215 77 9 40 45 22 87 27 132 44 123 44 160 85 57 3 95
0 57434 30 36 45 34 42
0 57435 35 83 122 28 58
0 57500 169 31 131
0 57609 30 141 73 74 39
0 57829 83 24 120 1 100
0 58013 91 120 31 120 36
0 58037 172 6 82 8 114 7 33
0 58044 5
0 58146 30 5 1 91 114 14 91 40 9
0 58448 95 60 27
0 58710 152 8 224 15 298
0 59134 71 80 24 168 78
0 59256 114 8 109 74 194 160 177 18 559 7 532 6 62 36 2
0 59267 102 73 11 59 105 14 135 63 45 31 99
0 59358 90 13 59 112 9 23 61 19 97 12 181 60 32 12 100 205 4 78 74 13 170
0 59748 176 41 50 38 28 30 306 121 42 40 14 70 139
0 59999 162 35 102 4 157 117 276 80 35 36 98
0 60075 152 59 97 6 202 7 68 18 7 48 28
0 60515 212
0 60545 196
0 60574 43 31 204 76 1 13 89 9 20
0 60622 86 2 16 121 80 94 228
0 60788 20 8 60
0 60854 118
0 60963 70 35 187 63 182 135 77
0 60996 5 271 141 15 137
0 61018 13 103 294 55 150 74 199 13 155
0 61230 403 83 57 8 36
0 61301 31 24 46 23 22 94 2 5 2
0 61355 110 55 26 43 115 54 9 79 549 69 119 64 72 59 267
0 61446 164 147 11 7 37 25 128 101 7 2 113 111 111 71 227 3 78 260 137
0 61937 111
0 62305 273 71 29 25 1 18 48
0 62331 128 28 12 16 31 170 96 53 46 75 123 42 103
0 62466 164 94 185 18 166 4 174
0 63366 22 22 37
0 63681 28 18 12 62 100 29 33 103 31
0 63810 126 30 86 35 354
0 63918 34 56 89 24 42 1 20 12 212 16 223 42 6 20 72 16 38 13 74
0 64058 244 151 14
0 64221 116 54 41 23 78 24 102 22 17 51 40 92 62
0 64242 37 9 178 3 115 25 71 122 58
0 64259 24 43 206 41 38 12 468 88 14 15 14
0 64306 78 19 31 111 36
0 64482 46 33 85 112 22 15 18 5 95
0 64649 9 45 54
0 64975 5 64 23 35 70 103 1 6 66 57 239 16 51 43 24 42 865 118 109 44 137 67 70 64 252 25 139 30 155 44 7 63 50
0 65118 135 18 58
0 65169 220 12 63 44 115 47 104 21 24 167 42 1 39 38 327 30 126 123 70 8 149 11 4 66 371 30 43 42 49 58 161 41 8 7 18 36 62 45 10
0 65193 198 21 756
0 65261 144 67 1 65 327 12 312 165 2 75 195 16 306 41 216 42 15 7 66 63 418
0 65268 162 5 163 28 61
0 65557 470 8 155 50 368 35 251 51 2 13 12 9 13 139 31 59 62 13 111 1 91 44 16 11 29 49 20 16 162 20 15 16 42 4 195 19 30
0 65643 42 170 1 5 24 65 100 37 58 198 25 34 120 21 228 71 40
0 65898 289 15 24 5 71 38 61 165 30 73 61
0 66061 56 32 59 44 10 46 168 64 8
0 66068 144 1 124 109 148 27 174
0 66089 120 129 458
0 66098 133
0 66197 216 177 67 107 146 26 73 21 179 188 297 13 32 97 160 44 16 67 98 8 20
0 66568 14 4 5 62 140
0 66736 306
0 66874 378 13 167 65 104
0 67142 108 2 59 53 351 5 21 8 18 44 2 13 47 45 61 60 139 14 55 47 47 25 77
0 67230 135 19 16 12 22 6 9 39 100 91 263 28 3 73 14 36 390 4 65 107 117 211 229
0 67397 15 95 2 22 70 45 30 8 92 21 242 28 4 69 376
0 67441 122 41 117 25 41 131 233 28 51
0 67503 45 18 84
0 67552 57 17 51
0 67635 25 29 241 60 227 57 64 27 11 70 11 134 79 18 346 43 85 29 5 54 121
0 67888 58 36 14 32 149
0 68446 113 16 5 21 232 50 37 5 12 14 275
0 68448 136 53 100 27 175 23 320 19 79 20 33 2 73 1 40 52 136 59 105 2 4 38 30 12 24 29 94 56 132
0 68545 3 40 39 65 224 48 98 40 24 51 262 21 48 23 35 82 42 110 38 94 73 16 26 91 174 1 325 23 41 89 375 32 9 26 73 56 36
0 68946 98 113 127 5 8 36 101 27 101 17 258
0 69237 146 86 73
0 69434 7 36 22 26 31 2 7 54 96 18 146 161 124 15 207
0 69896 108 34 12 16 43 32 24
0 69984 11 19 318 79 144 79 32
0 70079 24 6 206 6 140 48 105
0 70238 180 17 51 63 40 60 188 154 21 30 31 128 3 63 90 64 83 177 242 106 204 65 15 18 96
0 70618 8 2 93 12 161 53 10
0 71033 33 44 216
0 71075 13 16 102
0 71122 135 111 113
0 71147 30 15 70
0 71392 38
0 71485 63 7 79 90 304 3 1 31 217
0 71570 29 116 60 77 24 39 36 35 38 62 30 4 8
0 71574 41 52 20
0 71602 96 54 35 81 24
0 71612 110 11 165 136 140 10 188 27 1
0 71746 184 49 118 104 23 27 334 155 35 7 60 3 190 57 179 8 4
0 71808 157 2 62 56 51 34 40
0 71930 3 170 56 51 141 58 51
0 72076 24
0 72273 26
0 72371 49
0 72415 276 27 516
0 72496 6 140 12 11 5 29 48 45 88 32 14
0 72673 73 63 162
0 72735 18 9 25 87 1 23 339 88 179 15 54 22 44 71 21 8 75 50 48 31 315 14 8 21 17 90 77 53 25 10 95 55 125 13 17 1 208 195 583 22 13 116 25 27 126 108 38 11 342 28 378
0 72873 247
0 72906 13 82 74 32 222 108 44 28 30
0 72944 201 38 26 2 85 112 65 180 65 20 242
0 73443 47 57 53 69 26 138 181 10 235 24 104 4 85 152 79 11 115 21 22
0 73647 11 10 3 43 161
0 74190 78 10 93
0 75073 79 34 17
