0 0 163 115 42 84 73 13 53 42 69 10 12 91 117 71 388 59 160 175 42 40 22 4 33 8 240 29 9 12 131 14 71 20 70 1 398 153 70 47 15 73 32 55 8 242 120 53 88
0 37 4 26 76 159 5 63 58 19 17
0 84 155 23 112 96 92 4 253 67 223 26 78 54 309 39 523 112 222 72 259 66 186 57 58 54 258 27 59
0 694 20 37 41 3 19 58 54 74 50 99 13 35 68 10 145 62 110 11 16 11 283 21 191 23 53 1 117 1 17 48 192 32 324 69 96 73 37 4 17 17 26 39 10 144 43 12 76 16 84 81 14 40 54 160 21 68 78 23 84 51 44 110 68 4 41 47 82 29 14 4 49 28 8 4 83
0 832 36 134 51
0 876 63 29 1 60 49 77 117 97 56 20 317 33 151 33 74
0 947 66 2 143 144 30 23 68 30 170 1 142 27 126 177 180 62 110 41 46 49 448
0 1133 187 38 161 20 57 64 58 40 241 8 1 21 151 32 26 57 12 161 80 87 2 55 61
0 1174 62 59 17 21 90 62 282 21 153 97 105 12 25 16 179 55 106 36 107 82 110 61 45 126 82 90 44 88 141 76 116
0 1344 125 17 20 113 23 44 14 1 148 55 53 12 23 33 13 53 72 2 418 70 3
0 1372 41 66 109 47 13 57 44 26 53 89 273 15 184 60 18 6 15 50 85 65 50
0 1415 36 102 177 20 117 54 30 87 22 26 34 54 122 13 197 1 6 67 97 32 95 90 44 23 15 183 311
0 1450 151 4 39 48 1 64 25 16 33 10 143 68 30 89 22 12 267 27 212 54 150 64 168 108 163 85 8 36 33 271 81 44 193 22 36 97 248 59 161 141 109 22 55 45 2 26 115 22 117 31 32
0 2093 153 9 43 39 54 35 126 7 26 29 151 148 143 36 89 2 89 22 173 33 70 1 61 103 44 207 22 6 16 118 59 58 116 98 9 15 115
0 2184 73 7 85 60 203 33 68 54 3 135 52 21 114 8 43 4 184 17 73 35 109 66 91 39 194 191 121 34 49 3 31 100 24 11 145 15 155
0 2429 3 61 67 2 139 34 50 76 91 64 18 48 245 72 8 8 1 10 91 14 283 64 231 17 4 100 22 2 110 24 57 2 174 10 10 32 9 41 16 12 30
0 2612 17 23 280 16 67 29 40 82 70 91 110 62 85
0 2673 125 21 390 11 189 4 119 19 134 81 17 29 48 31 18 245 3 27 117 28 86 5 50 35 53 175 143 90 92 6 80 20 216 42 188 18 145 49 39 23 238 8 254 16 162
0 2777 29 41 27 48 187 48 100 7 26 12 119 169 207 4 134 89 24 29 160 42 18 67 3 15 200 8 204 7 131 58 3 97 178 7 36 92 35 73 179 37 47 58 144 6 77 157 23 36 17 136 158 22 160 51 25 162 200
0 2810 8 13 403 4 214 128 54 97 66 39 189 57 26 34 488 164 24 220 114 16 119 31 40 63 214 6 61 4 21 17 70 176 153 20 123 87 16 46 86 35 131 40 4 77 20 17 14 66 194 26 131 13 120 10 112 8 9 44 45 92 61 43 136
0 2867 67 37 64 16 86 6 43 67 30 3 4 13 64 26 38 62 138 26 97 17 245 12 36 8 12 174 3 130 119 10 11 21 555 45 49 17 20 280 47 79 89 42 74
0 3084 15 13 20
0 3320 20 11 2 39 86 76 19 134 41 29 25 6 13 2 15 67 23 18 84 9 5 65 109 108 100 41 23 47 199 30 282 1 3 96 188 15 27 95 21 59 327 88 150 45 35 5 109 67 19 20 26 1 20 41 45 100 73 121 108 17 81 50 125 55 20 26 57 49 55 3 19
0 3345 68 60 186 37 19 33 454 66 63 57 56 4 55 3 10 59 96 56 27 48 34 57 103 13 328
0 3487 55 146 93 1 266 12 302 72 58 29 96
0 3556 24 33 165 91 120 46 36 153 32 29 221 97 14
0 3562 35 5 84 11 14 22 86 12 17 12 37 72 275 25 48 12 110 8 54 40 11 30 110 3 77 78 14 139 28 194 113 28 33 43 40 85 157 68 17 84 148 27 131 101 2 181 181 125 114 66 3 48 144 3 17 52 68 88 57 42 163 1 73 20 33 26 26 13 4 6 4 4 45 8 7 2 174 157 69 24 69 41 32 35 22 5 1 18 45 34 41 110 196 13 80
0 3625 4 19 51 4 410 27 5 111 157 156 130 136 65 15 188 5 91 44 36 45 95 12 84 3 30 9 116 27 10 18 17 25 232 10 252 12 117 7 22 71 332 211 144 140 228 47 15 25 233 1 17 40 48 3 4 1 20 103 40 89 108 4 141 29 16 14 51 43 233 3 23 3 147 7 47 14 265 4 222 53 62 75 195
0 3787 98 12 93 20 90 210 165 51 73 139 12 48 54 18 16 28 112 151 7 25 42 39 11 146 203 16 480 19 301 74 27 3 89 64 146 28 53 5 73 147 64 1 30 9 274 111 303 13 8 113 13 101 91 42 336 45 292 66 32 150 60 152 53 60 20 62 255 105 54 3 5 28 457 26 1 3 62 49 94 57 382 42 74 13 293 126 444 48 10 14 19 125 30 41 5 51 64 38 12 111 411 9 9 73 124 108 242 84 54 37 2 10 19 24 221 67 385 19 204
0 3867 70 34 121 114 61 140 72 105 116 26 263 21 184 92 152 26 9 31 23 49 4 26 193 8 110 55 64 33 1 112 25 2 124 84 197 11 19 16 61 121 294 38 53 17 13 15 187 74 18 68 54 7 3 35 95 130 4 96 19 20 57 14 337 2 37 16 49 11 340 232 27 12 179 86 101 21 33 25 96 43 216 30 103 18 3 7 58 19 173 6 31 59 325 38 221 57 15 50 42 29 34 28 113 69 29 18 400 142 173 8 2 123 146 4 159 12 151 91 246 7 376 158 20 28 5
0 4062 154 76 128 67 54 22 16 20 56 28 13 22 2 62 14 29 162 49 46 36 25 209 441 1 436 3 43 143 141 37 160 53 72
0 4419 105 21 11 4 40 69 7
0 4686 156 77 301 13 500 16 5 26 179
0 5113 14 4 78 27 328 8 17 76 187 15 88 256 91
0 5161 226
0 5462 169 11 109 78 67 38 48 4 74 70 78 79 131 43 40 20 48 35 11 37 77 44 49 86 58 18 20 12 200 49 43
0 5802 60 27 19 81 191 41 125 29 37 16 59 112 1 134 159 82 60 247 101 7 17 18 292 166 321 134 697 64 65 28 21 2 104 28 25 32 201 15 43 74 12 7 40 2 95 16 41 21 12 46 149 39 70 135 274 58 89 33 93
0 5809 86 37 108 17 65 11 58 58 36 121 141 115 14 3 278 15 124 26 16
0 5812 105 13 312 38 97
0 5817 204 17 76 45 53 55 33 50 143 17 84
0 5944 265
0 6115 35 21 20
0 6568 31 38 296 43 83 12 135 4 83 56 73 15 94 79 129 93 251 12 220 3 2 44 153 154 194 200 322 23 64 56 145 41 40 74 12 6 175 12 155 27 68 33 295 67 265 147 26
0 6669 56 42 15 57 33 11 86 50 6 12 166 86 58 34 126 82 15 70 72 29 325 76 84 1 76 37 63 6 81 12 318 19 181 8 75 10 343 68 30 36 103 39 10 62 92
0 6725 92 13 53 52 339 79 62
0 6847 143 40 8 31 14 29 23 1 94 146 46 3 23 80 30
0 6851 131 9 79 55 95
0 6932 60 2 31 71 60 11 24
0 6991 75 16 6 39 369 70 27 109 44 52 155 61 22 13 170 44 48 10 15 2 99 46 18 130 27
0 7046 22 75 36 100 312 39 116 7 110 4 282 4 127 7 101 21 89
0 7128 23 19 49 43 39 77 42
0 7256 56 95 5 162 11 32 188
0 7386 135 5 165 17 29 6 196 12 11 42 227 83 92 11 472 36 112 15 166 54 34 99 12 68 121 55 165
0 7442 137 81 18 18 110 9 18 55 151 12 292 5 83 232 198 23 112 4 180 8 12 18 42 127 6 5 22 47 77 96 107 61 50 334 172
0 7619 42 41 138 1 27 61 472 98 127 68 4 82 155 34 213 76 148
0 7689 48
0 7782 110
0 7868 10 11 156 22 24 56 54 6 129 5 13 3 38 14 23 19 16 109 68 45 121 50 99 12 3 29 39 21 91 80 178 107 116 34 214 35 11 51 17 42 259 34 78 43 216 28 86 139 269 165 13 78 71 34 4 19 5 82 36 11 44 34 57 29 47 98 18 29 30 60 117 5 69 28 1 34 23 11 11 61 167 44 27 51 113 109 188 61 24 45 329 47 124 89 77 28 15 47 69
0 7985 14 117 97 16 83 137 77 25 50 15 404 19 585 41 114 258 155 10 27 59 4 59 249 60 162 57 101 6 231 14 11 16 57 50 7 12 124 7 1 103 71 17 278
0 8044 19 18 130 9 49 46 63 37 50 20 51 76 144 3 190 95 88 82 177 173 155 6 35 114 95 36 71 16 281 19 189 64 662 39 45 56 35 10 39 81 79 90 37 19 180 59 2 76 13 111 81 66 150 7 116 67 206 170 3 40 44 32 11 88 76 12 85 56 144 9 13 37 63 23 173 10 20 90 12 83 124 15 161 31 8 29 10 4 23 111 124 41 32 59 8 29 152 7 70 26 47 98 40 129 180 8 9 43 92 26 85 52 88 4 41 279 14 76 53 83 47 105 37 11 63 61 56
0 8153 154 11 55 32 47 72 210 36 37 196 148 1 96 9 101 56 88 130 184
0 8160 104 4 84 24 23 63 59 33 95 178 131 7 46 24 49 24 100 5 74 101 70
0 8207 314 29 10 11 292 13 1 8 27 2 77 35 114 94 104 24 32 44 226 22 87 24 279 169 32 77 98 24 140 14 47 8 34 62 172 38 66 102 10 13 123 26 9 96 25
0 8563 33 116 128 29 23 32 62 203 36 35 27 49 91 14 23 33 142
0 8568 319 17 11 87 105 81 108 105 97 126 3
0 8607 65 19 9 8 33 34 26 6 132 9 252 20 65 43 203 42 6 4 81 423 108 2 1 65 5 91 134 15 71 39 98 78 31 21 168 2 14 47 50 16 12 114 131 16 14 101 64 34 106
0 8622 13 1 129 10 136 46 72
0 8770 13 43 186 8 183 71 208 3 102 4 135 102 34 138 143 91 149 13 83 35 242 76 511 63 143
0 9270 81 13 130
0 9382 38 45 39 18 77 46 482 75 467 77 51 87 202 34 186 175 31 5 157 40 25 101 19 13 50
0 9445 157 49 142 23 149 28 27 74 27 13 100 98 34 102 174 17 13 13 43 18 17 98 315 184 130 45 19 30 21 110 56 8 63 50 192 77 43 27 4 126 56 189 24 44 48 135 38 104 66 65 120 172 112 17 23 24 17 30 270
0 9560 33 58 307 75 77
0 10223 125 4 67 153 178 5 34
0 10224 79 30 18 24 29 17 62 6 316 13 31 118 123 8 265 8 70
0 10266 26 69 18 119 69 23 28 10 895
0 10449 110 139 130 100 243 10 295
0 10623 8 47 164 60 44 5 204 89 105 33 183 60 269 52 135 103 36 10 108 128 66 63 133 144 121 26 18 8 100 12 5 49 24 168 170 45 102
0 10629 99 37 67 9 176 14 126 20 69 100 14 40 141 33 85 106 91 71 181 70 174 50 323 71 37 28 200 2 2 35 99
0 10708 41 64 103 99 78 129 107 92 51
0 10739 206 67 13 113 52 136 49 141 295 6 13 57 16 26 66 16 122 14 80 207 51 21 19 71 168 22 42 3 144 13 17 41 149 62 37 5 81 7 58 13 113 15 47 31 51 19 223 86 237 2 58
0 10745 31
0 10826 213 59 3 114 93 48 6 114 23 141 17 109 176 9 108 93 206 2 20 9 278 93 184 3 52 33 61 5 38 26 50 60 3 48 16 22 6
0 10893 54 19 131 28 81 4 7 30 115 87 173 1 5 19 55 76 31 84 36 59 158 21 183 8 140 98 9 21 45 18 17 154 39 3 2 40 37 97 61 54 30 13 58 91 142 140 120 8 221 8 57 13 150 11 12 34 6 66 6 24 175 27 6 12 10 132 78 88 86 37 23 42 8 29 37 134 100 62 40 109 173 40 32 30 14 171 274 71 156 5 161 260 17 1 76 47 282 88 27 106 75 17 47 6 21 124 285 83 36 57 246 17 7 32 24 47 5 8 34 22 93 8 69
0 11291 12 37 117
0 11334 215 19 214 66 57 19 6 2 106 36 78 7 35 116 101 92 49 54 152 5 123 24 72 49 8 130 247 19 48 10 65
0 11336 111 143 82 53 5 42 304 36 10 27 164 348 355 54 114 69 35 73 4 100 64 6 422 18 5 17 16 36 53 38 59 2 95 108 61 78 1 24 468
0 11409 82 32 3 93 159 103 35 15 5 182 44 117 1 66 11 103 6 73 28 150 21 15 111 24 35
0 11415 215 34 681 14 1 96 95 83 165 93 27 47 239 147 14
0 11805 82 1 18 194 238 82 256 42 211 75 85 27 304 116 20 107 7 8 22 43 26 39 64 6 101 80 101 5 405 32 249 23 145 36 152 28 7 37 40 20 14 90 27
0 12154 10 3 53 37 225 9 29 73 85 20 30 10 44 65 9 2 78
0 12245 70 38 241 26 86 11 28 1 139 8 18 27 123 18 21 3 160 14 16 30 11 47 88 36 1
0 12541 5 64 84 3 298 155 47 39 7 75 146
0 12823 58 13 25 15 1 28 149 88 426 11 499 108 322
0 12905 124 98 76 14 62 9 146 28 62 19 282 15 130 2 137 18 36 30 88 21 38 18 52 90 88 7 67 1 154 4 231 7 33 40 1 173 4 68 269 77 5 61 90 5 19 55 39 10 36 52 15 24 48 192 182 51 157 14 105
0 12985 23 117 116 37 6 3 23 64 60 15 142 4 57 15 87 20 32 77 4 54 145 94 35 107 109 2 50 33 132 7 36 81 92 10 59 7 418 17 37 2 16 28 45 16 47 84 20 4 12 8 162 56 240 63 75 20 112 7 20 29 248 93 83 74 70 114 18 1 15 43 61 51 39 125 3 7 125 55 140 33 221 2 45 4 37 108 107 188 199 46 14 68 173 124 18 10 6 11 26 16 55 30 45 7 314 49 294
0 13278 96 32 8 61 182 171 22 21 12 18 151 53 307 95 54 17 99 18 50
0 13340 17 38 374 43 39 5 129 52 86 15 108 1 197 36 34
0 13611 39 69 51 15 85
0 13774 13 28 34 58 20 5 253 19 39 29 86 39 70
0 13846 49 33 148 94 3 11 64 34 28 1 53 13 347 127 73 35 49 78 238
0 14020 71 12 13 41 369 31 27 155 58 5 59 103 44 107 128 23 3 68 485 12 72
0 14036 49 129 155 4 54 357 98 2 200 9 27 9 397 33 261 6 126 86 58 6 43 24 110 6 5 2 98 18 237 53 18 25 1 2 71 5 51 45 115 68 8 10 120 8 29 76 34 50 82 37 173 24 8 66 31 42 81 9 79 131 52 62 47 2 104 16 268 9 30 76 73 17 2 126 229 27 33 10 105 106 191 99 88 40 62 26 299 79 21 100 273
0 14195 136 56 52 35 50 117 211 28 11 6 168 66 99 134 21 1 36 43 27 55 16 63 165 21 31 36 47 57 151 23 119 22 145 93 11 20 62 37 143 18 90 28 167 22 5 134 45 30 46 6 27 3 56 54 22 41 47 83 115 2 72 125 111 6 8 36 244 91 146 5 18 117 23 10 13 2 52 43 106 103 106 3 135 42 76 25 127 91 70 52 12 51 139 79 199 74 201
0 14211 57 271 38 48 236 34 154 16 32 56 168 137 55 16 69 18 16 22 114 87 174 196 180 34 114
0 14248 22 11 16 59 220 4 95 64 48 74 84 43 9 20 339 125 190 83 12 47 141 4 40 67 3 28 130
0 14497 115 6 78 14 345 76 78 16 54 36 44 12 27 14 30 29 273 18 115 53 45 8 109 12 35 17 283
0 14571 83 4 16 26 24 50 23 63 291 52 260 24 232 63 51 1 66 55 53 26 75 147 36 18 202 20 8 2 50 170 230 7 145 15 194 133 145 35 17 24 112 123 93 50 72 174 9 70 9 60 74 63 80 22 186
0 14585 22 33 63 33 6 32 166
0 14588 6 4 192 9 70 104 142 19 74 57 243 22 147 13 90 40 47 7 160 21 585 86 204 40 297 115 80 48 3 57 144 35 31 117 54 74 133 4 201 61 20 126 25 96 14 73 72 12 55 78 268 23 680 6 169 27 25 182 82 205 19 51 232 59 52
0 14599 2 24 151 116 10 22 14 200 24 2 6 60 10 5 197 81 67 63 59 39 189 27 30 28 82 104 7 162 29 159 6 11 124 13 37 50 350 22 12
0 14606 198 171 8 8 3 52 108 1 527 8 55 30 53
0 14662 6
0 15044 90 51 58 6 34 58 165 218 78 199 79 50 38 19 1 97 76 144 144 6 100 42 32 18 90 7 70 19 18 5 3 3 67 29 7 19 75 130 20 6 326 94 11 44 120 345 117 158 16
0 15141 98 27 42 26 113 10 22 14 25
0 15142 278 72 114 177 129 13 97 132 165 3 60 36 739 26 131 3 1 7 80
0 15152 290 14 80 80 13 81 91 44 61 16 243 26 117 7 12 10 89 110 42 99 115 24 78 18 140 20 90
0 15375 118 31 65 30 11 13 139
0 15431 59 19 14 31 2 11 176 30 52 30 151 47 173 55 2 84 164 49 62 34 36 13 8 61 43 18 93 12 25 3 168 78 178 49 164 20 21 45 225 5 52 50 40 45 22 29 7 54 47 155 108 147 19 33 56 5 30 40 135 59 51 90 103 76 178 1 159 15 138 27 222 36 32 61 178 2 161 14 592 231 105 49 25 3 49 126 16 12 60 72 507
0 15468 113 156 160 80 60 62 179 42 8 141 180 47 175 2 83 7 32 42 117 86 82 30 230 41 37
0 15783 52 19 86 144 56 171 45 4 227 63 30 5 42 4 45 46 85
0 15823 106 56 30 57 37 33 167 166 168 8 143 40 45 2 435 14 72 5 68 20 67 107 7 18 350 12 85 1 176 11 65 85 14 7 29 23 21 39 37 128 227
0 15937 39 38 15 80 575
0 16187 34 12 272 7 10 6 27 33 57
0 16249 486 17 22 3 106 41 185 87 53 98 52 228 344 4 161 17 19 3 19 15 33 70 61 60 257 111 415 23 168 17 116 18 173 104 205 78 99 325 456 35 49 27 9 81 156 18 26 16 17 57 82
0 16809 1 15 29 200 53 294 205 28 286
0 16814 300 82 171 23 54 25 254 8 37 45 22 19 169 7 28 68 279 85 281 72 23 33 15
0 16857 11 3 198 59 17 42 7 27 25
0 16859 80 14 238
0 16954 50 53 52 3 39 21 169 53 93 91 276 19 135 8 130 118 156
0 17169 617 28 400 29 94 75 100
0 17184 129 37 15
0 17229 69 85 28 30 86 101 54 16 63 38 28 55 331 57 116 91 15 23 136 13 120 16 15 95 68 337 32 190 501 104 19 18 88 13 4 13 70 12 42 29 430 5 25 67 84 63 48
0 17242 10 59 50 32 82 123 390 6 155 21 68 128 164 14 177 32 113 30 5 26 1
0 17443 852 26 159 53 211 6 100 40 141 39 72 86 21 13 66 42 214 33 122 110 11 93 19 5 100 15 73 72 124 37 71 43 31 15 11 11 186 1 308
0 17632 27 48 43 37 53 51 158
0 17641 39 108 114 438 223 16 179
0 17691 133 68 63 2 26 57 39 19 38 57 277 2 27 109 109 12 252 57 10 15 208 16 68 19 73 43 2 34 163 96 149 142 13 52 130 1 21 39 63 30 72 26 85 16 40 23 78 46 4 38 172 25 60 83 11 81 99 5 25 87 171 24 36 19 52 43 35 57 112 1 14 19 53 42 112 34 138 30 44 73 47
0 17931 96 19 55 8 13 45 161 52 70 139 17 8 67 12 23 27 42 38 191 4 171 48 39 25 8 13 440 6 20 68 24 11 106 21 75 49 13 16 131 25 393 16 67 133 167 18 46 4 7 13 58 19 56 90 107 59 21 4 201 24 183 13 26 59 17 57 64 27 167 18 125
0 17932 111 85 70 3 241 3 91 52 24 142 54
0 17966 238 11 36 41 184 42 100 43 22 18 184 15 233 43 30 33 4 55 27 15 127 13 180 17 92 57 166 36 203 95 53 115 79 2 2 44 86 29 192 137 17 25 187 23 44 140 114 43 43 46 23 9 3 57 41 28 15 33 132 35 143 72 89 1 19 15 6 36 288 103 5 63 71 2 35
0 17986 317 96 32 77 19 26 74 17 85 12 20 19 12 62 408 11 252 12 98 80 19 42 45 43 256 2 142 101 80 8 86 24 152 62 48 23 17 73 161
0 18282 169 34 23 16 17 41 2 141 199 9 47 12 105 7 105 4 35
0 18303 32 20 28 37 90 14 43 51 176 16 26 48 19 46 328 46 23 79 13 87 132 160 2 37 163 8 60 149 131 29 265 76 106 265 119 73 23 46 356 43 17 100 87
0 18388 178 55 45 115 20 70 123 13 451 24 87 71 110 37 17 4 12 131 73 40 28 47 8 111 65
0 18562 10 50 23 93 155 36 14 11 65 22 138 13 34 2 41
0 18709 195 9 51 1 374 516 5 72 187 33 19 32 145 12 62 16 21 16 87 67 86 55 88 110 208 151 103 2 63 16 19 38 318 14 6 33 11 27 17 111 53 8 410 53 48 11 347 76 40 15 52 39 41 116 374 99 403 20 57 10 4
0 18833 12 43 36 75 369 31 11 4 41 61 52 12 95 28 152 72 48
0 19034 88 101 16 44 31 3 12 74 407 78 7 57 46 83 118 32 177 19 153 47 4 49 29 2 20 92 78 11 2 81 31 26 70 58 48 43 65 37 87 12 94 19 259 100 63 19 691 39 94 54 96 13 11 193 18 117 451 13 84 43 255 26 5 16 32 29 86 12 133 21 89 103 148 54 199 110 151 21 48 25 58 83 95 28 29 6 31 38 185 23 49 40 43 208 59 14 118 26 234 70 60 45 54
0 19159 153 140 63 4 95 62 93 51 123 7 71 60 30 27 112 54 23 3 207 60 686 94 161 28 47 95 33 78 78 112 29 31 39 18 270 133 11 115 48 82 25 1 79 34 76 6 41 153 186 10 67 4 178 1 13 24 80 8 103 24 3 8 72 16 90 59 44 3 74 9 98 22 19 57 72 19 58 19 286 127 96
0 19333 100 31 65 12 59 58 315 81 27 9 69 35 56 78 19 108 153 5 79 23 43 44 53 66 87
0 19464 160 85 57 3 95 19 37 15 71 23 67 21 43 1 35 83 122 28 58 10 43 85 62 66 46 37 30 141 73 74 39 24 147 42 48 60 1
0 19535 123 46 239 16 239 18 51 8 172 6 82 8 114 7 33 4 5 3 80 34 30 5 1 91 114 14 91 40 9 8 201
0 19713 27 22 175 76 15 112 29 149 36 142 71 80 24 168 78 70 81 57 16 55 148 97 319 89 36 280 13 266 11
0 19819 2 46 7 51 146 6 118 53 27 68 125 23 62 50 199 31 90 13 59
0 19833 45 31 37 49 23 91 120 16 24 50 409 2 156 37 25 85 127 130 176 41 50 38 28 30 306 121 42 40 14 70 139 53 167 81 70 51 7 79 234 138 159 18 72 49 96 26 152 59 97 6 202 7 68 18 7 48 28 2 294 106 4 10 196 36 19 22 61
0 20061 1 13 89 9 20 31 32 43 4 8 242 40 187 114 15 56 20 8 60 5 44 59 58 37 70 35 187 63 182 135 77 16 22 3 541 71 29 69 76 8 13 103 294 55 150 74 199 13 155 19 141 202 166 29 15 18 75 24 31 24 46 23 22
0 20064 10 1 148 18 110 55 26 43 115 54 9 79 549 69 119 64 72 59 267 88 61 82 293 6 14 19 50 64 202 4 3 57 222 56 141 114 5 39 520 69 9 164 111 33 246 137 141 15 49 1 35 24 122 9 128 28 12
0 20110 340 48 105 23 150 62 84 52 68 45 164
0 20388 36 83 8 87 15 300 22 22 37 42 210 14 36 6 124 50 57 17 205 16 41 43 126 30 86 35 354 86 72 17 111 45 48 21 2 10 23 106 32 112 83 3 40 36 31 19 26 37 24 47 244 151 14 56 109 58 108
0 20457 78 24 102 22 17 51 40 92 62 42 14 19 18
0 20465 115 25 71 122 58 55 11 12 85 103 81 19 24 234 176 7 30 7 32 16 78 19 31 111 36 45 117 23 65 43 224 11 30 9 10 48 27 56 9 45 54 163 217 3 128 12 70 35 205 1 12 33 113 120 31
0 20593 24 42 865 118 109 44 137 67 70 64 252 25 139 30 155 44 7
0 20667 16 48 135 18 58 186 34 110 23 32 88 58 93 52 41 12 333 21 1 20 76 164 60 63 246 35 15 75 21 2 132 186 59 22 83 25 116 81 81
0 20686 18 36 62
0 20701 28 8 198 21 756 105 45 72 133 1 130 164 24 156 330 1 150 98 31 153 81 108 83 8 13 33 125
0 20758 5 81 9 82 55 31 361 97 470 8 155 50 368 35 251 51 2 13 12 9 13 139 31 59 62 13 111 1 91 44 16 11 29 49 20 16 162 20 15 16 42 4 195 19 30 85 57 21 340 1 10 12 129 50 74 29 395 13 68 60 41 114 142 20 97 85 289 15 24 5 71 38 61 165 30 73 61 40 109 28 64 30 87 5 91 84 127 4 51 3 144 1 124 109 148 27 174 6 14 60 257 229 6 3 133 104 66 108 354 34 214 73 51 37 42 90 376 149 26 16 194 80 88 8 133 49 15
0 20831 248 7 8 3 123 70 3
0 21290 33 46 378 13 167 65 104 107 179 54 3 30 106 176 10 11 16 9 87 1 25 24 89 31 120 70 28 28 94 24 50 39 222 30 135
0 21313 23 11 12 5 77 50 181 132 56 2 146 7 71
0 21325 65 107 117 211 229 67 111 8 189 1 44 35 89 15 15 46 42 121 55 2 137 188 83 15 122 41 117 25 41 131 233 28 51 7 42 23 36 42 30 17 57 17 51 104 56 13 57 121 120 114 113 32 54 6 139 6 267 40 35 173 86 43 58 3 108 61 33 85 58 36 14 32 149 52 372 57 31 3 41 116 99 19 9 6 28 138 273 1 136 53 100 27 175 23 320 19 79 20 33 2 73 1 40 52 136 59 105 2 4 38 30 12 24 29 94 56 132
0 21422 3 40 39 65 224 48 98 40 24 51 262 21 48 23 35 82 42 110 38 94 73 16 26 91 174 1 325 23 41 89 375 32 9 26 73 56 36 52 267 49 226 64 9 4 71 51 54 51 34 129 20 97 146 86 73 72 132 4 72 11 52 16 4 4 108 48 35 73 322 62 29 104 53 154 108 34 12 16 43 32 24 32 59 6 38 159 157 72 158 16 54 32 24 6 206 6 140 48 105 120 106 90 33 26 126 20 120 94 307
0 21511 31 128 3 63 90 64 83
0 21874 212 102 129 8 35 48 51 127 8 2 93 12 161 53 10 7 277 17 88 108 22 14 13 16 102 13 32 68 221 57 29 9 30 15 70 5 164 19 72 31 63 7 79 90 304 3 1 31 217 56 57 15 231 30 153 12 77 18 69 19 124 15 8 4 24 2 41 52 20 18 19 48 107 18 162 12 76 4 110 11 165 136 140 10 188 27 1 81 90 92 98 59 207 12 53 167 310 18 13 30 5 95 114 90 15 2 68
0 22109 3 31 112 26 68 20 62 41 3 170 56 51 141
0 22185 1 49 24 4 131 13 7 33 49 14 30 138 54 258 95 27 6 140 12 11 5 29 48 45 88 32 14 7 118 37 125 81 505 21 18
0 22222 173 1 46 170 175
0 22265 54 22 44 71 21 8 75 50 48 31 315 14 8 21 17 90 77 53 25 10 95 55 125 13 17 1 208 195 583 22 13 116 25 27 126 108 38 11 342 28 378 1 92 124 74 11 13 82 74 32 222 108 44 28 30
0 22303 201 38 26 2 85 112 65 180 65 20 242 91 333 24 113 27 137 13 275 91 20 118 48 52 7 43 303 40 22 58 42
0 22349 136 6 19 2 86 81 12
0 22466 20 47 15 295 79 34 17 16 87 50 2 122 240 108 71 31 142 62 193 5 52 18 88 33 4 26 20 1 9 77 152 72 12 29 136 16 299 74 76 7 81 69 24 170 3 69 49 41 7 7 42 70 165 102 165 30 57 23 117 43 26 43 195 2 48 87 11 130 61 20 14 69 108 3 70 37 9 6 71 28 30 70 105 30 65 12 161 88 67 10 4 25 59 27 11 117 25 129 336 22 54 67 80 42 137 34 79 3 190
0 22799 10 102 30 7 196 42 137 101 42 15 113
0 23294 10 82 63 31 13 75 220 14 52 23 69 53 228
0 23655 158 40 38 1 36 18 53 138 47 198 51 39 71
0 23865 41 183 152 16 37 61 106 77 219 26 205 99 94 5 203 89 28 49 600 47 28 176 172 57 255 3 20 14 100 9 73 5 322 18 119 2 452 8 98 30 40 161 3 120 119 55 146 83 133 14 17 60 111 109 196 5 74 98 19 20 79 13 65 2 106 22 23 142 151 43 58 20 6 52 2 15 14 63 1 111 183 53 147 21 2
0 23959 35 5 25 89 210 78 138 142 144 20 94 61 133 126 32 65 32 85 59 21 287 37 38 33 122 12 154 26 165 108 4 4 359 26 113
0 24127 172 11 284 67 57 30 127 28 1 12 25 133 191 34 61 98 109 54 709
0 24478 61 50 76 16 16 34 53 27 299 27 100 3 242 1 38 15 18
0 25410 90 65 227 29 183 8 150 30 113
0 25412 90 96 78 34 182 15 57 11 42 17 16 24 130 10 344 150 119 38 39 17 54 3 39 20 52 1 45 67 136 30 21 34 13 40 53 14 8 1 74 72 7
0 25456 64 7 114 8 361 5 30 16 175 67 126 74 36 9 72 23 31 51 37 33 17 45 1 47 35 116 12 27 117 78 17 117 169
0 25639 22 140 13 73 407 85 97 9 59 68 22 7 61 25 47 130 39 123 177 169 152 33 218 91 527 21 29
0 25704 41 212 3 28 310
0 25715 8 40 505 115 230 80 284 6 16 11 37 37 33 39 105 22 194 33 38 6 123
0 25831 146 63 159 26 51 25 21 100 55
0 25876 1 11 127 13 121
0 25989 279 117 30 58 91 127 324 33 75 14 39
0 26096 27 12 65 4 7 4 590 122 15 10 36 160 27 11 90 302 223 41 240 34 4 136 166
0 26378 59 59 59 98 116 13 131 66 24 13 109 86 90 66 189 67 162 275 82 6 29 55 27 39 60 54 330 29 219 14 130 36 66
0 26628 3 53 117 89 186 86 104 38 142 117 20 61 42 19 7 10 95 46 11 17 365 3 42 51 74 11 74 125 108 15 185 29 12 55 173 25 115 28 142 4 10 42 181 232 148 69 1 72 31 8 317 4 184 7 6 6 41 3 9
0 26838 17 32 12 3 16 23 17 64 2 28 56 17 43 6 11 11 6
0 27196 30 49 27 82 37 35 12 59 194 35 47 51 29 60 17 37 108 64 18 66 21 62 9 1 57 2 81 48 69
0 27379 415 154 297 14 162 38 146
0 27396 65 18 28 62 15 80 213 39 31 67 96 53 97 35 136 19 269 27 69 95 354 19 22 31 81 83 15 47 56 6 121 21 153 9 99 6 134 8 44 51 60 147 51 44 150 18 25 103 38 54 128 60 27
0 27481 67 3 79 93 49 46 59 70 181 40 8 28 103 69 394 29 97 9 80 26 194 58 18 52 98 26 179
0 27643 45 89 130 77 55 15 7 40 90 103 17 115 1 5 107 48 71 222 181 48 1 24 461
0 27648 193 11 53 62 111 173 23
0 27808 18 58 10 7 104 50 48 15 9 21 40 10 184 16 83
0 27813 33 111 54 26 119 67 89 4 133 2 105 32 33 72 160 54 73 46 13 10 52 3 17 99 50
0 27887 114 32 60 8 60 15 144 37 73 9 179 2 167 92 49 18 68 9 94
0 27931 20 44 136 78 32 97 273 19 192 157 42 137 107 65 12 118 218 63 53 74 70 40 94 58 319 6 118 49 65 41 38 62 658 138 26 18 213
0 27961 44 38 73 88 88 2 32 43 32 15 38 111 53
0 28122 394 35 192 12 41 90 93 22 26 15 165 17 184 34 503 122 41 139 179 14 147 13 351 89 104
0 28178 18 23 253 4 13 90 88 46 12 7 459 8 53 142 114 19 104
0 28376 100 37 87 5 144 33 50 57 140 76 209 26 49 62 77 72 257 99 220 1 99 26 123
0 28575 182 34 105 52 58 76 168 29 102 221 36 279 215 50 590 32 23 183 186 123 44 28 39 56 332 10 15 193 7 228 10 13 73
0 28613 33 48 116 1 37 35 246 11 41
0 28875 69 12 15 70 122 25 130 42 12 16 299 37 32 103 168 158 79 90 81 1 115 4 15 23 63 16 89 50 36
0 29158 97 13 77 10 39 7 94 18 81 16 11 27 44
0 29250 139 63 142 96 259 19 92 43 110 39 123 43 40 13 34 17 85 9 81 7 19 41 108 6 18 61 23 10 205 63 10 100 27 79 144 22 55 3 12 67 74
0 29371 17 5 130 13 25 41 65 10 133 24 170 57 215 8 11
0 29538 197 35 92 33 2 56 220 20 152 17 71 53 192 59 18 9 53 39 29 33 104 12 17 25 101 98 8 27 11 78 154 63 35
0 29540 64 53 95 3 274 8 32 300 120 7 17 25 210 34 2 32 34 13 72 23 173 1 8 10 175 34 35 73 37 3 94 37 90 4 115 16 15 51 218 85 202 67 3 21 197 102 53 1 109 2 21 9 15 35 252 120 47 12 39 25 98 105 355 3 21 39 6 27 58 27 14 33 46 5 570 15 35 32 1 27 93 7 17 12 151 7 108 17 18 53 155 4 72 26 13 57 68 65 84 17 1 62 411 24 60 53 29 40 93 74 65 18 63 8 14 69 124 13 33 2 16 1 1 6 26
0 29544 65 9 16 36 192 176 37 34 84 40 74 96 20 25 38 42 14 52 185 33 205 94 284 59 77 17 253
0 30474 58 12 53 27 4 65 112
0 30938 20 4 167 41 3 24 28 31 56 150 60 31 184 35 29 69 7 14 3 6 20 15 43 35 219 63 105 12 140 53 27 135 59 7 242 35 130 68 143 19 21 26 19 21 96 65 2
0 30947 39 1 36 112 103 57 242 1 48 1 35 191 50 89 31 32 186 15 38 47 39 85 108 55 19
0 30976 149 61 214 11 39 28 276
0 31200 133 60 12 10 47 64 247 267 413 251 3 22 33 45 331 35 40 106 51 27 96 23 7 42 182 46 147 75 32 9 1 63 27 74 60 80 266 30 83 109 126 29 85 36 118 9 166 80 49 24 109
0 31220 60 7 97 48 78
0 31369 37 5 13 45 252 47 61 126 94 32 83 6 45
0 31426 118 8 222 10 51 29 79 14 141 13 97 65 472 245 108 58 52 25 97 1 46 53 28 19 44 37 26 26 91 68 52 96 5 15 9 10 226 85 71 9 82 268 3 95 49 6 90 73 30 70 183 7 50 43 26 53 651 99 5 14 23 37 7 13 93 27 10 109 4 48 99 51 129 61 106 74 111 8 9 116 69 10 270 57 359 53 13
0 31526 116 8 117 17 26 5 70 115 335 33 91 27 38 4 13 2 116 33 298 55 84 52 90
0 31631 48 12 23 21 19 48 433 122 163 94 89 46 32 45 250
0 31673 61 24 96 57 126 88 71 85 23 6 74 27 55 8 34 24 25 3 94 18 197 22 91 1 91 29 10 9 38 15 78 29 37 19 87 296 161 17 42 120 12 155 66 20 31 20 146 35 17 47 22 19 8 28 57 2 13 2 123 12 119 34 190
0 31912 391 165 114 113 191 47 190 52 190 12 82 61 32 5 119 56 150 3 39 274 119 40 75 57 16 321 54 40 250 40 71 59 39 94 3 81 547 105 109 7 245 117 10 66 262 62 50 4 521 4 76 43 12 35 137 55 579 27 2 17 57 74 12 33 37 33 188 158 19 1 117 20 134 51 116 57 235 10 307 271 43 8 15
0 31941 77 1 205 24 172 40 308 56 249 30 29 12 53 38 10 3 78
0 32336 103 1 358 28 136 1 50
0 32651 39 40 83 22 15 35 2 1 37 6 92 31 121 81 131 1 168 26 6
0 32709 25 9 23 7 233 79 62 139 29 3 19 19 220 35 93 69 22 39 30 13 239 78 63 34 5 57 8 8 33 1 170 27 141 55 371 56 46 18 45 23 166 19 17 16 109 24 35 90 15 48 227 35 558 29 12 107 325 31 18 156 43 73 118 14 7 68 79 28 10 1 3 3 74 49 21 61 133 40 30 7 324 33 43 10 40 101 139 39 180 101 88 3 24 25 59 139 36 56 140 109 173 98 111 3 113 2 49 71 79 18 18 6 86 115 2 11 1 8 7 15 24 17 100 80 31 6 1 5 51 27 26 13 114 126 99 219 42 37 18 62 85 85 14 97 23 1 274 31 190 43 138 17 319 151 38 77 28 28 15 33 18 36 12 28 181 13 18 29 77 37 10 53 3 39 83 239 92 17 102 9 12 50 52 153 95 47 32 52 9 39 53 24 110 15 13 64 53 53 75 52 112 40 278 40 189 40 30 177 80 124 37 16 81 120 129 31 218 20 419 11 1 106 57 89 196 3 139 17 93 6 23 36 27 14 2 25 211 23 142 46 98
0 32732 44 58 69 115 261 35 93 14 140
0 32743 41 21 56 7 175 6 14 377 69 74 114 38 135 73 43 177 305 83 18 43 2 53 38 37 34 82 25 61 150 85 115 1 67 70 247 28 27 14 172 108 35 29 112 10 58 36 87 2 280 52 71 16 44 22 35 161 37 24 22
0 32794 194 43 27 33 52 6 135 140 14
0 32878 12 40 64 25 59 74 302 26 12 43 72 125 25 7 87 64 103 52 65 6 87 32 134 47 44 35 91
0 32922 49 31 92 25 6
0 33287 52 10 12 101 75 171 34 191 154 153 65 135 98 22 187 26 4 61 212 7 9 76 137 51 40 49 17 5 1 6 257
0 33578 46 29 21 35 213
0 33678 217 8 19 38 238 24 198
0 33731 127 67 8 16 47 63 7 126 112 41 3 7 56 37 115 3 122 68 34 29 8 1 13 151 110 37 6 25 27 10 139 14 89 136 57 11 372 101 28 27 2 62 202 10 9 28 347 1 33 15 168 267 31 45 63 7 109 3 123 23 609 3 376 7 62 5 56 130 25 25 56 2 54 164 107 10 48 9 41 103 13 80 183
0 33892 63 43 99 16 30 60 324 18 30 133 9 106 15 34 295
0 33920 229 30 216 21 52 16 12 59 19 29 120 18 225
0 34108 204 62 58 53 11 75 146 60 650 30 163 28 216 19 143 182 207 130 52 89 21 78 66 1 90 27 724 54 59 12 9 9 2 28 15 20 173 3 156 14 41 36 64 40 246 17 246 35 45 111 174 34 12 7 170 25 71 17 57 82 119 13 41 13 81 76 5 53 251 3 89 20 108 2 313 61 95 3 27 12 32 62 5
0 34124 71 36 25 84 21 34 39 32 34 57 27 21 313 51 122 31 9 61 123 41 2 17 120 39 66 17 10
0 34223 39 16 261 17 88 11 79 3 46 17 93 71 22 18 51 172 14 16 86 61 40 130 176 101 38 18 429 60 12 53 46 27 84 18 157 67 95 17 91 54 86 25 8 9 222 23 24 66 49 9 32 49 22 83 161 240 118 7 194 36 24 5 200 142 51 29 28 1 159 26 14 33 307 114 324
0 34466 68 10 41 5 140 28 129 78 40 111 104 2 109 62 2 70 121 26 21 24 13 18 33 13 44 16 91 1 288 52 19 22 42 21 84 3 164 3 49 61 113
0 34469 51 75 13 36 7 31 88 44 67 28 196 15 60 3 2 118 74
0 34521 98 166 321 28 129 119 67 97 3 22 93 49 91 151 21 15 84 23 410 82 143 169 21 25 171 13 322 31 94 18 60 39 295 110 160 3 94 164 113 306 355 103 420 2 133 146 50 64 59 65 98 41 147 15 67 67 324 44 176 10 280 18 269 32 24 21 327 15 175 22 76 6 60 16 106 144 75 110 147 52 120 19 209 4 56 15 28 24 472 7 92 124 13 160 26 92 55 78 139 10 40
0 34565 82 143 205 33 38 106 1 134 1 4 202 2 20 264 218 12 131
0 34684 107 42 86 64 221 37 87 55 53 6 20 18 19 1 142 141 121 66 200 127 42 15 91 27 4 29 11 81 11 105 49 29 27 17 56 107 1 11 202 6 15 67 91 119 497 10 170 52 71 78 39 50 18 4 1 14 110 36 202 26 4 27 12 19 19 154 20 55 11 24 22 6 48 45 25 204 54 83 132 10 190 44 113 54 49 40 38 8 244 68 43 6 23 46 86 126 175 101 132 39 62 39 266
0 34743 168 55 71 99 6 7 22 40 86 4 80 10 63 68 254 47 9 9 210 80 167 13 136 18 102 40 148 40 112 117 65 57 19 18 40 42 240 9 67 46 91 61 76 33 238 80 4 20 17 27 263 9 13 10 183 102 54 10 34 71 245 54 79 56 30 14 5
0 34745 51 108 142 11 47 32 240 4 115 53 76 56 187 76 28 14 22 95 133 16 253 62 56 40 333 40 42 2 122 9 129 56 196 27 48 9 51 4 174 26 245 94 314 287 29 35 29 55 193 17 258 124 193 57 5 13 79 3 3 36 67
0 34873 18 17 122 34 43 53 38 62 184 11 8 15 8 7 25 44 5 201 11
0 35017 2 30 131 25 11 21 19 82 138 42 39 12 144 62 10 65 283 10 146 38 70 118 217
0 35139 205 249 218 22 58 9 47 101 117 1 4 39 30 18 44 4 424 56 153 34 81
0 35313 91 40 168 40 84 1 31 114 57 14 2 26 101 61 90 22 6 41 135 51 68 22 34 26 129 6 108 8 218 66 98 46 36 30 43 3 49 24 15 43 161 9 103 55 81 91 180 43 41
0 35392 44 5 19
0 35600 22 46 63 3 196 37 6 47 22 29 271 47 18 78 28 20 77 4 29 3 43 100 25 90 171 34 84 39 202 123 102 69 406 7 60 23 52 51 50 62 26 23 167 70 52 40 22 50 30 81 136 100 62 58 250 111 58 32 93 26 18 15 70 40 97 7 58 82 49 9 45 2 133 18 139 99 40 32 97 135 66
0 35605 22 33 10 50 220 54 174 60 374 32 57 38 88 156 4 19 251 52 121 104 52
0 35785 18 12 61 5 80 21 3 135 104 8 35
0 35900 5 30 692 5 48
0 36061 23 20 120 48 143 27 31 81 20 9 196 102 61
0 36167 19 4 54 58 3 61 15 43 64 35 89 36 93
0 36203 15 54 20 14 20 48 44 53 19 47 14 12 523 58 110 46 73 24 25 24 11
0 36211 112 30 62 40 240 70 28 203 37 55 83 25 13 26 97 88 59 117 154 84 38 45 68 18 4
0 36267 10 27 292 13 124 8 55 130 71
0 36847 85
0 37015 37 223 26 30 40 14 105 4 135 60 42 54 102 22 54 30 115 63 34 18 42 109 77 2 89 44 5 15 228 53 106 66 348 27 12 15 48 30 160 38 322 77 313 53 44 30 7
0 37039 271 34 33 32 5 8 27 4 78 86 14 19 65 18 138 3 137 15 6 15 25 86 12 28 33 22 496 36 165 89 59 11 112 27 23 40 97 4 187
0 37055 281 43 94 90 16 42 102 13 106 6 287 29 13 6 48 4 25 184 3 14 123 60 11 149 244 98 252 233 29 127 175 79 114
0 37149 43 18 81 6 61 23 213 1 3 38 235 41 224 9 3
0 37254 24 11 64 21 50 48 69 12 91 61 209 58 56 84 176 83 153 89 144 91 5 97 15 18 7 12 55 73 106 38 280 88 143 43 11 29 57 16 54 37 1 1 46 108 226 52 14 72 5 64 262 7 111
0 37571 99 2 90 84 95 34 208 85 75 15 2 8 93 58 22 137 16 33 187
0 37639 83 13 134 18 110 31 16 15 92 20 135 19 29 15 117 12 35 72 298 209 317 4 50 127 2 59 92 15 91 23 119 194 51 165 131 9 45 10 119 36 173 82 54 66 114 4 27 18 42 71 123 99 91 65 6
0 38012 87 52 28 7 385 32 149 76 5 82 1 12 8 22 182 32 121 21 116
0 38260 18 6 115 6 57 37 129
0 38356 106 6 14 53 30 229 138 11 72 68 36 38 8 8 265 22 60 44 28 31 8 37 142 15 233 30 145 78 123 21 53 23 23 30 12 31 262 29 6 7 62 27 51 80 230 58 146
0 38527 15 23 35 73 142 25 25 163 54 71 42 41 124 220 13 110 10 13 37 24 60 36 113 30 116 20 85 32 247 93 97 5 37 8 22 65 132
0 38717 131 101 109 28 128 41 23 35 210 101 103 17 70 27 7 45 17 14 384
0 38820 133 100 42 86 364 49 192 25 205 14 119 14 104 33 24 100 42 25 59 10 242 194 259 31 7 30 50 47 111 12 152 283 41 28 8 11 71 66 16 20 28 3 275 67 69 53 10 20 228 5 28 25 84
0 38848 58 51 156 5 4 1 207 24 14 126 134 16 80
0 38970 11 6 189 4 216 57 101 24 25 5 39 120 218 52 76 51 66 54 34 39 8 102 48 26 331 15 131 45 14 25 48 94 28 27 22 20 121 83 91 9 53 182 4 50 128
0 39011 47 17 105 79 94 22 5 195 43 20 30 14 84 21 118 14 132 3 65 3 278 44 98 17 99 11 8 11 70 17 29 35 43 49 131 30 142 165 78 16 54 91 11 53 66 5 74 19 136 89 110 37 129 20 3 21 91 11 59 14 186 33 295
0 39306 1 78 30 16 106 9 58 46 458 61 108 7 38 109 93 2 106
0 39369 240 7 28 55 43 56 9 91 223 110 11 32 5 57 34
0 39630 183 44 10 48 8 130 49 11 20 94 61 101 123
0 39718 19 55 376 19 23 29 12 121 213
0 39722 461 34 233 36 84 56 156 52 27 43 17 182 109 40 213 99 6 26 162
0 39906 257 26 182 38 38 107 19 3 48 24 124
0 39931 127 5 97 1 6 111 57 158 39 125 66 47 88 25 25 50 17 132 5 86 18 303 10 69 48 13 10 103 12 40 160 25 153 71 1 53 19 23 37 67 11
0 40145 15 63 128 22 107 28 71 60 79 121 13 107 143 89 48 1 94 118 36 72 55 42 43
0 40494 85 48 26 90 27 23 36 8 61 8 165 11 355 50 143 89 197 34 129 24 78 11 2 58 39
0 40507 204 67 6 4 137 84 5 15 169 49 7 2 15
0 40547 38 16 59 33 1 68 143 33 63 9 36 4 222 23 16 3 126 58 178 167 38
0 41098 52 20 161 38 280 36 82
0 41193 153 14 70 32 258 10 61 10 35 20 133 117 101 61 74 66 5 13 17 76 9 1 49 45 152 52 9 76 105 35 192 5 42 5 211 6 1 57 129 19 40 1 225 9 36 21 37 26 570 52 288 96 118 34 74 61 416 25 352 145 116 60 41 14 82 82 109 8 37 27 38 27 58 80 11 129 15 49 121 6 55 36 146 29 103 68 27 19 40 118 57 56 57 58 91 13 474 13 173 150 27
0 41241 28 21 91 3 63 110 254 8 45 73 105 11 21 38 1 10 3 28 203 30 102
0 41297 188 12 286 178 456 10 98 30 70 28 216 51 17 95 67 13 55 123 293 19 110 143 24 21 57 15 79 120 29 83 41 27 80 2 65 66 69 46 464 3 88 28 123
0 41315 278 91 372 2 125 34 66 64 124 16 62 45 30 22 5 202 66 47 170 122 36 57 130 53 32 6 40 88 101 205 22 78 82 182 17 100 13 130 79 21 265 49 483 77 58 85 50 69 100 2 69
0 41516 22 31 33 112 165 81 90 94 81 113 35 156 52 49 439 24 59 7 99 251 72 75 26 113 65 3 141 30 81 5 7 85 347 61 68
0 41517 5 98 231 14 7 20 69 64 122 98 50 71 27 63 515 49 82 101 20 90 35
0 41552 48 42 10 45 33 75 132 13 2 32 3 45 51 14 152 47 62 2 106 52 33 45 261 67 75 108 39 24 10 3 17 17 255 13 1 77 1 199 6 45 12 18 355 92 165 103 84 164 25 45 237 31 63 17 19
0 41623 30 4 43 5 75 8 74 3 210 6 21 7 51 52 157 16 216 26 12 61 17 64 319 1 17 25 63 37 95 49 4 77 74 122 39 38 17 78 155 41 42 53 25 34 192 48 41 19 27 23 8 6 7 73 49 97 139 13 41 13 28 44 42 2 74 49 104 28 151 2 150 137 12 13 151 106 17 2 292 4 144 6 75 28 111 16 47 61 89 16 136 7 73 62 109 34 448 122 186 75 9 39 12 21 44 8 49 12 96 13 122 6 39 6 78 16 118 64 92 32 11 71 97 115 14 22 29 15 127 48 236 42 32 52 102 80 12 13 68 3 143 14 52 19 65 25 229 38 36 47 134 29 36 8 93 1 320 14 45 7 286 6 170 130 535 44 3 68 142 100 12 34 43 63 25 8 4 8 137 62 20 74 16
0 41686 28 77 84 11 53 3 125 218 5 23 100 40 273 40 125 63 18 53 510 46 198 42 158 89 55 36 72 88 451 80 163 26 95 57 78 62 40 7 281 10 25 8 145 17 51 12 44 26 76 3 167 58 142 14 153 63 41 4 104
0 41958 74 18 128 11 61
0 42128 38 30 104
0 42394 254 60 33 59 485 53 65 25 6 27 71 107 151 72 199 17 16 142 10 73 52 56 342 7 51 8 58 11 58 40 52 106 9 17 37 90 72 27 32 10 283 18 99 108 19 40 34 40 2 52 3 31 69 7 171 170 111 34 97 12 173 26 106 101 64 19 460 43 149 270 71 45 29 156 84 51 101 29 94 4 47 1 139 27 158 58 157 187 30 66 70 10 102 26 3 66 60 12 27 8 33 20 33 8 311 13 33 36 182 66 9 44 77 7 19
0 42465 25 21 161 11 143 50 217 36 254 4 4 8 621 120 17 19 7 13 188 82 120 104 215 14 81 107 185 91 2 6 85 116 185 10 40 5 46 61 154 7 44 137 53 237 74 76 289 42 21 2 27
0 42600 107 172 127 112 94 16 35 132 37 69 33 39 206 83 153 9 112 93 6 22 14 14 86 95 119 130 245 52 14 50 94 60 39 82 68 111 8 61 74 149 170 4 94 184 121 15 49 55 12 67 114 10 34 46 93 2 1 23 69 24 101 50 85 54 65 41 25 26 40 35 242
0 42698 179 27 111 61 4 31 156 93 31 37 64 27 58 14 1 14 43 3 79 46 193 8 71 24 6 25 155 127 174 2 432 71 318 3 37 2 153 38 51 81 328 63 10 15 5 50 185 4 385 33 2
0 43186 304 28 241 40 325 163 58 14 38 1 160 23 50 24 84 34 162 13 17
0 43405 41 138 118
0 43437 61 105 107 5 112 110 145 68 201 76 31 59 32 32 246 2 131 39 185 227 117 124 13 1 108 53 89 20 205 47 17 158 9 104 73 37 197
0 43568 25 26 27 5 16 54 79 150 130 13 53 32 7 29 20
0 43931 37 218 128 61 243 9 190 17 5
0 44003 115 88 95 234 82 74 113 7 115 119 4 101 31 18 53 31 95 80 106 13 15 9 33 103 85 69 34 16 138 77 117 35 16 7 59 76 21 25 296 37 247 260 105 7 129 22 183 96 50 19 11 16 170 35 72 54 102 41 19 18 164 16 30 117 40 69 55 74 27 212 428 96 728 17 6 5 100 37 63 29 138 123 3 52 19 9 104 50 101 109 25 21 73 28 99 31 75 5 52 142 184 9 12 13 20 41 275 13 163 11 44 181 135 1 41 101 207 10 483 35 2 95 25 38 64 77 34 11 16 7 34 74 108 6 81 46 89 20 34 37 55 78 333 53 67 79 18 15 133 50 230 60 193 32 147 20 2 33 70 99 20 156 476 89 94 46 28 38 36 19 1 4 44 120 72 73 153 113 4 49 81 80 103 4 5 22 2 17 125 22 175 77 263 29 139 54 235 13 181 153 95 13 113 7 144 41 77 56 323 9 28 14 33 35 86 171 120 46 73 3 1 30 146 114 4 9 84
0 44062 260 1 50 49 183 56 15 112 121 74 319 276 136 32 12 26 120 42 54 88 283 36 147 13 107 79 10 54 118 315 50 65 117 161 35 278 23 29 26 11 15 13 296 104 66 49 50 42 52 49 114 16 15 18 65 67 107
0 44274 1 2 15 19 160 42 28 57 4 11 5 94 87 33 74 21 22 30 5 9 74 75 166 2 193
0 44729 505 31 10 16 103 2 34 98 66 6 227 66 4 158 34 3 119 7 72 36 20 2 159 80 45 12 65 28 116 92 59
0 45154 74 1 99 115 65 57 44 70 38
0 45714 57 32 90 37 207 72 125 5 5 4 187 22 9 10 39 24 19 42 41 101 2 13 77 42 53 2 125 94 34 74 9 57 260 38 12 22 38 31 8 21 75 118 57 30 392 13 13 94 132 25 19 85 75 15 160 44 44
0 45889 93 10 23 89 68 10 58 16 172 27 69 10 168 98 125 33 23 3 32 79 28 9 203 50 14 13 16 7 24 3 46 24 22 17 144 5 8 21 11 58 61 1 7 28 20 136 10 89 71 39 78 75 32 72 16 3 164 17 303 30 124
0 45909 355 195 44 19 10 20 22 45 24 2 62 5 128 2 61 9 46 51 31 114 91 28 100 55 87 221 101 14 2 3 23 7 44 106 45 125 14 180 75 142 20 123 16 19 18 1 52 119 38 8 3 39 142 47 18 4 102 27 70 15 38 6 156 18 70 22 13 48 63 19 150 12 309 50 9 48 15 8 127 103 179 148 42 97 198 1 167 26 67 5 20 27 27 11 150 12 25 54 11 29 97 15 244 68 120 54 183 48 101 27 31 120 202 78 61 45 354 21 9 32 20 14 6 180 71 61 17 3 12
0 46049 111 99 92 41 141 24 73 64 63 85 100 325 46 13 144
0 46084 27 8 174 43 112 34 295 2 49 8 26 114 148 6 5 25 259 47 49 7 8 4 20
0 46308 74 31 53 125 29 7 83 66 79 59 55 17 40 47 106 45 32 10 20 16 77 45 22 2 129 70 54 32 6 31 200 51 8 26 105 68 3 205 154 50 10 152 33 17 137 37 54 32 121 91 52 96 99 249 31 8 104 42 23 52 338 40 62 87 14 87 1 7 102 126 51 38 287 31 52 81 25 145 5 29 66 103 18 110 20 63 89 23 89 31 94 6 8 18 53 55 25 5 158 11 5
0 46509 7 16 265 66 3
0 46544 54 52 16 226 45 6 71 16 70 95 186 6 11 1 129 114 173 8 114 25 14 8 63 40 88 86 250 30 151 39 312 14 121 145 242 42 119 3 75 82 61 52 75 121 76 86 285 32 89 355 355 34 64 76 75 75 6 25 35 13 173 428 61 22 218
0 46568 62 25 152
0 46569 1 233 102 119 62 111 25 2 303 300 36 50 82 27 103 100 135 81 78 44 40 3 12 19 58 114 10 4 22 93 134 8 14 90 39 87 115 52 84 54 42 36 60 62 62 115 95 51 11 5 309 17 94 31 86 46 31 34 183 59 94 34 2 29 119 39 55 37 3 77 212 106 59 19 194 72 368 193 76 8 12
0 46712 310 75 66 92 327 129 110
0 46717 45 6 241 63 28 112 28 46 51 86 58 22 79 52 740 55 24 112 221 25 16 4 38 113 213
0 47146 23 4 46 101 9 10 572 98 20 1 43 46 37 6 193 71 149 6 68 155 4 32 22 169 42 7 5
0 47158 44 14 227 12 21 3 145 9 118 15 14 42 23 36 8 54 49 47 104 4 92 11 30 32 42 94 59 5 216 29 116 25 112 14 210 15 65
0 47233 30 79 2 39 67 34 227 45 161 11 113 37 138
0 47260 455 191 8 42 34 27 211 30 15 9 35 110 111 42 15 244 43 43 2 176 66 1 149 123 16
0 47303 8 139 107 119 6 8 113 11 48 105 51 289 30 62 279 82 177 22 5 76 11 8 45 18 388 10 84 14 12 110 275 24 1 33 164
0 47837 20 66 39 35 47 39 139 26 10 30 47 92 25 23 14 31 244 1 2 6 13 172 85 53 46 163 2 101 129
0 47925 9 117 83 22 50 22 199 53 47 21 213 26 3 401 29 219 32 27 41 8 163 131 183 37 10 5 47 1 83
0 47959 3 25 83 17 134 6 110 32 192 38 88 27 62 11 34 321 60 6 24 10 161 24 29 10 95 22 29 44 119 255 14 15 31
0 47987 52 10 224 46 26 3 17 120 302 30 78 12 35 20 7 9 22 140 118 4 26 14 308 102 134 8 186 73 130 87 57 6 148 26 434 12 143 46 222 37 14 2 70 23 25 110 20 7 344
0 48014 23 40 187 38 318 79 145 47 470 9 5 11 296 74 42
0 48563 115 143 37 9 88 17 274 3 87 76 14 156 36 188 250 1 55 36 83 7 285 4 195 20 459 143 74 49 145 31 340 56 8 13 151 62 64 56 74 57 54 15 19
0 48803 23 19 58 26 113 23 38 13 134 76 296 19 94 37 114 81 46 32 67 10 22 49 24 11 19 25 57 80 93 19 8 57 155 45 31 12 20
0 49130 58 114 279 42 121 67 22 129 78 58 265 26 59
0 49220 243 31 121 3 31 108 220 62 20 94 142 110 87
0 49324 60 97 26 58 36 27 60 33 8 15 65 8 476 83 114 17 157 64 63 83 67 2 22 104 55 34 28 53 57 42 109 19 2 29 72 3 73 46 279 36 273 72 45 155 86
0 49456 55 157 198 34 90 52 386 8 27 16 4 23 2 229 63 53 27
0 49730 10 71 58 51 40 24 297 4 249 29 65 20 60 88 18 76 91 98 458 25 189 1 7 133 14 8 91 100 80 84 61
0 49851 149 113 40 31 4 125 232 74 187 12 63
0 49923 224 18 110 43 64
0 49951 41 431 2 135 2 35 18 21 189 63 36 24 131 65 133 1 142 99 643 53 68 4 19
0 49977 75 2 102 34 99 100 361 20 46 120 317 48 51
0 50079 201 27 28 22 140 3 84 132 13 86 15 97 13
0 50090 2 5 22 1 4 7 3 34 124 24 63 9 145 23 210 222 100 117 41 4 20
0 50305 121 6 48 113 73 119 67 55 27 6 164 122 104 65 224 103 150 10 74 78 133 6 179
0 50405 39 37 36 26 46
0 50475 3 17 8 44 42 39 31 18 73 42 199 129 184 120 79 144 47 41 25 31 156 187 156 145 85
0 50486 107 79 50 66 320 32 17
0 50538 106 104 11 71 25 42 6 22 53 25 180 64 42 68 28 112 83 202 50 96 7 21 23 338 27 2 19 35 43 120 37 11 62 101 4 26 252 185 9 2 138 6 59 78 101 89 268
0 50691 202 57 108 97 163 54 22 215 2 10 44 119 152 107 28 3 1 4 15 53 7 32 107 63 174 9 67 70 278 48 15 27 44 19 13 11 86 16 96 42 335 48 7
0 50695 183 34 91 16 563
0 50737 69 53 16 83 28 18 168 60 28 20 277 80 23
0 51091 16 45 20 47 6 29 53 23 225 3 53 53 650 18 98 66 289 45 55 14 88 9 46 42 20 16 142
0 51127 83 41 172 24 13 33 33 50 46 24 66 4 218 82 235 233 204 1 6 20 130 39 46 17 6 206 138 1 52 32 13
0 51232 128 16 15 24 180 30 40 58 30 47 38 73 78 144 63 42 18 22 49 9 99 86 136 76 8 13 178 69 41 151 169 99 84 136 72 23 94 120 11 11 1 66 139 6 2
0 51247 132 86 295 128 223 20 5 46 98 17 89
0 51261 28 71 78
0 51414 162 138 314 4 281 5 131 23 98 5 111
0 51673 14 60 104 35 21 2 114 18 97 40 97 23 355 14 6
0 51681 109 75 38 133 34 130 2 7 71 48 15 119 277 34 102 41 20 38 46 66 16 72 76 29 118 29 47 22 74 90 60 38 64 44 189 6 40 6 167 42 149 58 126 14 167 29 6 25 583 13 15 40 6 44 63 24 15 39 46 150 103 15 37 66 178 10 61 29 138 67 62
0 51864 52 10 45 37 299 141 36 2 21 39 56 84 26
0 52050 261
0 52533 87 53 39 58 119 30 14 77 120 1 62 2 8 36 7 60 213 75 37 16 57 27 124 31 96 115 29 83 341 18 14 74 27 17 44
0 52718 346 75 38 19 143 119 29 106 187 13 20 3 23 26 231 37 296 16 39 57 129 20 24 53 24 67 169 39 61 9 101 39 81 54 167 16 44 34 84 126 55 70 112 17 392
0 52896 27 93 16
0 53034 43 5 36 7 13 174 17 29 11 33 63 107 116 15 5 26 152 27 38 38 238 6 25 3 158 50 140 69 102 15 848 12 60 24 35
0 53428 55 78 18 11 130 141 13 16 324 69 238 67 270 15 71 3 232 93 219 162 173 1 94 26 37 87 134 43 71 10 58 20 60 91 46 262 246 147 28 111 45 84 9 186 204 17 93
0 53623 178 59 206
0 53628 178 11 13 2 152 46 531 37 596 13 11 114 94 58 203 34 13 33 115 77 37 130 51 33 43 18 17 16 41 52 39 4 27 64 31 36 44 31 55 57 44 42 36
0 53632 6 57 222 121 7 39 81 21 74 2 34 3 2 2 155 30 5 67 43 2 42 109 215 18 13 42 10 42 38 15 12 16 99 27 23 93 188 122 37
0 53691 265 2 9 54 13 51 69 51 50 57 110 12 204 62 220 84 171 125 25 59 14 3 111 108 4 114 16 41 52 74 140 102 47 60 62 9 132 117 9 13 259 11 343
0 53716 133 70 75 82 258 9 134 260 12 70 189 58 161 17 381 60 102 9 30 40 189 40 87 144 9 38 67 39 58 27 42 22 78 137 124 17 87 19 2 162 17
0 54004 5 16 51 89 37 19 92 2 84 147 16 1 155 83 104 134 90 58 145 17 97 21 40 15 35 29 237 56 99 7 2 45 11 46 10 76 83 89 12 15 134 80 141 55 183 131 198 1 56 31 247 161 151 4 30
0 54115 137 98 100 69 36 22 51 4 145 21 160 93 15 83 206 4 37 7 44 1 132 34 85 31 49 183 38 51 136 25 217 217 38 28 19 8 100 18 162 48 35
0 54305 7 32 254 20 3 33 352 1 89 35 34 37 61 11 96 37 103 2 174 18 222 53 11 53 234 28 52 18 38 31 195 4 53 7 4 24 91
0 54326 104 40 33 19 121 12 5 56 337 62 13 37 59 76 35 82 69 76 24 12 51 20 126 16 11 19 54 47 28 34 433 63 60
0 54648 260 7 29 8 351
0 54714 127 97 201 138 65 16 73 100 263 37 273 24 53 9 22 60 185
0 55098 125 14 131 11 61 12 20 20 5 28 60 28 5 35 83 57 1 156 124 23 76 18 135 43 298 53 138 22 66 48 318 88 35 61 165 96 251
0 55155 4 13 133 34 19 83 99 89 35 127 17 60 34 44 62 52 96 70 79 65 6 16 38 148 93 19 70 16 69 10 26 46 16 13 5 34 25 5 92
0 55223 508 35 44 12 118 133 34 3 51 45 275 20 48 106 82 15 22 4 51 27 156 157 51 85 10 3 141 99 211 22 77 4 44
0 55432 224 4 117
0 55688 49 24 50 2 6 85 163
0 55718 184 155 69 5 145 33 244 42 384 41 65 3 83 15 79 42 72 41 75
0 55858 120 24 33 37 63 36 308 53 168 15 13 22 457 114 17
0 55989 113 27 95 33 33 185 35 6 100 38 744 152 57 155 11 116 68 11 173 24 42 112 108 5 155 35 48 96 213 6 138 13 100 240 100 2 26
0 56206 17 94 96 75 150 6 13 449 38 14 58 63 202 28 173 81 489
0 56377 68 33 375 61 233 71 139 6 17 35 30 42 68 267 95 3 114 149 61 168 140
0 56435 83 147 30 19 8 160 72
0 56518 145 142 44 6 50 63 209 4 74 220 116 35 89 38 134 45 4
0 56576 28 73 323 51 66
0 56707 151 85 50 15 164 56 160 11 63 116 26 21 48 1 53 91 292 62 48 6 16
0 56920 87 14 70 5 219 2 334 76 11 53 185 29 115 223 81
0 56943 253 33 362 25 8 35 8 9 72 254 23 168 177 3 142 27 54 41 39 2 39 20 5 350 190 35 65 54 62 53 150 112 98 36 149 16 51 23 264 65 11 44 81 71 14 17 72 110 6 8 126 26 103 26 8 25 138 177 18 8 28 37 241 20 18 72 97 15 155 65 47 2 14 31 44 36 16 13 321 10 157 87 99
0 57365 129 7 69 63 128 103 28 32 59 120 182 28 16 108 10 26 50 82 100
0 57368 89 60 74 37 98 9 69 11 15 67 152 217 11 8 287
0 57444 53 16 64 43 50 36 3 5 198
0 57520 350 80 292 106 14 54 50 30 306 61 32 17 333 84 50 73 326 31 77 6 283 1 195 55 55 80 185 73 252 159 4 88 67 17 74 2 157 11 97 15 366 164 122 12 92 35 272 30 57 100 162 4 37 224 196 51 59 14 83 36 76 31 35 130 109 34 125 11 134 29 32 89 15 5 50 10 128 17 8 31 248 18 191 51 47 173 306 17 9 5 17 15 5 53 36 26 81 65 169 23 525 1 42 47 57 9 115 38 180 171 135
0 57698 107 26 188 80 55 61 182 32 199 20 13 19 228 24 2 15 241 68 158 21 49 66 111 74 28 60 36 10 121 11 26 21 76 99 17
0 57732 108 7 311 46 19 118 439 52 151 27 68 20 24 216 41 34 67 11 94 132 85 79 189 5 33 17 50 11 99 62 30 18 129 2 164 20 73 127 140 70 11 11 47 68 24 7 133 49 30 2 153 115 441 40 30 51 2 29 39 71 117 102 54 91 134 25 25 92 86 213 202 5 333 15 67 80 115 54 3 40 5 57 110 99 252 35 125 36 41 3 107 68 56 114 44 20 43 98 87 81 180 70 270 18 227
0 57765 77 31 17 15 206 10 37 36 123 51 52 23 47
0 58265 65 63 117 159 8 7 10
0 58642 302 10 29 130 224 38 254 11 33 33 59
0 58823 66 16 9 123 390
0 58883 105 60 74 2 33 6 45 93 34 75 12 60 110 15 116 32 84 221 26 18 134 14 263
0 58981 203 57 74 12 190 35 12 134 249 59 136 19 121 2 136 31 5 21 141
0 59007 66 21 133 45 88 37 39 29 29 31 15 179 35 30 66 201 96 13 114 28 84 18 56 51 31 18 20 16 41 47 60 17 88 16 47 63 3 24 140 303 10 128 60
0 59183 45 122 295 8 13 9 60
0 59206 110 22 116
0 59277 99 13 205 70 57 1 368 4 1 5 54 125 25 22 11 60 136 54 26 27 54
0 59336 90
0 59601 17 37 197 38 248
0 59691 40 5 236 16 102
0 59757 153 106 7 150 25 29 10 34 68 81 46 17 107 85 174
0 59780 81 41 12 20 6 21 104 95 3 50 24 102 31 12 25 57 63 52 86 52 264 30 289 19 63 40 7 19 223 68 24 20 38 6 107
0 59847 38 37 79 56 3 3 113 108 122 189 85 25 121 62 95 27 400 2 32 100 52 78 48 78 24 2 197 20 79 14 103 19 20 15 456 137 50 8 89 16 114 19 146 39 83 18 254 47 205 11 156 33 534 18 73 137 80 13 76 117 25
0 59879 156 17 333 61 32 12 15 23 137 79 91 25 21 7 57 32 117 236 28 8 120 62 322 34 82 51 84 13 102 5 279 166 23 29 59 104 125
0 59944 28 14 7 28 6 23 261 54 347 152 70
0 59968 121 24 78 224 194 42 25 72 215 90 40 10 22 46 44 14 208 5 161 94 82
0 60064 149 28 58 46 226 51 116 5 25 47 95 24 92 28 85 48 240 29 46 29 182 48 218 72 17 14 7 34 36 1 209 37 17
0 60214 156 56 6 2 128 36 197 34 159 4 270 8 128 58 67 29 5 9 169 72 219 168 97 42 330 48 12 35 161 73 41 77 151 7 251 44 49 30 222 22 134 94 4 29 55 115 193 45 36 1 7 33 10 46 2
0 60223 39 58 29 38 187 10 75 31 20 1 67 46 56 196 322 60 150 39 253 13 272 27 47 14 179 20 169 7 56 41 158 147 48 9 86 70 22 72 17 56 153
0 60570 136 85 54 95 191 10 199 19 24 79 157 65 67 56 27 3 103 22 148 35 58 15 9 61 47 21 62 10 7 9 66 1 117 9 220 157 71 3 111 53 23 25 45 58 24 35 39 7 332 11 18 134 64 24 322 108 68 142 114 8 16 10 83 26 115 58 13 33 124 49 165 77 25 4 51 19 46 80 75 9 5 15 238 30 285 60 35 136 356 36 22 56 115 6 26 51 63 198 143 1 21 5 66 145 17 31 85
0 60596 44 112 14 68 19 124 272 60 101 92 1 14 30 65 141 15 83 20 11 51 4 39 206 34 89 56 120 65 51 49 23 72 45 45 184 20 7 4 41 92 21 13 91 20 34 78 44 6 103 50 9 19 52 51 151 26 81
0 60606 104 22 42 43 33 66 13 9 25 89 154 21 29 17 111 97 26 1 136 9 29 30 29 6 359 70 44 56 90 7 128 136 9 99 140 27 376 54 173 26 383 81 121 28 47 33 12 4 63 83 15
0 60873 130 12 76 46 73 176 187 40 320 67 123 20 49 43 89 69 59 48 19 46 79 76 5 15 153 29 68 95 337 18 65 57 192
0 60942 4 137 251 20 116 13 22 11 135 18 270
0 61208 85 145 22 171 1 37 22 84 180 4 34 45 162 7 206 10 1 10 51 53 28 9 67 82 191 3 153 156 26 18 53 75 3 4 92 49 175 33 10 24 30 68 210 44 12 12 89 22 95 81 64 10 17 78 219
0 61220 195 81 35 41 121 3 113 102 69 24 149 217 8 11 63 19 88 29 1 84 17 112 26 4 319 7 189 48 3 30 18 8 202 11 62 13 21 7 98
0 61435 8 39 99
0 61523 174 70 47 54 9 106 12 108 50 51 18 26 154 68 30 71 333 24 73 29 67 71 74 6 59
0 61596 140 28 18 19 141 63 1 6 165 11 69 58 5 112 123 68 311 47 8
0 61799 58 24 8 50 263 47 14 11 105 20 12 13 15 50 41 72 55 36 164
0 61827 64 138 6 17 22 14 45 19 5 98 69 3 87 42 336 17 99 19 36 56 120 27 67 38 34 3 167 3 48 39 82 95 239 74 178 176 30 181 129 27 131 85 55 19 1 138 40 57 218 61 22 20 37 11 61 93 68 17 23 45 31 68 18 118 13 34 202 99 25 145 71 19 149 154 90 167 27 35 23 92 130 173 310 38 104 82 248 17 147 39 114 8 72 71 67 115 153 46 137
0 62075 247 50 231 55 82
0 62143 119 43 195 15 3 73 102 16 31 16 136 56 21 40 20
0 62253 101 56 92 24 273 177 52 42 151 74 64 12 24 15 16 11 60 60 95
0 62649 24 96 46 70 43 39 270 295 174 69 50 10 165 39 163 177 3 1 78 10 1 86 22 62 4 7 88 38 263 34 149 148 132 19 96 20 52 18 24 40 18 70 173
0 62835 185 24 49 53 96 17 40 47 101
0 62862 17 29 246 68 66 20 185 54 154 11 24 133 164 83 37 7 108 123 24 17 296
0 63203 239 29 13 167 24 8 13 10 57 18 3
0 63248 15 38 288 12 18 31 23 48 210 5 290 28 60 1 6 8 12 39 17 25 95 55 246 91 156
0 63249 132 17 23 84 48 125 2 82 24 76 160 4 4 91 39 118 108 19 209 46 11 20 227 36 14 5 5 14 246 237 265 13 79 10 86 43 126 73 179 59 37 106 512 42 18 36 13 101 94 141 64 62 26 4 266 110 62
0 63291 162 60 24 23 68 70 106 16 57 49 54 6 58 71 59 63 125 19 34 1 71 100 53 8 388 90 13 48 218 44 18 21 55 5 6 53 11 3 101 14 208 93 82 15 149 30 214
0 63329 38 20 26 101 44 139 18 9 41 133 106 13 102 4 81 19 3 50 123
0 63441 15 2 166 33 28 24 168 6 327 72 479 5 6 48 278 6 201 37 151 17 7
0 63508 3
0 63656 150 2 9 144 228 52 48 42 40 6 72 1 211 60 442 61 334 16 181 1 75 16 241 134 426 56 2 66 66 1 16 25 17 8 64 58 64 20 23 29 124
0 63713 2 38 25 14 88 11 36 141 96 22 47
0 63737 137 32 26 3 95 35 78 47 3 195 192 72 46 20 96 10 115 3 104 80 196 43 98 129 14 45 152 103 51 94 34 31 21
0 63800 104 3 23 15 12 53 15 47 54 17 262 66 5 133 13 149 120
0 64050 108
0 64094 5 22 45 37 154 45 71 14 10 74 25 227 218 69 11 55 143 1 51 10 168 92 172 96 163 76 136 2 85 47 118 98 148 141 10
0 64648 25 18 71 11 56 21 76 230 295 69 3
0 64669 47 16 21 79 5 43 81 56 77 86 160 124 58 7 10 7 3
0 64693 14 34 61
0 64917 60 70 59 72 6
0 64956 172 37 26 10 97 25 22 49 41
0 65055 114 124 351 28 135 118 157 35 70 25 250 65 111 5 28 9 141 124 287 57 22
0 65136 112 36 51 18 40
0 65805 19 96 204 67 18 163 51 17 121 104 65 7 51 82 30 204 21 23 40 217 93 37 178 123 20 115 40 24 283 84 54 5 16 18 260 34 18 35 50 99 1 11 139 74 129 117 4 11 43 183 6 66 8 32 3 40 163 95 52 19 42 71 16 9 150 62 3 60 12 33 117 102 48 10 75 46 424 5 83 46 60 77 14 48 10 2 16 7 188 22 73 9 149 79 35 202 64
0 66154 446 7 48 8 45 60 95 2 55 5 116 40 64 11 18 8 102 12 389 24 154 15 84 3 181 30 85 110 425 6 255 5 1 36 23 139 111 1 552 20 88 35 203 120 6 86 136 25 51 5 5 25 29 33 150 134 58 26 76 4 219
0 66189 36 46 26 22 52 7 166 23 26 15 46 44 8 16 245 20 68 22 19 94 14 58 258 18 143 41 108 119 58 47 72 16 26 15 96 63 263 1 74 24 119
0 66368 111 38 162 34 2 10 59 30 9 194 162 35 135 11 221 50 442 83 49 103 19 28 151 22 266 13 156 16 122 15 168 176 29 48 42 16 127 22 175 46 430 6 20 38 67 43 17 77 98 4 28 205 3 39 27
0 66370 150 41 199 49 166 53 209 20 84 6 35 63 75 226 39 3 4 93 197 26 202 9 80 212 48 41 58 78 144 5 300 7 109 67 5 95 104
0 66438 137 89 103
0 66586 31 2 252 119 91 7 32 89 141 10 63 43 91 1 19 17 75 60 16 63 61 4 2 54 121 51 252 14 90 82 141 42 11 11 20
0 66993 131 4 170 3 98 46 65 142 138 57 70 32 262 3 145 34 171 9 26 4 32 6 198 44 10 17 80 44 126
0 67562 276 4 323 43 41 90 22 104 252 64 55 9 102 8 51 27 43
0 67570 28 79 68 19 99 7 10 5 20
0 67879 193 27 171 114 24 14 185 15 88 86 70 24 80 33 273 21 38 67 89 11 125 70 188 37 198 23 60 22 196
0 67881 30 14 127 218 7 191 155 50 140 22 24 40 87 85 22 88 92 4 202 69 40 7 33
0 68121 22 101 23 20 26 22 49 23 91 27 17 54 403 22 252 18 122 5 60
0 68339 217 18 150 2 34 40 7 156 15 35 143 33 34 17 106 2 58 9 47 30 8 58 44 22 98 79 148 12 12 7 7 11 71 3 53 130 48
0 68368 84 5 62 79 45 66 200 69 238 21 246 13 7 7 26 166 136
0 68375 14 45 39 5 88 81 18 183 241 13 37 10 65 16 17 16 68 217 23 63 70 8 27 1 249 5 122 42 34
0 68526 42 66 552 11 318 53 19 9 176 317 282 1 10 77 183 63 108 9 38 57 126 22 104 7 48 4 46 123 129 11 72 35 92 254 41 88 13 18 273 19 24 24 85
0 68532 13 14 228 55 74 49 76 60 75 23 28 42 117 6 29 20 461 42 3 54 28 139 72 46 92 12 55 69 111
0 68856 5 10 99 9 46 74 35 8 59 46 155 64 17
0 68875 33 12 306 2 146 8 168 36 59 16 37
0 68901 86 45 77 11 450 3 102 7 323 73 201
