0 0 163 115 42 84 73 13 53 42 69 10 12 91 117 71 388 59 160 175 42 40 22 4 33 8 240 29 9 12 131 14 71 20 70 1 398 153 70 47 15 73 32 55 8 242 120 53 88 15 25 2 52 38 318 3 126 29 37 9 86 16 155
0 167 192 46 7 127 133 112 51 39 107 155 78 262 224 111 143 130 132 93 114
0 328 258 27 59 124 407 10 73 21 5 10 116 27 147 25 198 7 70 34 19 73 124 55 21 8 22
0 389 191 23 53 1 117 1 17 48 192 32 324 69 96 73 37 4 17 17 26 39 10 144 43 12 76 16 84 81 14 40 54 160 21 68 78 23 84 51 44 110 68 4 41 47 82 29 14 4 49 28 8 4 83 5 92 18 267 26 47 15 63 29 1 60 49 77 117 97 56 20 317 33 151 33 74 33 48 33 3 72 287 15 45 34 60 85 1 71 53 63 353 90 123 55 82 23 98 224 73 62 187 38 161 20 57 64 58 40 241 8 1 21 151
0 428 114 6 322 40 173 1 109 31 101 14 62 59 17 21 90 62 282 21 153 97 105 12 25 16 179 55 106
0 588 163 55 121 23 252 41 179 22 175 71 151 58 69 57 125 17 20 113 23 44 14 1 148 55 53 12 23 33 13
0 695 3 209 140 2 68 10 41 66 109 47 13 57 44 26 53 89 273 15 184 60 18 6 15 50 85 65 50 43 29 18 203 89 39 59 108 15 174 11 51 17 108 61 26
0 696 6 67 97 32 95 90 44 23 15 183 311 84 24 76 8 20 95 1 127 13 32 17 20 72 135 15 177 11 23 134 53 106 108 75 128 84 216 82 169 4 71 17 541 41 88 97 43 18 194 124 117 81 281 55 44 28 90 1 51 58 43 59 62 16 123 215 153 9 43 39 54 35 126 7 26 29 151 148 143
0 829 4 45 44 87 65 35 1 31 205 22 413 11 11 8 236 30 116 58 196 5 29 58 119 31 73 7 85 60 203
0 931 107 2 269 26 41 57 15 22 7 92 34 37 70 55 132 46 77 97 381 61 67 25 6 16 200 12 22
0 975 155 69 164 2 121 34 4 70 67 25 152 46 128 9 95 123 143 4 16 1 20 46 27 142 128 116 34 2 199 11 4 55 48 29 4 87 20 5 63 5 81 8 24 15 41 61 17 23 280 16 67 29 40 82 70 91 110 62 85
0 1036 125 21 390 11 189 4 119 19 134 81 17 29 48 31 18 245 3 27 117 28 86 5 50 35 53 175 143 90 92 6 80 20 216 42 188 18 145 49 39 23 238 8 254 16 162 94 69 15 81 14 95 94 96 50 14 13 23 60 337
0 1048 134 89 24 29 160 42 18 67 3 15 200 8 204 7 131 58 3 97 178 7 36 92 35 73 179 37 47 58 144 6 77 157 23 36 17 136 158 22 160 51 25 162 200 102 22 4 25 202 8 107 256 27 193 33 77 95 114 13 67 244 328 12 439 57 31 60 62 20 125 107 12 31 7 11 33 35 351 77 39 62 173 8 92
0 1153 131 40 4 77 20 17 14 66 194 26 131 13 120 10 112 8 9 44 45 92 61 43 136 70 38 34 73 32 31 43 11 22 133 15 6
0 1192 64 26 38
0 1399 52 49 34 123 23 18 15 6 348 2 260 60 20 6 42 278 90 25 33 10 560 24 157 45 84 37 10 73 15 13 20 117 157 10 22 1 78 43 151 10 267 21 58 13 11 7 3 8 133
0 1451 84 9 5 65 109 108 100 41 23
0 1749 60 141 1 2 191 94 30 14 190 11 118 164 175 75 89 18 9 55 134 10 40 13 2 10 82 23 200 37 242 54 33 41 100 63 109 10 52 29 97
0 1756 19 42 17 34 119 93 74 10 66 227 132 32 114 28 7 28 5 5 117 48 111 14 95
0 1926 103 13 328 18 95 28 292 47 1 133 24 151 144 29 57
0 1989 46 12 65 83 182 60 92 18 306 16 57 111 194 7 317 2 35 5 84 11 14 22 86 12 17 12 37 72 275 25 48 12 110 8 54 40 11 30 110
0 2104 156 7 278
0 2685 113 28 33 43 40 85 157 68 17 84 148
0 2881 201 1 361 91 249 57 132 2 96 72 5 9 103 34 175 29 83 82 2 37 39 17 52
0 2918 4 6 4 4 45 8 7 2 174 157 69
0 3021 82 16 69 11 10 1 35 23 67 21 219 98 25 40 272 21 4 19 51
0 3636 53 3 222 79 311
0 4042 65 15 188 5 91 44 36 45 95 12 84 3 30 9 116 27 10 18 17 25 232 10 252 12 117 7 22 71 332 211 144 140 228 47 15 25 233 1 17 40 48 3 4 1 20 103 40 89 108 4 141 29 16
0 4119 85 117 5 12 5 74 13 24 28 133 7
0 4277 62 75 195 196 108 49 24 47 39 45 420 83 101 37 278 6 96 27 35 8 56 56 302 4 49 21 77 6 291 102 31 240 38 151 148 14 6 45 127 73 55 27 10 37 294 32 1 15 17 137 222 152 25 4 226 7 202 46 83 168 89 146 132 16 300 30 304 27 119 10 123 128 209 27 5 3 55 229 51 1 5 31 97 47 114 191 83 37 26
0 4654 444 48 10 14 19 125 30 41 5 51 64 38 12 111 411 9 9 73 124 108 242 84 54 37 2 10 19 24 221 67 385 19 204 209 53 35 68 61 227 31 280 36 209 58 52 132 41 92 183 76 51 5 61 12 98 2 51 97 15 55 109 32 65 1 223 13 4 62 168 99 21 10 32 31 242 147 76 27 34 7 30 94 147 9 135 27 13 2 70 48 259 2 192 10 39 29 27 169 4 19 31 25 21 170 463 14 23 90 171 51 42 17 50 48 86 108 60 52 35
0 4674 58 19 173
0 4720 117 163 75 111 113
0 4870 42 29 34 28 113 69 29
0 5470 283 87 15 1 246 73 8 80 23 76 181 123 14 188 316
0 5554 5 53 130 77 152 64 134 27 44
0 5613 56 28 13 22 2 62 14
0 5855 98 23 72 13 417 221 2 218 6 22 285 71 73 80 105 36 23 119 105 21 11 4 40
0 5865 24 89 156 77 301 13 500 16 5 26 179 20 285 7 8 39 53 164 16 9 151 94 29 44 511 46 2 16 226 50 201 85 21 55 156 34 76 24 7 37 140 39 158 66 85 20 39 24 69 6 73 39 87 25 171
0 5917 20 12 200 49 43 97 227 30 54 10 162 96 81 63 57 19 31 30 224 1 267 80 163
0 6657 101 7 17 18 292 166 321 134 697 64 65 28 21 2 104 28 25 32 201 15 43 74 12 7 40
0 6800 32 21 42
0 6936 149 39 70 135 274
0 7069 65 47 58 3 86 37 108 17 65 11 58 58 36 121 141 115 14 3 278 15 124 26 16 7 2 53 26 156 75 49 32 2 204 17 76 45 53 55 33 50 143 17 84 1 85 133 5
0 7121 41 10 154 151 31 38 296 43 83 12 135 4 83 56 73 15 94 79 129 93 251 12 220 3 2 44 153 154 194 200 322 23 64 56 145 41 40 74 12 6 175 12 155 27 68 33 295
0 7519 294 13 148 34 56 42 15 57 33 11 86 50 6 12 166 86 58 34 126 82 15 70 72 29 325 76 84 1 76 37 63 6 81 12 318 19 181 8 75 10 343 68 30 36 103 39 10 62 92 12 37 46 25 27 103
0 7754 62 22 82 72 79 4 62 7 57 12 2 47 291 23 6 12 160 15 14 2 131 9 79 55 95 9 54 30 3 16 141 30 22 12 79 20 75 16 6 39 369 70 27 109 44 52 155 61 22 13 170 44 48 10 15 2 99 46 18 130 27 29 37 11 150 18 200 156 77 58 13 55 8 141 7 64 14 51 41 45 20 28 23 19 49 43 39 77 42 12 86 28 190 3 323 6 63 94 84 44 135 5 165 17 29 6 196 12 11 42 227 83 92 11 472 36 112 15 166 54 34 99 12 68 121 55 165 57 38 69 161 9 36 55 18 9 109
0 7790 292 5 83 232 198 23 112 4 180 8 12 18 42 127 6 5 22 47 77 96 107 61 50 334 172 27 118 21 81 69 2 14 121 236 196 64 136 2 163 78 67 107 151 74 1 24 48 2 62 55 327 29 10 11 156 22 24 56 54 6 129
0 7810 6 19 28 12 38
0 8137 68 45 121 50 99 12 3
0 8195 41 46 160 89 214 58 67 107 69 6 102 9 84 130 68 39 86 108 55 43 277 135 329
0 8427 71 34 4 19 5
0 8481 21 22 67 29 58 24 195 9 57 15 120 59 10 35 55 1 68 12 21 6 122 84 88 14 102 57 217 94 121 12 89 165 94 62 178 39 55 8 93 35 143 39 14 117 97 16 83 137 77 25 50 15 404 19 585 41 114 258 155 10 27 59 4 59 249
0 8724 114 51 11 116 28 6 31 29 99 4 23 62 14 1 205 36 34 139 418 20 19 18 130 9 49 46 63 37 50 20 51 76 144 3 190 95 88 82 177 173 155 6 35 114 95 36 71 16 281
0 9008 128 331 78 23 111 18 20 20 161 40 180 19 38 90 117
0 9236 13
0 9357 131 75 14 58 134 103 339 2 80 22 64 6 175 38 23 43 111 72 17 7 73 32 45 87 19 10 179 6 166 62 29 81 62 4 58 5 8 12 221 62 81 16 118 4 58 76 13 35 51 24 195 20 258 90 15 5 86 46 51 43 103 44 8 21 557 7 151 27 166 24 210 19 22 32 122 28 58 37 154 11 55 32 47 72 210 36 37 196 148
0 9501 17
0 9667 88 130 184 33 5 52 8 42 47 12 126 30 66 48 355 66 13 23 48 25 48 50 10 37 202 35 147 16 314 29 10 11 292 13 1 8 27 2 77 35 114
0 9823 47 16 87 113 43 44 47 140 337 16 154 49 48 70 28 24 16 17 124 86 76 33 204 5 26 62 51 5 192 13 57 119 33 116 128 29 23 32 62 203 36 35 27 49 91 14 23 33 142 16 4 160 34 6 173 53 161 54 210 49 251 2 159 13 65 19 9 8 33 34 26 6 132 9 252 20 65
0 10128 83 3 7 41 845 54 4 1 130 3 181 67 30 36 78 49 156 16 41 84 3 7 94 25 32 6 227 66 31 7 202 32 67 53 22
0 10147 2 65 19 68 92
0 10265 99 7 85 93 15 92 142 104 6 51 8 68 203 17 276 72 182 75 25 42 70 121 151 256 125 72 8 167 81
0 10459 82 38 38 45 39 18 77 46 482 75 467
0 10535 173 101 68 93 349 16 9 79 79 13 202 10 26 25 192 21 157 49 142 23 149 28 27 74 27 13 100 98 34 102 174 17 13 13 43 18 17 98 315 184 130 45 19 30 21 110 56 8 63 50 192 77 43 27 4 126 56 189 24 44 48 135 38
0 10634 129 60 343 56 33 12 48 9 60 135 17 39 33 58 307 75 77 12 442 63 7 34 306 89 10 17 54 1 79 30 18 24 29 17 62 6 316 13 31 118 123 8 265 8 70 13 28 13 138 9 238 35 45 14 20 448 22 61 110 139 130 100 243 10 295 60 116 4 93 82 119 22 9 102 177 53 66 92 119 135 104 68 205
0 10662 108 128 66 63 133 144 121 26 18 8 100 12 5 49 24
0 10917 90 51 101 2 99 37 67 9 176 14 126 20 69 100 14 40 141 33 85 106 91 71 181 70 174 50 323 71 37 28 200 2 2 35 99 15 53 21 128 52 197 39 258 54 183 26 170 11 206 67 13 113 52 136 49 141 295 6 13 57 16 26 66 16 122 14 80 207 51 21 19 71 168 22 42 3 144 13 17 41 149 62 37 5 81 7 58 13 113 15 47 31 51 19 223 86 237 2 58 2 4 16 122 27 213 59 3 114 93 48 6 114 23 141 17 109 176 9 108 93 206 2 20 9 278 93 184 3 52 33 61 5 38 26 50
0 10922 96 8 44 3 410 23 54 19 131 28 81 4 7 30 115 87 173 1 5 19 55 76 31 84 36 59 158 21 183 8 140 98 9 21 45 18 17 154 39 3 2 40 37 97 61 54 30 13 58
0 11135 279 60 16 111 15 29 26 75 22 6 67 3 131 3 47 88 54 3 23 5 263 39 176 43 73 12 84 4 57 19 268 50 124 20 218 87 79 16 59 7 342 137 142 78 10 81 520 9 2 38 93 141 175 14 212 38 33 24 11 11 247 143 165 18 114 123 33 4 64 12 94 3 15
0 11201 93 8 69 4 266 6 74 59 103 15 215 19 214 66 57
0 11210 3 53 71 39 14 18 232 51 184 25 108 76 10 62 48
0 11356 8 130 247 19 48 10 65 64 2 56 286 41 105 3 84 152 71 5 53 82 696 178 108 57 137 18 145 2 200
0 11373 422 18 5 17 16 36 53 38 59 2 95 108 61 78 1 24 468 39 49 41 63 2 186 80 206 18 29
0 11918 44 117 1
0 11934 206 3 145 14 300 11 30 56 47 18 45 2 215 34 681 14 1 96 95 83 165 93 27 47 239 147 14 70 260 41 2 9 388 119 163 128 83 106 150 43 54 152 232 10 214 4 16 11 86 13 77 32 12
0 12172 101 5 405 32 249 23 145 36 152 28 7 37 40 20 14 90 27 27 233 5 5 27 74 113 17 15 145 43 39 15 19 22 129 5 3 39 83 31 70 38 241
0 12301 22 14 2 70 16 9 54 62 36 11 6 80 28 8 60 6 93 44 72 1 32
0 12308 128 42 5 149 309 24 78 4 150 73 41 94 58 13 25 15 1 28 149 88 426 11 499 108 322 98 55 62 195 38 27 31 17 73 56 31 37 141 29 65 3 69 35 18 59 44 41 19 35 26 179 44 13 34 2 77 7 116 14 17 79 1 345 2 135 135 154 3 122 45 9 10 110 20 20 18 103 8 48
0 12882 182 51 157 14 105 177 53 12 234 58 73 3 6 12 128 30 30 71 7
0 12927 87 20 32 77 4 54 145 94 35 107 109 2 50 33 132 7 36 81 92 10 59 7 418
0 12983 4 8 55 23 31 24 168 10 8 6 15 81 111
0 13170 75 20 112 7 20 29 248 93 83 74 70 114 18 1 15 43 61 51 39 125 3 7 125 55 140 33 221 2 45 4 37 108 107 188 199 46 14 68 173 124 18 10 6 11 26 16 55 30 45 7 314 49 294 31 196 48 63 4 122 91 342 11 41 6 36 76 106 154 190 27 34 50 35 25 46 21 17 38 374 43 39 5 129 52 86 15 108 1 197 36 34 7 181 20 137 26 30
0 13226 109 7 56 17 116 10 9 127 38 20 57 43 78 35 63 24 49 33 148 94 3 11 64 34 28 1 53 13 347 127 73 35 49 78 238
0 13400 71 12 13 41 369 31 27 155 58 5 59 103 44 107 128 23 3 68 485 12 72 152 11 25 257 78 8
0 14469 98 2 200 9 27 9 397 33 261 6 126 86 58 6 43 24 110 6 5 2 98 18 237
0 14496 49 1 3 36 10 26 89 58 136 4 19 60 15 15 151 17 99 41 74 87 47 4 131 16 84 41 18 40 262 26 123 24 3 52 32 134 17 15 151 37 33 1 252
0 14576 33 10 105 106 191 99 88 40 62 26 299 79 21 100 273 160 106 68 111 26 69 25 233 106 56 6 11 84 131 50 268 11 2 18 86 14 109 8 125 83 41 16 72 24 113 76 46 60 44 73 186 6 39 31 74 72 35 45 55 84 43 3 267 23 59 23 12 14 5 28 108 11 81 24 165 58 3 36 250 56 11 4 72 122 182 73 10 9 234 12 20 7 4
0 14703 106 103 106 3 135 42 76 25 127 91 70 52 12 51 139 79 199 74 201 39 11
0 15514 38 48 236 34 154 16 32 56 168 137 55 16 69 18 16 22 114 87 174 196 180 34 114
0 15551 22 11 16 59 220 4 95 64 48 74 84 43 9 20 339 125 190 83 12 47 141 4 40 67 3 28 130 45 166 58 11 39 28 173 152
0 15597 54 36 44 12 27 14 30 29 273 18 115 53 45 8 109 12 35 17 283 89 49 42 7 8 52 12 100 12 126 146 104 130 47
0 15786 51 1 66 55 53 26 75 147 36 18 202 20 8 2 50 170 230 7 145 15 194 133 145 35 17 24 112 123 93 50 72 174 9 70 9 60 74 63 80 22 186 11 9 11 66 32 65 3 64 83 211 1 6 4 192 9 70 104 142 19 74 57 243 22 147 13 90 40 47 7 160 21 585 86 204 40 297 115 80 48 3 57 144 35 31 117 54 74 133 4 201 61 20
0 15824 191 7 145 36 23 28 155 134 46 340 12 85 54 13 363 41 409 10 101 116 117 26 127 4 2 24 151 116 10 22 14 200 24 2 6 60 10 5 197 81 67 63 59 39 189 27 30 28 82 104 7 162 29 159 6 11 124 13 37 50 350 22 12 19 5 99 342 4 16 2 104 54 1 264 16 28 59 27 2 19 6 81 255 45 102 29 12 17 116 83 436 39 398 40 100 19 38 1 193 38 288
0 15842 100 42 32 18 90 7 70 19 18 5 3 3 67 29 7 19 75 130 20 6 326 94 11 44 120 345 117 158 16 13 65 49 53 21 51 57 20 11 27 13 63 1 278 72 114 177 129 13 97 132 165 3 60 36 739 26 131 3 1
0 15962 88 4 290 14 80 80 13
0 16098 88 31 31 122 52 59 13 6 19 45 219 21 198 58 47 39 35 70 40 45 24 75 118 31 65 30 11 13 139 151 38 30 38 7 62 1 21 88 60 26 60 76 94 87 110 1 167 82 97 31 68 18 26 4 121 22 36 47 24 13 6 84 155 89 97
0 16156 21 45 225 5 52 50 40 45 22 29 7 54 47 155 108 147 19 33 56 5 30 40 135 59 51 90 103 76 178 1 159 15 138 27 222 36 32 61 178 2 161 14 592 231 105 49 25 3 49 126 16 12 60 72 507 42 25 57 312 80 160 30 124 90 83 4 282
0 16297 175 2 83 7 32 42 117 86 82 30 230 41 37 28 210 26 38 43 288 28 341 23 7 114 125 15 9 21 7 23 92 43 135 14 106 56 30 57 37 33 167 166 168 8 143 40 45 2 435 14 72 5 68 20 67 107 7 18 350 12 85 1 176 11 65 85 14 7 29 23 21 39 37
0 16637 14 38 39 38 15 80 575 13 167 17 23 136 14 5 12 14 66 29 168 21 486 17 22 3 106 41 185 87 53 98 52 228 344 4 161 17 19 3 19 15 33 70 61 60 257 111 415 23 168 17 116 18 173 104 205 78 99 325 456 35 49 27 9 81 156 18 26 16 17 57 82 15 374 1 29 15 400 27 588 103 55 143 74 2 300 82 171 23 54 25 254 8 37 45 22 19 169 7 28 68 279 85 281
0 16671 65 8 28 15 11 3 198 59 17 42 7 27 25 5 2 40 27 119 53 32 50 53 52 3 39 21 169 53 93 91 276 19 135 8 130 118 156 11 144 309 55 200 58 47 149 50 7 5 129 37 15 76 30 35 169 14 60 43 201
0 16718 63 38 28 55 331 57 116 91 15 23 136 13 120 16 15 95 68 337 32 190 501 104 19
0 16850 25 2 26 35 23 21 58 215 9 13 133 42 126 24 68
0 16865 117 25 63 41 245
0 16881 155 21 68 128 164 14 177 32 113 30 5 26 1 64 134 426 52 80 105 106 12 50 79 71 78 36 172 11 25 33 83 107 66 61 220 6 185 10 9 50 29 37 144 62 74 36 86 16 29 6 21 93 1 154 23 63 27 48 43 37 53 51 158 10 6 20 215 57 876 112 32 90 269 17 133 68 63 2 26 57 39 19 38 57 277 2 27 109 109 12 252 57 10 15 208 16 68 19 73 43 2 34 163 96 149 142 13 52 130 1 21 39 63 30 72 26 85 16 40 23 78 46 4 38 172 25 60 83 11 81 99 5 25 87 171 24 36 19 52 43 35 57 112 1 14 19 53 42 112 34 138 30 44 73 47 117 160
0 16937 55 8 13 45 161 52 70 139 17 8 67 12 23 27 42 38 191 4 171 48 39 25 8 13 440 6 20 68 24 11 106 21 75 49 13 16 131 25 393
0 17037 266 84 35 23 7 4 25 29 38 28 179 54 118
0 17048 201 24 183 13 26 59 17 57 64
0 17298 35 63 33 1 111 85 70 3 241 3 91 52 24 142 54 125 23 119 21 18 82 92 84
0 17425 22 18 184 15 233 43 30 33 4 55 27 15 127 13 180 17 92 57 166 36 203 95 53 115 79 2 2 44 86 29 192 137 17 25 187 23 44 140 114 43 43
0 17459 17 2 114 21 56 8 66 66 69 72 143 45 2 10 29 3 72 144 205 3 126 36 4 18 125 7 317 96 32 77 19 26 74 17 85 12 20
0 17476 124 204 22 126 24 49 160 10 83 23 86 128 4 71 202
0 17500 86 24 152 62 48 23 17 73 161 27 198 85 67 12 31 9 81 1 282 100 18 24 23 53 13 53 7 18 141 7 32 20 28
0 17635 28 22 102 88 32 13 95 10 92 164 91 12 158 7 174 66 319 1 74 82 16 30 297 66 58 133 152 53 529
0 17854 23 46 356 43 17 100 87 42 57 89 109 23 230 10 140 62 25 226 47 44 141 55 73 9 8 6 262 37 79 14 93 4 221 33 46 58 10 50 23 93 155 36 14 11 65 22 138 13 34
0 17916 199
0 18208 17 26 2 187 1032 3 144 94 66 10 64 73 23 31 31 11 31 44 134 43 109 44 220 104 302 52 3 32 32 10 75 159 27 3 66 6 53 9 221 27 16
0 18367 48 11 347 76 40 15 52 39 41 116 374 99 403 20 57 10 4 26 83 6 85 18 149 185 62 6 8 21 122 26 24 48 55 76 143 24 341 67 88 101 16 44 31 3 12 74 407 78 7 57 46 83 118 32 177 19 153 47 4 49 29 2 20 92 78 11 2 81 31 26 70 58 48 43 65 37 87 12 94 19 259 100 63 19 691 39 94 54 96 13 11 193 18 117 451 13 84 43 255 26 5 16 32 29 86 12 133 21 89 103 148 54 199 110 151 21 48 25 58 83 95 28 29 6 31 38 185 23 49 40 43 208 59 14 118 26 234 70 60 45 54 132 83 77 279 32 8 48 124 47 102 62 14 36 120 15 54 56 108 12 5 104 119 343 187
0 18449 47 95 33 78 78 112 29 31 39 18 270 133 11 115 48 82 25 1 79 34 76 6 41 153 186 10 67 4 178 1 13 24 80 8 103 24 3 8 72 16 90 59 44 3 74 9 98 22 19 57 72 19 58 19 286 127 96 41 116 50 61 33 23 30 116
0 18691 27 9 69 35 56 78 19 108 153 5 79 23 43 44 53 66 87 62 87 80 170 29 6 48 38 19 30 36 45 34 42 22 1 18 165 61 55 29 19 22 169 31 131 23 73 15 282 37 148 20 48 74 83 24 120 1 100 24 123 46 239 16 239 18 51 8 172 6 82 8 114 7 33 4 5 3 80 34 30 5 1 91 114 14 91 40 9 8 201 48 119 14 43 88 152 8 224 15 298 18 283 36 160 12 336 39 140 41 114 8 109 74 194 160 177 18 559 7 532 6 62 36 2 46 7 51 146
0 18868 105 14 135 63 45
0 19016 199 31 90 13 59 112 9 23 61 19 97 12 181 60 32 12 100 205 4 78 74 13 170 64 260
0 19139 50 38 28 30 306 121 42 40 14 70 139 53 167 81 70 51 7 79 234 138 159 18 72 49 96 26 152 59 97 6 202 7 68 18 7 48 28 2 294 106 4 10 196 36 19 22 61 102 152 1 25 45 17 10 62 16 86 2 16 121 80 94 228 8 111 10 15 30 10 22 118
0 19248 70 35 187 63 182 135 77 16 22 3 541 71 29 69 76 8 13 103 294 55 150 74 199
0 19480 38 71 403 83 57 8 36 38 47 16 47
0 19547 22 94 2 5 2 74 36 55 110 13 85 58 107 5 157 275 137 60 127
0 19722 267 88 61 82 293 6 14 19 50 64 202 4 3 57 222 56 141 114 5 39 520 69 9 164 111 33 246 137 141
0 19796 1 18 48 61 17 64 56 6 32 16 340 48 105
0 20021 123 42 103 34 90 82 188 93 36 83 8 87 15 300 22 22 37 42 210
0 20075 12 62 100 29 33 103 31 21 86 63 59
0 20179 354 86 72 17 111 45 48 21 2 10 23 106 32 112 83 3 40 36 31 19 26 37 24 47 244 151 14 56 109 58 108 21 46 39 48
0 20243 17 51 40 92 62 42 14 19 18 89 6 58 49 36 244 29 109 6 24 43 206 41 38 12 468 88 14 15 14 16 31 39 38 16 222 18 89 59 46 33 85
0 20276 30 9 10 48 27 56 9 45 54 163 217 3 128 12 70 35 205 1 12 33 113 120 31 26 86 12 84 433 235 55 88 69 134 35 127 126 49 70 60 78 88 4 126 25 16 48 135 18 58 186 34 110 23 32 88 58 93 52 41 12 333 21 1 20 76 164 60 63 246 35 15 75 21 2 132 186 59 22 83 25 116 81 81 4 13 9 71 31 89 5 28
0 20573 41 378 209 23 144 67 1
0 21064 24 156 330 1 150 98 31 153 81 108 83 8 13 33 125 209 38 3 162 5 163 28 61 181 193 235 16 78 100 184 70 126 102 1 26 6 18 7 277 16 118 31 25 56 1 46 88 8 21 15 97 10 31
0 21122 15 16 42 4 195 19 30 85 57 21 340 1 10 12 129 50 74 29 395 13 68 60 41 114 142 20 97 85 289 15 24 5 71 38 61 165 30 73 61 40 109 28 64 30 87 5 91 84 127 4 51 3 144 1 124 109 148 27 174 6 14 60 257 229 6
0 21321 208 33 216
0 21421 214 73 51 37 42 90 376 149 26 16 194 80 88 8 133 49 15 10 49 124 14 4 5 62 140 2 112 153 33 46 378 13 167 65 104 107 179 54 3 30 106 176 10 11 16 9 87 1 25 24 89 31 120 70 28 28 94 24 50 39 222 30 135 19 16 12 22 6 9 39 100 91 263 28 3 73 14 36 390 4 65 107 117 211 229 67 111 8 189 1 44 35 89 15 15 46 42 121 55 2 137 188 83 15 122 41 117 25 41 131 233 28 51 7 42 23 36 42 30 17 57 17 51 104 56 13 57 121 120 114 113 32 54 6 139 6 267 40 35 173 86 43 58
0 21582 121 17 169
0 21690 14 32 149 52 372 57 31 3 41 116 99 19 9 6 28 138 273 1 136 53 100 27 175 23 320
0 21809 40 17 3 37 1 20 104 68 118 53 4 2 75 15 24
0 21895 94 56 132 181 65 2 80 20 130 112 95
0 22014 24 51 262 21 48 23 35 82 42 110 38 94 73 16 26 91 174 1 325 23 41 89 375 32 9 26 73 56 36 52 267 49 226 64 9 4 71 51 54
0 22065 258 10 194 73 171 37 144 66 7 36 22 26 31 2 7 54 96 18 146 161 124 15 207 27 308 54 67 6 32 22 63 12 63 30 11 19 318 79 144 79 32
0 22160 24 6 206 6 140 48 105 120 106 90 33 26 126 20 120 94 307 11 59 16 255 2 126
0 22351 83 177 242 106 204 65 15 18 96 26 254 4 4 47 23 81 106 5 14 139 33 44 216 11 28 7 31 51 26 16 135 111 113 15 17 15 29
0 22365 164 19 72 31 63 7 79 90 304 3 1 31 217 56 57 15 231 30 153 12 77 18 69 19 124 15 8 4 24
0 22427 104
0 22480 19 48 107 18 162 12 76 4 110
0 22727 271 70 20 94 53 1 162 45 184
0 22904 207 12 53 167 310 18 13 30 5 95 114 90 15 2 68 21 157 2 62 56 51 34 40 31 81 2 339 28 101 71 116 26 1 49 24 4 131 13 7 33 49
0 22948 276 27 516 48 54 3 279 6 21 3 57 24 89
0 23042 14 7 118 37 125 81 505 21 18 9 25 87 1 23 339 88 179 15 54 22 44 71 21 8 75 50 48 31 315 14 8 21 17 90 77 53 25
0 23184 110 63 26 9 1 104 390 292 44
0 23531 25 27 126 108 38
0 24043 56 189 2 46 247 37 22 7 164
0 24139 222 108 44 28 30 51 25 101 76 13 4 43 223 33 360 33 40 121 181 167 47 57 53 69 26 138 181 10 235 24 104
0 24267 303 40 22
0 24330 22 16 136 6 19 2 86 81 12 181 78 10 93 8 589 40 67 9 32 44 100 1 243 120 215 36 61 71 123 97 9 26 36 44 66 2 52 10 2 5 154 76 144 6 58 68 32
0 24551 76 7 81 69 24 170 3 69 49 41 7 7 42 70 165 102 165 30 57 23 117 43 26 43 195 2 48 87 11 130 61 20 14 69 108 3 70 37 9 6 71 28 30 70 105 30 65 12 161 88 67 10 4 25 59 27 11 117 25 129 336 22 54 67 80 42 137 34 79 3 190 17 222 5 204 15 13 98 84 69 201 21 29 57 37 165 10 82 63 31 13 75 220 14 52 23 69 53 228 22 241 79 79 19 1 18 35 27 276 24 395 26 77 36 279 70 41 183 152 16 37
0 24710 154 110 52 103 197 47 10 102 177 14 97 300 94 14 351 86 113 128 5 10 27 50 17 37 10 161 36 60 3 226 15 49 59 20 322 2 239 60 109 73 165 67 28 9 120 56 217 98 9
0 25003 19 20 79 13 65 2 106 22 23 142 151 43 58 20 6 52 2 15 14 63 1 111 183 53 147 21 2 57 63 18 10
0 25270 210 78 138 142 144 20 94 61 133 126 32
0 25317 169 30 41 144 74 19 65 61 24 77 52 83 216 2 7 180 51 57 57 56 172 11 284 67 57 30 127 28 1 12 25 133 191 34 61 98 109 54 709 28 234 31 99 38 31 8 68 27 53 150 53 50 6
0 25318 38 15 18 13 621 45 129 114 58 92 15 75 59 57 133 1 90 96 78 34 182 15 57 11 42 17 16 24 130 10 344 150 119 38 39 17 54 3 39 20 52 1 45 67 136 30 21 34 13 40 53 14 8 1 74 72 7 54 29 32 14 57 16 181 10 15 32 88 133 63 148 18 17 36 46 16 102 19 66 9 90 1 94 18 232 6 54 59 155 9 234 85 85 61 22 140 13
0 25928 170 49 18 30 136 11 14 31 49 24 259 20 245 89 338 76 66 109 181 264 42 15 15 22 41 212 3 28 310 33 7 4 80 253 230 115 160 142 11 8 22 19 74 17 78 53 43 97 65 19 11 62 26 39 146 63 159 26 51
0 25959 199 28 16 15 1 11 127 13 121 17 75 140 234 15 115 46 254 162 66 38 28
0 26074 71 14 24 33 7 4 7 295 244 8 19 18 320 14 21 45 603
0 26196 240 34 4 136 166 54 188 30 117 30 196 58 25 66 131 12 26 55 171 45 131 95 134 81 550 41 12 15 109 14 78 30 108 165 58 110 27 65 72 33 192 84 3 53 117 89 186 86 104 38 142 117 20 61 42 19 7 10 95 46 11 17 365 3 42 51 74 11 74 125 108 15 185 29 12 55 173 25 115 28 142 4 10 42 181 232 148 69 1
0 26242 16 159 7 92 13 3 11 21 5 5 53 70 17 32 12 3 16 23 17 64 2 28 56 17 43 6 11 11 6 49 239 15 98 14 164 19 69 6 118 97 69 24 102 15 120 9 74 54 128 9 131 11 123 5 2 29 3 41 96
0 26270 122 208 307 149 27 81 76 73 176 6 65 18 28 62 15 80 213 39 31 67 96 53 97 35 136 19 269 27 69
0 26801 37 11 61 41 166 8 93 28 11 61 41 77 17 50 12 67 16 22 101 30 294 26 88 75 35 13 205 19 108 64 119 14 88 29 67 3 79 93 49 46 59 70 181 40 8 28 103 69 394 29 97 9 80 26 194 58 18 52 98 26 179 37 108 23 177 65 153 28 29 4 79 45 205 9 230 1 10
0 26944 71 222 181 48 1 24 461 11 4 97 21 27 123 56 345 12 44 54 18 58 10 7 104 50 48 15 9 21 40 10 184 16 83 39 4 17 222 27 52 60 134 45 8
0 26949 105 32 33 72 160 54 73 46 13 10 52 3 17 99 50 29 50 57 63 30 15 30 29 72 74 37 17 90 4 84 184 25 35 34 17 47 119 15 20 44 136 78 32 97 273 19 192 157 42 137 107 65 12
0 27276 126 27 147 35 79 47 116 160 11 59 98 33 82 19 123 329 275 13 36 107 42 10 44 38 73 88 88 2 32 43 32 15 38 111 53 41 108 197 70 96 24 21 179 47 43 13 29 83 33 92 67 252 244 21 277 90 27 74 25 176 177 52 55 19 18 23 253 4 13 90 88 46 12 7 459 8 53 142 114 19 104 39 132 50 74 44 9 72 65 25 114 70 152 105 51
0 27461 77 72 257 99 220 1 99 26 123 54 133 91 68 53 104 29 151 84 58 51 441
0 28296 215 50 590 32 23 183 186 123 44 28 39 56 332 10 15
0 28306 455 5 25 37 28 13 33 48 116 1 37 35 246 11 41 48 175 35 24 8 139 61 50 65 84 6 32 150 73 16 206 84 315 40 180 41 1 58 7 8 46 32 31 45 100 18 44 95 97 13 77 10 39 7 94 18 81 16 11 27 44 68 62 70 126 71 191 130 37 46 85 55 77 62 86 20 26 17 34 43 17 41 14 10 82 54 11 9 122 12 19 103 126 5 200 14 157 72 44 28 6 6 133 37 49 41 17 5 130 13 25 41 65 10 133 24 170 57 215 8 11 52 112 99 69 46 65 1 112 110 40 76 33 36 106 96 117 9 18 27 77 15 66 52 24 9 50 51 195 4 54 6 156 77 125
0 28925 1 32 105 48 6 137 15 16 599 60 13 9 49 105 67
0 29020 34
0 29127 46 87 1 4 19 88 68 18 145 19 6
0 29237 90 4 115 16 15 51 218 85 202 67 3 21 197 102 53 1 109 2 21 9 15 35 252 120 47 12 39 25 98 105 355 3 21 39 6 27 58 27 14
0 29305 9 285 29 18 64 1 54 47 13 9 24 76 14 54 34 9 105 78 8 36 52 7 114 34 130 42 33
0 29490 411
0 29580 106 15 79 47 148 33 35 32 16 7 138 62 26 17 4 8 2 1 11 13 85
0 29677 17
0 29784 192 176 37 34 84 40 74
0 29814 49 19 84 7 104 93 66 103 187 142 118 39 34 127 23 310 58 12 53 27 4 65 112 79 310 10 8 84 82 2 48 14 61 28 300 30 62 92 69 15 138 4 27 2 11 10 29 22 69 110 126 53 24 70 106 14 269 30 14 121 70 65 135 72 37 11 52 10 41 48 130 1 82 3 39 1 36
0 29969 113 121 1 24 1 18 381 25 178 16 64 93 29 19 93 20 170 54 110 10 24 10 149 61 214 11 39 28 276 85 149 67 120 6 20 24 128 124 533 207 501 2 43 17 90 166 69 20 212 26 53 48 46 4 83 91 91 74 150 16 18 1 125 14 147 30 160 133 59 42 218 63 58 43 72 59 17 83 159 25 48 55 15 7 60 7 97 48 78
0 30118 37 5 13 45 252 47 61 126 94 32 83 6 45 145 38 59 15
0 30146 51 29 79 14 141 13 97 65 472 245 108 58 52 25 97 1 46 53 28 19 44 37 26 26 91 68 52 96 5 15 9 10 226 85 71 9 82 268 3 95 49 6 90 73 30 70 183 7 50 43 26 53 651 99 5 14 23 37 7 13 93 27 10 109 4 48 99 51 129 61 106 74 111 8 9 116 69 10 270 57 359 53 13 36 67 58 15 59 33
0 30159 70 115 335 33 91 27 38 4 13 2 116
0 30606 109 42 103 45 47 35 48 12 23 21 19 48 433 122 163 94 89 46 32 45 250 105 28 31 48 48 113
0 30868 71 85 23 6 74 27 55 8 34 24 25 3 94 18 197 22 91 1 91 29 10 9 38 15 78 29 37 19 87 296 161 17 42 120 12 155 66 20 31 20 146 35 17 47 22 19 8 28 57 2 13
0 31052 24
0 31152 190 137 160 196 330 57 226 96 93 95 103 95 24 41 122 16 9 60 112 75 5 20 548 60 80 38 114 8 642 27 80 125 79 36 117 20 188 2 161 274 209 55 13 123 234 5 132 131 124
0 31163 521 4 76 43 12 35 137 55 579 27 2 17 57 74 12 33 37 33 188 158 19
0 31338 39
0 31490 116 57 235 10 307 271 43 8 15 27 20 39 2 103 48 86 79 154 112 125 60 15 24 27 76 5 5 39 21 132 103 1 358 28 136 1 50 32 210 20 80 42 43 8 70 1 2 19 12 46 62 61 162 66 1
0 31567 6 400 39 13 17 12 14 117 157 31 277 15 5 10 38 110 69 47 138 11 77 15 25 120 156 32 68 3 114 4 16 17 2 85 53 71 110 186 111 23 35 23 45 83 38 9 32 55 48 18 180 8 96 114 69 279 58 6 214 163 61 9 311 22 146 59 27
0 31770 79 28 10
0 31774 5
0 31920 21 61 133 40 30 7 324 33 43 10 40 101 139 39 180 101 88 3 24 25 59 139 36 56 140 109 173 98 111 3 113
0 31993 142 40 35
0 32010 86 115 2 11 1 8 7 15 24
0 32160 160 16 11 1 9 26 53 13 26 57 252 50 438 21 74
0 32344 85 85 14 97 23 1 274 31 190
0 32550 33 160 301 19 154 14 56 8 66 9 72 6 55 91 26 9 57 39 73 5 106 2 78 42 478 46 34 51 18 6 100 26 305 48 94
0 32706 9 39 53 24 110 15 13 64 53 53 75 52 112
0 33122 79 95 79 15 353 40 247 19 31 41 240 65 61 109 40 210 21 1 211 29 178 98 5 70 33 47 12 12 72 14 27 1 50
0 33190 142 46 98 14 16 22 116 35 230 131 69 47 27 70 196 4 41 21 56 7 175 6 14 377 69 74 114 38 135 73 43 177 305 83 18 43 2 53 38 37 34 82 25 61 150 85 115 1 67 70 247 28 27 14 172 108 35 29 112 10 58 36 87 2 280 52 71 16 44 22 35 161 37 24 22 15 34 97 85 14 66 26 11 68 279
0 33318 56 6 79 32 50 30 147
0 33394 12 43 72 125 25 7 87 64 103 52 65 6 87 32 134 47 44 35 91 8 29 25 62 46 49 3 100 122 52 10 12 101 75 171 34 191 154 153 65 135 98 22 187 26 4 61 212 7 9 76 137 51 40 49 17 5 1 6 257 9 194 23 58 11 69 107 19 34 217 8 19 38 238 24 198 136 36 64 133 4 32 24 125 4 251 56 81 2 14 28 74 58 6 61 136 17 58 4 1 7 302 55 74 3 50 14 19 70 27 45 272 29 21 186 201 14 53 1 124 101 20
0 33478 347 1 33 15 168
0 33524 90 32 13 55 6 62 46 305 6 188 13 31 10 28 260 13 50 28 4 27 328 54 20 24 18 21 206 7 159 92 47 54 63 43 99 16 30 60 324 18 30 133 9 106 15 34 295 20 19 115 60 108 41 26 31 6 117 10 58 60 35 113 272 63 204 62 58 53 11 75 146 60 650 30 163 28 216 19 143 182 207 130 52 89 21 78 66 1 90 27 724 54 59 12 9 9 2 28 15 20 173 3 156 14 41 36 64 40 246 17 246 35 45 111 174 34 12 7 170 25 71 17 57 82 119 13 41 13 81 76 5 53 251 3 89 20 108 2 313 61 95 3 27 12 32 62 5 44 11 36 72 13 167 11 67 20 63 17 114 14 41 157 101 61 61 5 122 62 82 1 34 60 77 33 34 5 245 33 39 16 261 17 88 11 79 3 46 17 93 71 22 18 51 172 14 16 86 61 40 130 176 101 38 18 429 60 12 53 46 27 84 18 157 67 95
0 33660 107 43 49 4 18 111 46 12 131 25 18 16 98 11 165
0 34380 118 7 194 36 24 5 200 142 51 29 28 1 159 26 14 33 307 114 324 66 162 34 19 21 10 70 55 65 155 20 222 52 4 55 123 1 139 61 51 11 47 7 35 17 26 22 31 46 2 144 104 10 44 21 41 42 6 82 5 25 121 57 54 1 51
0 34399 72 4 62 44 87 34 55 98 30 30 5 1 235 37 332 18 98 166 321 28 129 119 67 97 3 22 93 49 91 151 21 15 84 23 410 82 143 169 21 25 171 13 322 31 94 18 60 39 295 110 160 3 94 164 113 306 355 103 420 2 133
0 34474 127 30 129 49 82 74 29 34 133 162 87 88 19 140 36 135 64 12 41 164 29 88 44 38 12 30 32 53 287 38 220 74 103 60 38 105 8 28 30 14 47 236 13 46 247 7 319 13 184 28 156 70 19 20 52 15 82 143 205 33 38 106 1 134 1 4 202 2 20 264 218 12 131 171 79 54 84 43 127 111 73 44 109 27 12 10 35 10 2 71 282 61 132 100 253 21 29 46 53 2 58 6 161 6 209 25 58 14 34 28 213 1 22 101 11 8 134
0 34829 497 10 170 52 71 78 39 50 18 4 1 14 110 36 202 26 4 27 12 19 19 154 20 55 11 24 22 6 48 45 25 204 54 83 132 10 190
0 34998 107 25 79 19 16 122 135 22 12 12 92 43 251 88 201 66 77 31 78 133 219 20 168 55 71 99 6 7 22 40 86 4 80 10 63 68 254
0 35011 18 105 159 84 26 68 35 51 80 74 79 56 233 33 113 10 35 20 84 120 17 34 91 46 121 38 66 119 159 2 40 9 54 132 18 7 20 92 203
0 35040 34 71 245 54 79 56 30 14 5 99 1 26 215 71 22 24 63 120 8 58 106 38 111
0 35267 28 14 22 95 133 16 253 62 56 40 333 40 42 2 122 9 129 56 196 27 48 9 51 4 174 26 245 94 314 287 29 35 29 55 193 17 258 124 193 57 5 13 79 3 3 36 67 30 85 9 34 61 67 22 105 19 123 92 21 4 30 4 13 13 88 3 401 6 76 48 2 30 131 25 11
0 35295 164 69 83 20 24 72 124 5 129 142 20 73 75 35 235 109 69
0 35602 498 109 44 29 17 24 202 59 1 2 77 15 35 22 8 212 111 77 68 41 162 58 91 40 168 40 84 1 31 114 57 14 2
0 35754 121 45 44 3 82 68 101 34 43 17 52 65 11 54 15 109 131 49 91 18 59
0 35762 49 24 15 43 161 9 103 55 81 91 180 43 41 3 53 22 9
0 36158 139 11 91 32 5 98 73 3 94
0 36243 271 47 18 78 28 20 77 4 29
0 36307 199 13 180
0 36408 84 39 202 123 102 69 406 7 60 23 52 51 50 62 26 23 167 70 52 40 22 50 30 81 136 100 62 58 250 111 58 32 93 26 18 15 70 40 97 7 58 82 49 9 45 2 133 18 139 99 40 32 97 135 66 35 3 11 65 5 100 110 107 87 120 187 64 29 76
0 36875 4 19 251 52 121 104 52 19 120 9 24 31 10 40 41 2 269 52 15 18 12 39 5 30 692 5 48 19 107 12 39 60 96 72 53
0 37117 20 9 196 102 61 21 71 10 8 27 116 2 121
0 37245 64 35 89 36 93 35 24
0 37406 20 14 20 48 44 53 19
0 37427 24 262 115 55 92 37 47 13 48 6 81 3 112 30 62 40 240 70 28 203 37 55 83 25 13 26 97 88 59 117 154 84 38 45 68 18 4 13 38
0 37507 292 13 124 8 55
0 37613 3 194 85 77 112 19 446 13 59 20 28 53 7 68 119 21 107 51 43 27 60 58 125 17 35 21 218 39 3 45 88 3 30 114 105 53 132 174 53 6 30 24 59 80 76 161 154 157 105 22 60 4 130 8 271 34 33 32 5 8 27 4 78 86 14 19 65 18 138 3 137 15 6 15 25 86 12 28 33 22 496 36 165 89 59 11 112 27 23 40 97 4 187 53 11 141 85 47 179 8 83 51 25 53 11
0 37700 13 6 48 4 25 184 3 14 123 60 11 149 244 98 252 233 29 127 175 79 114 23 63 22 36 41 11 31 46 107 2 2 75 118 81 112 17 2 176 35 24 11 64 21 50 48 69 12 91 61 209 58 56 84 176 83 153 89 144 91 5 97 15 18 7 12 55 73 106 38 280 88 143 43 11 29 57 16 54 37 1 1 46 108 226 52 14 72 5 64 262 7 111 31 212 50 3 45 167 48 68 104 170 38 30 1 15 47 116 11 274 8 66 94 179
0 37825 25 67 36 55 62 8 29 46 39 68 38 15 30 59 23 18 143 149 418
0 37836 50 127 2 59 92 15 91 23 119 194 51 165 131 9 45 10 119 36 173 82 54 66 114 4 27 18 42 71 123 99 91 65 6 30 249 44 103 14 13 193 64 75 151 3 163 1 24 4 43 91 64 61 41 58 19 83 18 6 115 6 57 37 129 77 64 53 11 7 105 15 458 69 22 36 136 18 75 4 16 133 43 30 87 14 62 4 73 71 30 117 60 73 155 62 41 27 45 12 59 6 61 131 58 3 14 31 53 26 159 115 116 73 119 57 15 23 35 73 142 25 25 163 54 71 42 41 124
0 37856 220 5 25 19 48 30 72 57 60 58 39 43 64 124 186 49 10 19 16 11 129 66 62 64 131 101 109 28 128 41 23 35 210 101 103 17 70 27 7 45 17 14 384 87 69 67 200 21 172 182 98 96 49 103 27 60 27 52 66 12 199 21 49 30 20 121 388 130 62 4 60 25 93 56 23 76 566 21 56 4 21 36 131 8 40 14 6 138 134 35 105 5 40 114 9 14 50 42 39 10 58 51 156 5 4 1 207 24 14 126 134 16 80 73 82 6 11 95 8 108 114 51 47 13 10 20 240 109 103 38 101 33 108 17 78 4 203 24 51 166 30 66 90 7 50 24 187 14 53 11 39 61 166 46 17 27 364 2 100 64 204 14 47 17 105 79 94 22 5 195 43 20 30 14 84 21 118
0 38054 6 33 5 139 88 49 34 50 22 4 21 35 34
0 38158 43 49 131 30 142 165 78 16 54 91 11 53 66
0 38268 38 68 177 55 73
0 38327 3 21 91 11 59 14 186 33 295 27 197 1 155 15 32 53 18 29 92 229 121 54 13 19 217 47 3 53 50 21 240 7 28 55 43 56 9 91 223 110 11 32 5 57 34 20 174 92 87 5 95 4 259
0 38359 20 94 61 101 123 13 59 10 110 188 38 12 57 6 242 107 63 2 461 34 233
0 38485 112 78 103 14 86 9 363 55 79 107 197 3 51 81 36 62 257 26 182 38 38 107 19 3 48 24 124 67 17
0 38500 97 1 6 111 57 158 39 125 66 47 88 25 25 50 17 132 5 86 18 303 10 69 48 13 10 103 12 40 160 25 153 71 1 53 19 23 37 67 11 39 143 8 126 64 44 54 55 36 119 40 241
0 38820 143 89 48 1 94
0 38873 144 28 84 22 79 117 85 48 26 90 27 23 36 8 61 8 165 11 355 50 143 89 197 34 129 24 78 11 2 58 39 19 9 102 134 3 8 69 167 3 29 85 97 4 3 8 65 14 38 16 59 33 1 68 143 33 63 9 36 4 222 23 16 3 126 58 178 167 38 12 368 26 40 81 75 140 72 41 332 32 153 14 70 32 258 10 61 10 35 20 133 117 101 61 74
0 38881 26 9 151 5 1 25 90 76 104 5 152 53 70 96 10 21 10 106 11 1 113 65 38 20 1 113 17 18 42 19 52 285 103 144 191 59 67 37 122 208 49 176 290 58 119 21 27 41 164 55 15 19 53
0 38962 58 80 11 129 15 49 121 6 55 36 146 29 103 68 27 19 40
0 39047 111 29 116 46 26 237 26 87 299 14 66 16 28 21 91 3 63 110 254 8 45 73 105 11 21 38 1 10 3 28 203 30 102 71 37 94 24 143 356 228 20 49 59 35 56 108 102 9 189 34 26 28 246 147 37 55 285 12 41 29 30 40 239 15 165 21 54 40 4 33 132 35 92 232 6 44 55 62 167 6 278 91 372 2 125 34 66 64 124 16 62 45 30 22 5
0 39146 93 85 243 18 114 65 106 16 12 20 175 51 409 11 155 41 364 9 200 7 260 40 42 133 98 242 153 29 170 25 137 50 3 35 112 67 22 31 33 112 165 81 90 94 81 113 35 156 52 49 439 24 59 7 99 251 72 75 26 113 65 3 141 30 81 5 7 85 347 61 68 33 1 3 196 116 27 4 40 35 128 61 195 25 142 14 126 258 97 41 202 10 179 18 183 12 48 42 10 45 33 75 132 13 2 32 3 45 51 14 152 47 62 2 106 52 33 45 261 67 75 108 39 24 10 3 17 17 255 13 1 77 1 199 6 45 12 18 355 92 165 103 84 164 25 45 237 31 63 17 19 304 47 15 8 22 10 38 16 37 5
0 39162 21 7 51 52 157 16 216 26 12 61 17 64 319 1 17 25 63 37 95 49 4 77 74 122 39 38 17 78 155 41 42 53 25 34 192 48 41 19 27 23 8 6 7 73 49 97 139 13 41 13 28 44 42 2 74 49 104 28 151 2 150 137 12 13 151 106 17 2 292 4 144 6 75 28 111 16 47 61 89 16 136 7 73 62 109
0 39834 244 93 149 5 78 6 41 22 15 25 23 48 25 61 11 20 11 39 32 59 128 46 64 6 142 49 230 7 43
0 39879 127 48 236 42 32 52 102 80 12 13 68 3 143
0 39957 38 33 50 115 76 18 94 67 58 18 16
0 39958 320 14 45 7 286 6 170 130 535 44 3 68 142 100 12 34 43 63 25 8 4 8 137 62 20 74 16 97 42 14 154 42 22 27 5 63 435
0 40025 100 40 273
0 40212 125 9 106 255 91 99 84 79 178 28 71 36 176 226 160 82 52 48 114 39 124 20 13 141 20 13 16 73 33 26 23 22 52
0 40219 167 58 142 14 153 63 41 4 104 7 182 37 36 64 21 31 7 57 38 30 104 189 177 127 120 17 118 243 106 33 49
0 40300 71 107 151
0 40598 34 8 284 5 145 26 111 171 14 26 15 29 21 29 80 26 212 5 34 19 180 36 53 16 19 142 35 50 216 10 79 17 79 1 103 2 61 35 14 86 340 56 67 49 23 87 51 53 201 32 37 230 86 75 540 36 89
0 41066 84 51 101 29 94 4 47 1 139 27 158 58 157
0 41110 132 35 19 51 52 2 131 30 23 14 15 17 39 17 16 156 25 17 71 91 131 5 87 39 14 10 166 24 25 21 161 11 143 50 217 36 254 4 4 8 621 120 17 19 7 13 188 82 120 104 215 14 81 107 185 91 2 6 85 116 185 10 40 5 46 61 154 7 44 137 53 237 74 76 289 42 21 2 27 119 90 54 343 64 223 47 32 18 263 19 138 17 77 103 165 77 17 56 185 3 43 7 27 43 189 60 260 123 104 7 100 47 119 20 163 34 221 4 122 37 297 85 8 47 367 61 29 25 109 6 134 57 20 17 91 47 3 1 46 35 48 51 100 43 107 33 82 13 52
0 41214 242 84 65 90 54 56 122 2 62 78 185 16 74 32 54 29 28
0 41256 43
0 41374 91 97 16
0 41444 6 25 155 127 174 2 432 71 318 3 37 2 153 38 51 81 328 63 10 15 5 50 185 4 385 33 2 29 326
0 41527 241 40 325 163 58 14 38 1 160 23 50 24 84 34 162 13 17 4 146 21 276 59 118 11 61 105 107 5 112 110 145 68 201 76 31 59 32 32 246 2 131 39 185 227 117 124 13 1 108 53 89 20 205 47 17 158 9 104 73 37 197 22 87 13 51 14 10 8 107 40 300 65 26 27 63 4 57 10 26 121 37 218 128 61 243 9 190 17 5 376 48 58 176 48 468 41 148 57 13 58 238 2 202 16 35 27 62 48 159 53 25 8 18 17 205 43 138 17 31 69 154 59 70
0 41548 59 76 21 25 296 37 247
0 41705 13 65 44 92 191 25 38 6 32 85 70 36 108 51 81 10 35 82 32 15 233 20 138 28 147 14 423 214 192 364 33 3 10 50 74 32 57 69 246 2 103 10 17 52 99 51 218 13 41 37 55 50 61 38 9 26 283 92 18 6 25 10 82 138 26 82 21 22 362 68 1 21 201 104 19 242 70 1 189 13 75 32 154 17 21 8 14 17 147 54 12 41 92 45 40 17 73 28 155 167 106 34 158 9 30 67 99 115 119 97 63 74 40 1 65 35 197 10 312 238 178 47 91 14 75 18 37 1 8 22 240 36 146 77 225 2 97 41 160 52 8 3 43 1 33 63 43 88 153 132 57 70 108 118 26 91 306 48 26 57 14 72 81 39 111 162 17 14 28 17 69 43 342 60 92 37 6 1 60 73 228 2 17 42 188 20 260 1 50 49 183 56 15 112 121 74 319 276 136 32 12 26 120 42 54 88 283 36 147
0 41865 158 5 108 59 629 25 129 59 321 18 556
0 41951 26 11 15 13 296 104 66 49 50
0 42029 97 57 32 8 36 33 133 54 77 71 1 2 15 19 160 42 28 57 4 11 5 94 87 33 74 21 22 30 5 9 74 75 166 2 193
0 42484 505 31 10 16 103 2 34 98 66 6 227 66 4 158 34 3 119 7 72 36 20 2 159 80 45 12 65 28 116 92 59 15 283 37 2 50 229 33 113 22 139
0 42761 373 29 63 45 74 104 143 63 10 3 8 94 44 5 20 20 47
0 42887 41 101 2 13 77 42 53 2 125
0 42938 148 5 113 130 76 6 43 19 62 4 42 38 235 29 60 196 26 7 188 66 50 10 169 38 30 80 87 22 198 59 93 10 23 89 68 10 58 16 172 27 69 10 168 98 125 33 23 3 32 79 28 9 203 50 14 13 16 7 24 3 46 24 22 17 144 5 8 21 11 58 61 1 7 28 20
0 42952 178 36 77 39 150 16 143 8 5 82 33 152 59 62 428 7 355 195 44 19 10 20 22 45 24 2 62 5 128 2 61 9 46 51 31 114 91 28 100 55 87 221 101 14 2 3 23 7 44 106 45 125 14 180 75 142 20 123 16 19 18 1 52 119 38 8 3 39 142 47 18 4 102 27 70 15 38 6 156 18 70 22 13 48 63 19 150 12 309 50 9 48 15 8 127 103 179 148 42 97 198 1 167 26 67 5 20 27 27
0 43176 23 13 108 6 57 49 29 122 135
0 43337 183 48 101 27 31 120 202 78 61 45 354 21 9 32 20 14 6 180 71 61 17 3 12 24 94 56 197 46 82 71 48 37 128 32 170 50 649 23 26 72 75 12 27 8 174 43 112 34 295
0 43410 15
0 43750 148 6 5 25 259 47 49 7 8 4 20
0 43974 74 31 53 125 29 7 83 66 79 59 55 17 40 47 106 45 32 10 20 16 77 45 22 2 129 70 54 32 6 31 200 51 8 26 105 68 3 205 154 50 10 152 33 17 137 37 54 32 121 91 52 96 99 249 31 8 104 42 23 52 338 40 62 87 14 87 1 7 102 126 51 38 287 31 52 81 25 145 5 29 66 103 18 110 20 63 89 23 89 31 94 6 8 18 53 55 25 5 158 11 5 6 134 4 32 133 132 2 214 12 54 52 16 226 45 6 71 16 70 95 186 6 11 1 129 114 173 8 114 25 14 8 63 40 88
0 44349 59 76 77 156 27 61 290 121 84 60 6 38 163 31 103 38 242 38 171 143 64 45 710 178 68 32 152 38 149 3 50 18 25 87 856 31 43 109 4 8 62 25 152 134 1 1 465 51 237 31 221 13 4 152 600 18 99 41 54 52 199 68 162 39 88 20 6 6 38
0 44690 10 4 22 93 134 8 14 90 39 87 115 52 84 54 42 36 60 62 62 115 95 51 11 5 309
0 44831 61 43 92 16 68 92 117 47 67 1 58 60 78 28 73
0 45060 212
0 45148 38 97 144 184 386 38 15 6 23 48 310 75 66 92 327 129 110 39 3 23 12 121 125 14 223 14 92 26 171 29 43 40 103 370 109 12 223 111 50 8 8 19 226 107 85 143 23 4 46 101 9 10 572 98 20 1 43 46 37 6 193 71 149 6 68 155 4 32 22 169 42 7 5 60 8 22 28 114 23 11 5 73 18 59 29
0 45273 23 36 8 54 49 47 104
0 45410 21 15 64
0 45692 59 5 216 29 116 25 112 14 210 15 65 20 50 15 157 1 78
0 45792 227 45 161 11 113 37 138 40 18 228 382 4 83 17 53 106 60 8 18 18 219 56 84 8 488 22 85
0 46319 66
0 46542 246
0 46717 29 4 277 54 237 3 15
0 46749 48 105 51 289 30 62 279 82 177 22 5 76 11 8 45 18 388 10 84 14 12 110 275 24 1 33 164 49 356 10 132 20 69 24 77 70 51 5 59 24 184 13 46 7 61 122 1
0 46766 13
0 46893 105 23 326 1 202 65 91 30 9 117 83 22 50 22 199 53 47 21 213 26 3 401 29 219 32 27 41 8 163 131 183 37 10 5 47 1 83 53 23 2 49 42 34 67 12 55 64 96 75 44 54 31 22 17 641 30 12 12 20 81 47 15 20 48 44 15 88 60 509 7 29 16 158 10 52 10 224 46 26 3 17 120 302 30 78 12 35 20 7 9 22 140 118 4 26 14 308 102 134 8 186 73 130 87 57 6 148 26 434 12 143 46 222 37 14 2 70 23 25 110 20 7 344 24 18 12 80 94 76 159 158 73 94 235 17 3 21 148 147
0 47100 366 58 286 19 17 44 33 137 6 44 152 7 311 18 375 125 1
0 47208 83 7 285 4 195 20 459 143 74 49 145 31 340 56 8 13 151 62 64 56 74 57 54
0 47237 120 80 23 19 58 26 113 23 38 13 134 76 296
0 47378 73 57 161 23 63 34 20 11 98 12 22 10 50 29 160
0 47433 8 57 155 45 31 12 20 21 218 29 227 140 84 61 134 11 258 39 115 133 51 30 42 30 243 31 121 3 31 108 220 62 20 94 142 110 87
0 47537 60 97 26 58 36 27 60 33 8 15 65 8 476 83 114 17 157 64 63 83 67 2 22 104 55 34 28 53 57 42 109 19 2 29 72 3 73 46 279 36 273 72 45 155 86 27 88 28 314 99 67 45 103 193 16 14 32 2 46
0 48224 63
0 48264 99 92 10 71 58 51 40 24 297 4 249 29 65 20 60 88 18 76 91 98 458 25 189 1 7 133 14 8 91 100 80 84 61 17 81 75 226 20 61 2 250 116 147
0 48298 63 8 48 112 36 55 85 32 75 10 41 431 2 135 2 35 18 21 189 63 36 24 131 65 133 1 142 99 643 53 68 4 19 22 18 38 3 51 67 50 200 181 40 23 239 159 96 26 43 34 201 27 28 22 140 3 84 132 13 86 15 97 13 35 8 1 9 11 1 2 14 2 67 62 47
0 48323 145 23 210 222 100 117 41 4 20 37 144 61 12 24 225 37 237 34 110 14 11 82 244 52 130 112 205
0 48352 74 78 133 6 179 8 67 20 74 18 52 23 79 24 3 17 8 44 42 39 31 18 73 42 199 129 184 120 79 144 47 41 25 31 156 187 156 145 85 12 7 54 157 25 132 160 63 9 157 18 106 104 11 71 25 42 6 22 53 25 180
0 48415 136 14 223 42 404 25 192 4 41 12 676 14 3 10 69 22 239 19 22 31 202 2 51 126 369 5 3 69 11 30 156 51 177 134 143 51 202 57 108 97 163 54 22 215 2 10 44 119 152 107 28 3 1
0 48438 106 4 63
0 48625 174 9 67 70 278 48 15 27 44 19 13 11 86 16 96 42 335 48 7 9 3 92 67 46 32 282 37 14 69 53 16 83 28 18 168 60 28 20 277 80 23 42 236
0 48759 20 47 6 29 53 23 225
0 48839 105 325 36
0 49036 289 45 55 14 88 9 46 42 20 16 142 50 24 42 82 86 48 7 65 17 100 23 48 33 8 109 164 118 466 102 2 3 40 65 77 23 33 3 412
0 49038 52 32 13 75 70 64 31 8 48 90 59 20 115 15 94 19 145 39 288 32 83 9 44 25 17 50 171 68 151 4 25 89 137 21 302 85 197 42 272 36 46 47 239 6 22 1 131 70 12 1 34 5 132 86 295
0 49373 40 3 91 49 33 45 4 5 28 71 78 19 102 81 275 157 7 141 9 66 45 49 10 56 46 87 14 60 104 35 21 2 114 18 97 40 97 23 355 14 6 119 5 55 150 19 266 17 260 1 13 36 95 8 238 139 67 51 81 10 76 23 132 8 143 38 57 59 57 24 43 37 179 30 76 32 88 95 12 20 11 84 84 75 115 63 27 84 58 3 50 292 26 8 79 3 87 32 48 8 78 23 299
0 49416 37 66 178 10 61 29 138 67 62 20 122 26 19 23 74 150 282 18 4 11 77 28 168 13 1 62 261 56 322 44 106 20 116 60 60 7 154 60 2 31 3
0 49524 7 60 213 75 37
0 49609 54 62 61 48 229 15 166 171 36 7 148 14 34
0 49826 124 173 150 19 38 72 237 15 212 94 26 10 5 12 52 116 74 148 32
0 49996 129 20 24 53 24 67 169 39 61 9 101 39 81 54 167 16 44
0 50121 252 28 139 56 34 196 7 60 27 93 16 57 92 22 10 18 14 7 347 9 58 6 66 32 213 58 30 3 51
0 50202 38 38 238 6 25 3 158 50 140 69 102 15 848 12 60 24 35 77 263 28 156 9 21 65 282 7 31 162 137 119 133 135 29 36 6 116 185 110 324 87 1 47 52 19 173 67 86 36 19 29 39 30 181 23 523 123 293 14 221 23 167
0 50760 204 17 93 4 130
0 50936 206 71 3 89 21 7 4 76 92 266 73 298 26 6 227 47 115 102 68 7 66 58 154 19 259 26 66 22 35 9 31 21 104 20 7 14 127 16 71 22 61 28 113 22 84 18 128 2 6 57 222 121 7 39 81 21 74 2 34 3 2 2 155 30 5 67 43 2 42 109 215
0 50955 84 5 83 19 29 6 31 50 53 12 186 94 244 19 137
0 51353 4 5 107 7 101 35 101 25 114 55 23 102 123 110 168 86 249
0 51530 14 3 111 108 4 114 16 41 52 74 140
0 51600 119 31 18 66 233 5 25 130 22 172 137 9 133 70 75 82 258 9 134 260 12 70 189 58 161 17 381 60 102 9 30 40 189 40 87 144 9 38 67 39 58 27 42 22 78 137 124 17 87 19 2 162 17 90 192 3 31 26 177 19 37 46 4 42 294 8 1 78 165 52 267 45 116 73 34 49 41 20 30 18 58
0 51766 99 7 2 45 11 46 10 76 83 89 12 15 134 80 141 55 183 131 198 1 56 31 247 161 151 4 30 68 74 69 195 50 137 18 44 26 7 73 41 80 186 8 165 103 7 19 13 22 1 66 67 43 61 25 366 19 102 68 49 109 434 19 55 10 16 50 36 81 95 18 121 64 7 32 254 20 3 33 352 1 89 35 34 37 61 11 96 37 103 2 174 18 222 53 11
0 52117 55 26 35 19 61 98 7 27 14 2 47 46 105 7 104 40 33 19 121 12 5 56 337 62 13 37 59 76 35 82 69 76 24 12 51 20 126 16 11 19 54 47 28
0 52766 126 30 11 108 260 7 29 8 351 26 44 64 193 101 275 33 32 37 200 132 73 137 47 27 17 11 120 93 118
0 52953 27 66 22 31 24 10 39 3 56 30 56 3 70 42 114 1 312 62 45 38 35 68 85 149 106 69 44 33 96 159 176 18 121 83 192 126 125 19 4 13 133 34 19 83 99 89 35 127 17 60 34 44 62 52 96 70 79 65 6 16 38 148 93 19 70 16 69 10 26 46 16 13 5 34 25 5 92 55 46 254 69 22 23 59 265 17 5 26 90 138 39 24 212 41 29 11 7 26 53 78 313 26 170
0 52962 141 99 211 22 77
0 53028 9 70 224
0 53203 18 86 49 24 50
0 53212 170 82 62
0 53488 310 35 10 73 65 122 84 192 81
0 53496 83 15 79 42 72 41 75 25 94 60 48 17 74 32 72 154 106 84 29 7 44 229 227 9 119 44 113
0 53638 65 17 369 18 11 50 76 372 303 29 310 6 231 34 21 87 47 21 224 54 10 78 70
0 53925 213 6 138 13 100 240 100 2 26 27 145 9 187 48 150 75 12 7 897 19 27
0 54114 202 28 173 81 489 35 114 34 66 188 122 117 142 70 12 9 69 15 84 34 534 48 6
0 54561 61 168 140 11 39 42 293 15 37 4 320 36 54 28 145 142 44 6 50 63 209 4 74 220 116 35 89 38 134 45 4 7 39 14 146 162 102 33 70 44 151 85 50 15 164 56 160
0 54656 231 13 41 24 1 27 181 146 123
0 54674 16 23 142 44 27 35 10 110 3 167 151 6 105 93 57 58 446 41 273
0 55053 66 181 50 4 69 4 18
0 55814 23 168 177 3 142 27 54 41 39 2 39 20 5 350 190 35 65 54 62 53 150 112 98 36 149 16 51 23 264
0 55831 87 41 142 7 33 36 220 3 16 63 52 52 52 4 50 69 354 9 16 14 73 121 40 9 143 49 29 78 129 24 3 7 62 22 71 8 25 161 19 79 174 50 62 141 129 7 69 63 128 103 28 32 59
0 56104 55 8 215 5 51 25 164 50 46 1 89 60 74 37 98 9 69 11 15 67 152 217 11 8 287 15 51 27 32 32 85 25 71 2 9 99 368 26 350 80 292 106 14 54 50 30 306 61 32 17 333 84 50 73 326 31 77 6 283 1 195 55 55 80 185 73 252 159 4 88 67 17 74 2 157 11 97 15 366 164 122 12 92 35 272 30 57 100 162 4 37 224 196 51 59 14 83
0 56218 61 18 259 55 67 63 21 67 57 16 177 8 10 25 19 64 33 4 62 124 36 96 102 24 345 153 33 5 9
0 56262 5 53 36 26 81 65 169
0 57050 1 21 93 29 17 58 75 90 341 68 117 60 107 26 188 80 55 61 182
0 57348 40 7 38 114 48 1 30 121 135 79 41 25 131 56 148 14 119 18 19 61 21 13 42 38 197 9 349
0 57510 13 156 91 10 236 220 103 76 53
0 57568 24 216 41 34 67 11 94 132 85 79 189 5 33 17 50 11 99 62 30 18 129 2 164 20 73 127 140
0 57585 22 24 136 12 14 67 98 15 4 77 229 221 80 15 102 1 58 20 141 59 204 27 182 67 50 13 183 43 426 101 9 167 29 34 160 58 107 2 79 3 113 55 197 126 69 63 71 21 5 54 136 28 228 22 39 22 196
0 57828 180 70 270 18 227 21 22 39 61 9 30 103 19 19 72 62 102 26 45 24 19 167 65 63 117 159 8 7 10 16 252 151 19 15 259
0 57940 254 11 33 33 59 9 121 33 32 5 246 195 73 20 105 60 74 2 33 6 45 93 34 75 12 60 110 15 116 32 84 221 26 18 134 14 263 30 65 102 113 37 24 95 69 6 268 125 118 68 38 61 3 68 61 3 42 71 139 9 66 21 133 45 88 37 39 29 29 31 15 179 35 30 66 201 96 13 114 28 84 18 56 51 31 18 20 16 41 47 60
0 58072 32 24 125 2 47 70 605 5 255 30 17 59 45
0 58514 15 7 17 30 6 8 110 22 116 33 48 50 25 103 140 29 2 184 8 1 9 27 250 13 43 6 119 68 107 13 54 27 2 20 90 8 177 9 74 99 75 124 14 30 40 5 236 16 102 25 44 77 212 4 300 13 58 5 68 34 161 23 33 54 170 87 115 8 81 41 12 20 6 21 104 95 3 50 24 102 31 12 25 57 63 52 86 52 264 30 289 19 63 40 7 19 223 68 24
0 58571 12 54 198 23 38 37 79 56 3 3 113 108 122 189 85 25 121
0 58714 54 200 3 16 199 26 156 24 156 12 3 99 40 40 27 52 37 10 29 228 273 25 15 45 32 57 38 73 77 42 36 127 93 103 21 78 66 267 36 37 273 40 25 38 233 13 121 11 156 17 333
0 58762 23 8 45 69 157 46 50 11 14 29 64 59 471 14 15 60 124 161 68 41 101 42 26 51 9 140 331 12 57 30 208 63 36 22 28 14 7 28 6 23 261 54 347 152 70 34 16 61 47
0 59433 194 42 25 72 215 90 40 10 22 46 44 14 208 5 161 94 82 53 64 75 55 29 91 113 102 58 10 13 93 48 48 46 56
0 59577 240 29 46 29 182 48 218 72 17 14 7 34 36 1 209 37 17 92 100 78 112 3 4 64 71 99 68 80 8 135 15 64 116 34 57
0 59602 169 72 219
0 59747 84 165 95 6 70 81 146 21 153 76 14 126 87 25 59 111 44 67 187 2 57 28 230 97 89 18 1 4 65 5 92 1 134 3 39 58 29 38 187 10 75 31 20 1 67 46 56 196 322 60 150 39 253 13 272 27 47 14 179 20 169 7 56 41 158 147 48 9 86 70 22 72 17 56 153 178 231 68 170 27 190 96 20 100 37 12 158 79 129 34 112 14 5 52 44 74 70 29 30 5 122 24 41 31 20 4 17 33 1 59 18 110 313 36 6 56 106 12 50 23 115 12 70 20 13 166 22 9 268 32 47 161 216 34 284
0 59771 16 10 83 26 115 58 13 33 124 49 165 77 25 4 51 19 46 80 75 9 5 15 238 30 285 60 35 136 356 36 22 56 115 6 26 51 63 198 143 1 21 5 66 145 17 31 85
0 59797 44 112 14 68 19 124 272 60 101 92 1 14 30 65 141 15 83 20 11 51 4 39 206 34 89 56 120 65 51 49 23 72 45 45 184 20 7 4 41 92 21 13 91 20 34 78 44 6 103 50 9 19 52 51 151 26 81 85 7 52 44 21 86 17 131 7 17 13 178 77 42 15 33 56 193
0 59798 136 9 29 30 29 6 359 70 44 56 90
0 59990 272 5 198 70 53 188 107
0 60068 383 81 121 28 47 33 12 4 63 83 15 55 178 65 23 38 91 37 352 94 79 160 134 62 40 25 86 45 138 30 95 10 92 40 151 3 30 77 57 34 190 169 35 33 114 96 34 23 4 137 251 20 116 13 22 11 135 18 270 89 177 43 289 11 341 1 73 11 168 90 7
0 60202 162 7 206 10 1 10 51 53 28 9 67 82 191 3 153
0 60241 36 27 150 2 7 46 98 88 65 5 47 15 135 105 88 6 24 45 44 48 161 32 20 9 156 110 127 4 195 81 35 41 121 3 113 102 69 24 149 217 8 11 63 19 88 29 1 84 17 112 26 4 319 7 189 48 3 30 18 8 202 11 62 13 21 7 98 3 143 4 77 50 82 30 174 70 47 54 9 106 12 108 50 51 18 26 154 68 30 71 333 24 73 29 67 71 74 6 59 31 49 70 56 9 37 71 125 1 12 83 22 35 115 3 223 62 136 156 93 4 61 68 58 24 8
0 60635 94 7 22 53 40 6 26 8 99 21 144 28 72 82 327 10 64 138 6 17 22 14 45 19 5 98 69 3 87 42 336 17 99 19 36 56 120 27 67 38 34
0 60885 6 24 77
0 61168 239 74 178 176 30 181 129 27 131 85 55 19 1 138 40 57 218 61 22 20 37 11 61 93 68 17 23 45 31 68 18 118 13
0 61470 197 13 290 36 38 75 308 45 333 14 69 12 183 65 346 155 75 52 163 124 33 74 78 57 15 36 141
0 61815 153 46 137 8 166 124 99 116 110 41 45 23 119 43 195 15 3 73 102 16 31 16 136 56 21 40 20
0 61925 101 56 92 24 273 177 52 42 151 74 64 12 24 15 16 11 60 60 95 71 264 12 191 23 140
0 62040 270 295 174 69 50 10 165 39 163 177 3 1 78 10 1 86 22 62 4
0 62172 75 132 68 75 296
0 62228 96 20 52 18 24 40 18 70 173 14 124 93 47 25 105 48 33 20 93 51 69 9 17 29 246 68 66 20 185 54 154 11 24 133 164 83 37 7 108 123 24 17 296 16 228 120 58 7 333 12 15 7 19
0 62281 3 42 30 8 76 144 23 9 62 12 96 105 10 145 56 30 1 3 15 6 77 9 49
0 62446 246 91 156 94 1 66 33 12 167 24 249 1 163 12 152 80 8 2 182 20 236 54 38 105 92 6 40 114 72 7 10 3 28 123 473 133 26 40 19
0 62575 126 73 179 59 37 106 512 42 18 36 13 101 94 141 64 62 26 4 266 110 62 77 28 81 120 12 45 34 140 53 31 29 97 27 12
0 62788 59 63 125 19 34 1 71 100 53 8 388 90 13 48 218 44 18 21 55 5 6 53 11 3 101
0 63100 185 41 29 75 60 107 61 13 38 20 26 101 44
0 63127 18 21 265 53 25 51 7 41 38 2 99 62 65 38 15 2 166 33 28 24 168 6 327 72 479 5 6 48 278 6 201 37 151 17 7 1 45 2 134 50 150 2 9 144 228 52 48 42 40 6 72 1 211 60 442 61 334 16 181 1 75 16 241 134 426 56 2 66 66 1 16 25 17 8 64 58 64 20 23 29 124 16 38 1 76 13 27 44 21 18 282 48 44 24 106 8 137 32 26 3 95 35 78 47 3 195 192 72 46 20 96
0 63299 6 52 159 98 86 49 258 7 89
0 63608 51 94 34 31 21 27 42 52 5 12 29 6 106 8 93 27 33 131 132 3 265 7 298 60 3 84 108 57 29 3 43 23 73 77 90 36 27 5 147 13 454 109 138 6 110 72 2 26 20 84 183 86 191 82 151 68 4 43 94 59 195
0 64029 10 17 370 13 36 36 22 28 41 38 459 148 137 2 55 7 47 16 21 79 5 43 81 56 77 86 160 124 58 7 10 7 3 5 16 7 67 31 12 75 60 70 59 72 6 13 26 86 74 13 20 49 49 11 97 21 65 33 114 124 351
0 64231 236 79 69 35 50 125 130 56 10 14 18 71 247 144 114 11 16 27 112 36 51 18 40
0 64900 19 96 204 67 18 163 51 17 121 104 65 7 51 82 30 204 21 23 40 217 93 37 178 123 20 115 40 24 283 84 54 5 16 18 260 34 18 35 50 99 1 11 139 74 129 117 4 11 43 183 6 66 8 32 3 40 163 95 52 19 42 71 16 9 150 62 3 60 12 33 117 102 48 10 75 46 424 5 83 46 60 77 14 48 10 2 16 7 188 22 73 9 149 79 35 202 64 101 233 223 14 24 15 23 120 48 4 28 9 58 80 32 22 9 15 51 23 195 48 77 29 42 5 91 60 43 219
0 64917 255 5 1 36 23 139 111 1 552 20 88 35 203 120 6 86 136 25 51 5 5 25 29 33 150 134 58 26 76 4 219 67 23 18 91 13 44 26 13 83 45 13 29 23 88 4 32 123 39 34 44 10 188 7 115 129 36 72 81 54 237 29 93 36 32 13 29 48 125 132 1 37 47 60 182 60 111 38 162 34 2 10 59 30 9 194 162 35 135 11 221 50 442 83 49 103 19 28 151 22 266 13 156 16 122 15 168 176 29 48 42 16 127 22 175 46 430 6 20 38 67 43 17 77 98 4 28 205 3 39 27 61 1 75 81 100 98 83 106 105 40 42 12 18 126 38 451 20 5 2 185 99 52 101 17 40 423 24 81 29 155 72 10 150 14 55 133 3 190 52 10
0 65122 178 52 117 50 31 2 252 119 91 7 32 89 141 10 63 43 91 1 19
0 65234 119 8 126 31 8 1 108 61 101 126 27 45 164
0 65358 11 11 20 46 272 66 7 85 5 49 92 33 283 69 113 35 64 131 6 73 68 86 17 13 8 16 11 99 87 5 33 40 87 63 53 190 276 4 323 43 41 90 22 104 252 64 55 9 102 8 51 27 43 13 5 14 157
0 65415 99 7 10 5 20 47 206 97 53 86 228 12 27 93 29 44 171 35 48 40 65 137 41 19 133 45 22
0 65625 188 37 198 23 60 22 196 38 1 15 27 64 435 4 381 78 99 70 43 12 79 44 169 11 175 46 7 101 137 20 14 17 58 80 22 101 23 20 26 22 49 23 91 27 17 54 403 22 252 18 122
0 65715 121 73 217 18 150
0 65765 80 4 311
0 65869 143 33 34 17 106 2 58
0 65939 60 4 115 22 43 49 157
0 65973 12 7 7 11 71 3 53 130 48 27 20 42 10 31 158 23 131 100 138 119 41 123 26 4 14 13 331 68 96 3 14 45 39 5 88 81 18 183 241 13 37 10 65 16 17 16 68 217 23 63 70 8 27 1 249 5 122 42 34 70 101
0 66170 552 11 318 53 19 9 176 317 282 1 10 77 183 63 108 9 38
0 66358 44 52 13 24 7 23 245 65 22 36 69 46 508 21 175 7 36 137 37 12 48 43 93 2 13 14 228 55 74 49 76 60 75 23 28 42 117 6 29 20 461 42 3 54 28 139 72
0 66496 24 28 138 56 38 108 5 10 99 9 46 74 35 8 59 46 155 64 17 18 13 17 24 153 3 73 15 84 72 30 32 19 35 9 86 45 77
0 67170 6 51 13 162 145 101 158 2 26
0 67268 28 10 70 49 35 12 224 161 86 31 28 76 34 71 94 2 2 24 70 32 92 11 186 62 336 39 36 82 44 12 78 29 46 157 58 7 116 85 140 77 204 145 27 94 130 2 204 57 79 33 42 42 118 42 75 32 150
0 67373 242 128 139
0 67685 69 25 36 18 4 4 89 85 197
0 67711 117 40 38 40 63 204 70 15 186 53 24 55 21 28 16 8 224 121 362 1 18 28 58 1 6 8 16 145 150 15 385 9 162 66 95 40 26 186 42 1 363 10 210 12 142 42 188 48 64 32 122 31 92 19 84 44 89 85 196 18 67 73 21 1 18 63 91 8 36 56 108 54 2 13 2 40 30 83 172 28 57 14 69 12 105 40 36 4 103 2 183 53 13 34 73
0 67805 8 73 18 94 116 40 61 65 37 189 38 18 19 6 99 1 24 119 43 19 147 2 77 115 22 81 63 53 81 87 26
0 67890 195 29 49 19 60 8 17 149 69 19 112 100 17 54 81 60 1 6 165 16 6 35 127 95 18 69 96 2 280 13 107 52 67 33 82 151 46 25 59 27 48 83 16
0 67893 43 21 117 10 81 33 75 121 64 3 68 97 55 3 5 2 46
0 67929 5 30 23 98 29 36 239 59 66 4 91 35 200 12 145 23 13 60 310 2 252 85 108
0 68021 376 76 20 12 127 8 320 97 35 48 6 66 63 23 136 120 5 23 31 69 365 65 268 7 161 46 49 196 194 39 47 34 42 83 13 31 16 83 313 43 26 6 82 1 2
0 68616 68 26 191 19 84 24 26 49 99 144 14 50 102 12 104 50 1 228 14 41 105 14 262 59 181 25 159 85 4 16 94 1 67 73 45 7 37 9 33 1 268 91 81 86 50
0 68869 44 30 41 52 34 1 65 40 68 8 181 51 58 236 42 105 93 39 28
0 68900 84 26 5 48 33 106 43 92 26 41 349
0 69093 44 29 108 59 107 36 23 2 105 61 13 117 43 33 292 115 16 7 89 16 2 11 91 6 65 91 70 32 198
0 69156 80 30 23 10 101 36 460 5 65 29 142 99 96 52 29 6 220 1 129 66 104 39 77 103 82 48 229 101 149 36 36 11 3 45 4
0 69339 99 12 7 35 1 1 57 157 28 62 166 46 183 36 48 39 18 177 53 18 102
0 69601 70 36 2 9 65 59 41 6 6 51 59 2 13 17 21 3 20 46 12 23 202 46 214 111 178 1 77 71 64 23 100 130 24 32 322 20 79 13 11 49 136 42 45 48 65 37 153 23 99 37 153 132 65 216 77 75 25 65 177 93 6 22 22 30 74 63 20 4 74 5 45 41 92 40 55 4 27
0 69755 101 57 56 56 3 48 54 2 56 11 16 53 4 20 68 12 139 6 98 14 124 142 155 132 98 21 117 63 62 13 55 64 21 124 162 11 27 49 31 55 18 17 56 99 59 51 168 142 173 4 25 9 41 27 127 23 161
0 69799 260 3 45 26 15 8 84 126 33 10 223 26 84 33 88 18 80 28 67 39 57 8 59 1 95 128 117 105 23 64 36 3 97 2 147 6 63 22 20 83 128 74 16 117 7 41 59 42 49 31 141 27 240 64 1 7 51 63 5 59 60 21 364 6 135 24 23 173 31 45 81 33 129 66 182 5 31 4 69 142 30 5 26 14 63 32 48 40 11 82 177 9 34 70 60 43 45 5 119 9 204 2 249 24 133 16 253 66 254 8 216 3 21 21 50 69 323 72 31 102 5 1 39 14 7 30 55
0 69981 83 28 60 31 287 23 14 36 9 73 93 38 107 73 126 28 20 29 87 10 29 4 1 35 1 78 58 37 95 29 7 26 34 130 61 18 105 39 68 30 99 26 22 58 147 3 66 93 41 39 113 16 340 51 43 7 100 102 130 15 156 76 105 225 144 27 7 18 127 40 86 8 81 148 131 58 109 26 53
0 70050 53 79 49 51 50 6 106 39 14 51 62 79 77 18 118 56 71 7 191 28 18 20 26 33 46 26 47 41 61 6 339 148 3 21 95 15 84
0 70360 5 107 110 128 180 2 10 26 37 4 44 79 63 14 25 27 324 25 225 15 645 21 2 38 52 59 56 8 306 81 73 77 29 21 206 12 242 24 302 146 27 25 88 68 215 25 31 92 127 66 14 96 44 27 265 35 75 17 21 52 2 131 27 3 48 98 149 10 62 28 30 49 27 42 17 51 38 132 21 53 16 44 29
0 70495 28 75 55 48 151 22 634 15 5 118 130 27 97
0 70660 27 75 138 125 58 11 97 34 51 4 279 76 2 19 215 6 36 100 111 286 142 4 3 9 90
0 70847 19 137 51 217 76 31 31 64 78 80 21 57 69 36 35 24 6 34 46 54 72 133 32 10 30 28 306 79 44 93 326 151 28 14 113 179 170 13 65 26 114 66 1 23 29 63 11 16 69 22 91 126 78 22 16 95 241 13 49 1 59 96 28 8 151
0 71458 70 15 9 60 96 35 5 2 70 20 300 120 63 127 64 48 144 79 87 102 2 2 272 3 49 53 151 18 49 16 51 32 27 1 4 171 119 119 12 11 46 4 70 13 59 65 84 43 31 13 171
0 71696 198 109 11 70 59 61 10 125 155 126 144 78 97 42 68 50 85 18 197 51 91 59 11 158 364 10 9 242 33 64 80 27 5 27 24 10 124 30 57 1 26 40 3 24 30 6 27 34 18 51 8 44 18 94 151 3 131
0 71786 142 13 229 9 113 131 123 90 29 9 99 70 3 62 83 20 107 10 104 82 6 105 131 94 74 49 69 55 26 48 174 8 93 67 118 55 180 13 184 65 108 275 5 12 144 18 214 12 207 32 101 42 143 10 299 98 62 16 177 33 422 48 55 33 9 84 22 40 78 128 9 63 1 94 24 138 9 147 246 35 28 2 13 202 170
0 72068 45 5 170 25 117 36 22 21 96 63 169 35 22 10 46 30 138 90 228 10 111 62 118 54 62 41 164 7 35 52 15 88 35 128 158 1 24 46 87 70 132 78 188 15 99 21 114 30 16 1 42 54 67 23 11 5 9 4 23 22 40 36 58 4 134 74 368 7 39 179 42 86 72
0 72133 46 37 120 26 25 7 23 1 39 112 9 147 128 57 106 112 300
0 72221 256 60 72 28 27 2 175 53 25 28 189 21 338 5 53 156 40 69 90 76 39 24 14 92 23 39 126 6 146 82 220 26 86 13 11 41 84 74 77 68 22
0 72474 43 49 29 13 19 62 63
0 72725 55 26 128 22 22 2 237
0 72748 174 29 112 32 21 79 323 24 2 114 45 80 65 99 13 119 139 190 30 44 2 24 54 46 57 17 23 3 97 42 117 16 96 14 74 16 11 5 362 1 29 150 232 61 50 18 110 53 48 90 162 27 40 22 37 193 35 43 22 29 24 9 19 1 48 141 11 176 98
0 72772 84 15 71 31 76 258 311 35 153 79 34 5 1 109 58 47 51 8 164
0 72863 11 9 122 118 6 15 98 159 357 59 21 140 172 43 83 127 76 14 14 31 158 55 43 48 38 18 257 45 46 12 84 100 6 9 38 19 119 45 140 12 93 7 21 4 107 2 20 100 100 15 175 23 192 122 42 20 14 8 107 49 89 84 18 37 119 9 71 113 13 119 32 90 14 182 421 38 102 46 210 16 160 18 94 24 199 39 10 60 174 19 81 35 5
0 73060 9 5 23 24 57 80 176 173 171 34 75 142 33 15 284 21 143 7 87 34 45 10 212 162 109 9 2 39 17 7 56
0 73510 94
0 74163 116 1 3 89 6 26 237 84 130
0 74194 7 82 39 11 1 19 174 45 231 50 122 23 142 40 31
0 74243 60 4 202 2 123 13 175 28 83 190 30 172 2 81 77 21 357
0 74294 278 59 12 26 567 106 98 46 239 7 291 44 48 18 5 28 97 16 132 5 78 3 123 7 172 41 38 14 60 40 94 42 39 2 37 4 29 12 138 63 160 33 9 7 17 18 77 82 75 50 80 20 16 49 89 5 74 87 31 73 20 21 50 212 122 79 122 57 95 80 197 8 17 14 89 77 1 17 148 59 63 32 81
0 74399 173
0 74576 216 26 130 12 69 65 12 63 103 30 207 4 31 23 29 87 113 13 20 101 126 17 44 40 144 8 218 22 89 105 26 46 91 15 44
0 74693 4
0 74759 60 100 20 56 15 37 67 31 50 141 65 124 87 2 94 176 26 10 87 140 136 12 107 138 103 17 88 91 184 4 130 25 23 107 79 25 126 28 73 3 18 9 43 80 130 45 23 16 30 159 62 4 93 11 119 1 391 6 9 86 151 119 246 124 450 10 66 121 7 58 236 55 78 94 62 291 129 24 448 19 28 64 33 168 26 9 36 10 73 7 64 151 38 3 43 44 53 23 41 12 11 29 56
0 75013 49 6 20 28 34 8 86 11 155 7 70 38 111 15 311 15 147 16 144 151 119 44 168 20 44 85 27
0 75236 181 191 41 124 40 193 4
0 75338 81 44 5 1 507 117 3 3 72
0 75350 7 16 347 17 47 17 194 129 147 161 106 24 270 49 5 3 19 5 71 40 17 17 69 54 186 23 19 209 12 13 177 31 6 8 208 22 52 46 108 49 20 46 41 24 191 34 41 75 43 37 11 37 45 10 2 4 75
0 75540 182 10 101 32 139 53 16 8 97 16 36 25 178 30 9 22 71 48 44 5 91 252 23 14 416 49 20
0 75571 41 77 218 48 501 44 1 36 70 86 15 18 122 1 63 8 217 94 230 32 244 159 793 217 161 72 83 5 3 2 7 120 85 11 109 47 26 45 98 38 107 25 55 50 9 251 10 126 75 77 388 46 21 38 13 2 37 44 47 106 247 99 80 91 65 8 83
0 75727 78 179 106 3 373 8 135
0 75942 67 13 10 36 54 63 221
0 76115 43 36 14 7 42 57 11 3 26 22 5 80 84 39 80 8 171 11 1 73 128 163 12 24 185 18 181 9 31 4 199 11 28 55 61
0 76219 233 31 277 15 267 89 114 38 49 8 187 20 10 117 12
0 76260 35 73 116 22 80 80 126 6 139 58 16 24 8 41 243 67 43 6 59 4 191 17 67 76 94 99 48 40 1 32 75 64 72 144 47 62 45 23 21 94 111 21 30 133 361 232 46 32 57 2 65 49 1 21 56 48 127 62 237 34 149 9 52 161 91 62 9 6 21 20 39 93 241 15 64 107 252 80 162 29 61 12 8 38 9 27 278 33 82 47 83 76 21 12 14 20 549 106 109 97 93
0 76347 238 54 84 38 200 2 8 39 7 23 138 17 34 27 35 27 46 63 103 2 11 29 36 23 22 174 7 209 33 51 122 114 251 15 116 31 114 43 275 59 39 47 28 151 80 60 104 45 82 55 25 46 23 106 7 23 63 3 104 39 84 64 21 69 206 65 250 12 97 1 191 110 27 67 235 29 2 9 301 18 178 28 137 102 40 11 64 97 36 80 3 18 130 139 6 47 19 41 31 47 6 22 28 13 164 16 322 43 89 103 100 32 196
0 76474 221 134 156 46 9 4 113 7 159 116 79 21 152 10 123 32 61 16 95 20 52 7 125 14 318
0 76563 63 26 221 86 20 24 100 41 87 7 103 22 19 36 183 58 415 58 2 125 43 2 74 66 24 16 118 190 10 22 27 89 29 15 113 38 95 18 53 64 180 32 177 5 106 29 120 26 96 29 92 11 46 58 47 41 28
0 76573 238 32 60 103 60 61 181 51 32 10 100 4 8 38 191 8 77 45 389 2 186 45 136
0 76708 53 75 36 10 90 15 117 8 41 99 143 45 100 43 35 15 50 27 270 25 37 18 136 46 5 1 10 89 30 5 150 16 218 97 63 30 12 1 5 10 32 20 108 259 39 78 256 25 14 3 171 5 29 31 137 63 186 14 36 37 70 2 19 66 3 3 204 95 55 23 323 73 47 11 98 71 23 14 71 53 10 88 24 11 11 11 101 19 98 87 6 30 77 122 139 22 59 75 96 35 29 4 33 27 44 8 218 26 147 81 207 74 74 64 133 35 131 23 4 32 4 14 131 69 240 62 283 10 299 44 74
0 76715 233 54 36 147 18 1 37 63 84 9 11 4 56 99 629 99 279 61 291 16 37 135 106 85 18 34 251
0 76783 289 23 163 90 130 19 69 84 38 15 43 3 57 77 7 54 190 43 5 18 127 22 168 52 5 15 92 9 36 15 12 77 193 4 19 37 56 24 200
0 76863 45 15 112 56 17 104 115 167 252 96 154 2 100 29 24 154 60 42 53 29 37 12 249 10 199 76 374 50 12 39 381 13 18 12 93 109 46 54 11 125 128 25 84
0 77064 58 9 13 15 446 15 64
0 77225 18 20 123 100 74 200 90 2 182 4 393 18 119 44 38 17 243 44 10 167 111 7 104 10 298 77 24 26 202
0 77330 26 28 13 79 9 203 4 33 60 13 471 42 50 74 51 76 63 75 294 16 12 20 197 38 148 64 77 14 15 47 61 40 724 37 149 22 97 8 90 20 61 38 78 134 136 7 7 86 38 43 37 33 145 39 66 13 19 97 5 34 11 54 15 129 346 91 33 62 77 26 40 11 40 22 79 36 238 19 77 28 235 11 131 13 139 106 17 186 43 99 10 65 159 120 77 80 174 15 327 46 45 81 103 31 44 25 36 33 254 5 62 27 37 39 144 47 71 47 4 22 164 31 190 68 102 5 193 11 4 20 39 62 260 8 147 154 64 63 328 27 117 69 165 44 124 113 47 5 6 140 77 32 46 142 45 6 59 9 173 16 15 52 10 34 66 30 16 14 12 15 19 8 104 44 174 7 236 25 18 25 22 55 150 35 15 75 42 10 28 141 135 112 40 44 95 12 3 63 3 12 46 32 334 102 112 52 21 14 302 84 176 54 1 130 41 18 146 31 19 20 35 221 148 22 32 7 44 14 226 76 36 164 41 27 232 38 28 79 59 3 13 56 184 120 83 21 27 30 324 45 22 32 49 68 70 28 16 7 153 59 99 43 114
0 77540 197 32 54 86 228 54 166 4 61 28 128 108 28 10 56 13 35 12 145 22 233 64 93 171 89 29 11 2 80 210 190 109 207 60 7 41 49 23 21 20 23 71 17 10 46 2 8 92 134 12 98 96 7 35 118 9 71 14 85 42 45 82 10 51 66 5 39 8 506 65 1 116 31 27 255 16 81 40 36
0 77547 61 154 56 45 57 36 43 50 9
0 77895 183 20 146
0 78057 133 76 2 72 283 6 38 22 7 93 48 121 49 4 14 23 135 55 140 75 31 161 61 61 112 109 150 10 61 9 40 44 125 22 137 19 310 37 126 91 61 35 7 4 37 47 227 15 183 25 21 11 93 17 403 99 91 52 11 23 22 2 256 5 129 8 111 21 43 90 44 18 91 11 54 83 113 87 684 15 43 33 80 23 5 46 90 18 103 8 34 109 25 7 62 23 523 43 183 25 74 104 29 15 24
0 78183 179 12 8 35 135
0 78234 17 46 54 52 246 10 51 71 193 61 147 9 119 1 53 72 18 98 14 44 17 19 60 60 50 101 294 5 70 3 28 45 10 10 42 98 94 79 6 2 33 26 136
0 78242 22 117 13 79 27 63 20 65 43 90 68 32 381 33 25 143 173 10 51 73 117 3 90 58 3 38 50 3 107 3 121 30 19 6 27 86 99 60 80 163 11 33 232 20 15 31 197 41 90
0 78595 110 63 54 58 7 131 134 17 11 141 30 161 68 181 29 190 16 39 66 118 228 161 72 31 220 3 37 10 14 53 10 72 52 55 29 11 47 64 25 29 35 30 51 1 156 29 30 109 110 93 247 58 79 257 175 12 23 12 24 5 1 9 40 39 735 143 184 31 5 117 265 27 40 20 14 10 97
0 78630 147 54 6 157 115 4 29 249 61 27 27 24 60 97 64 10 69 27 37
0 78697 94 61 46 31 190 4 5 165 150 4 252 44 60 93 89 33 29 17 67 50 391 31 63 37 105 73 14 42 37 38 3 88 29 62 186 35 141 15 44 44 128 4 207 38 39 79 694 4 16 168 14 35 15 60 52 58 251 112 110 45 13 15 10
0 78846 167 7 66 80 69 55 177 140 7 21 64 55 51 1 146 2 70 81 88 49 48 18 54 16 61 32 169 19 15 66 55 162 46 11 288 30 92 8 17 43 17
0 78949 52 21 126 22 98 66 50 99 106 88 117 32 10 11 272 54 241 16 111 163 36 45 49 76 350 3 191 211 38 22 61 85 96 235 64 31 64 56 1 56 15 92 9 24 103 41 293 53 35 65 105 60 14 15 119 20 151 55 50 23 66
0 79024 207 33 17 242 33 57 38 27 247 8 74 50 14
0 79152 239 68 25 41 133 34 15 40 44
0 79156 91 62 132 32 16 30 128 26 11 90 48 87 100 74 64 47 42 7 14 48 333 241 137 6 174 104 113 21 40 53 8 30 66 16 4 18 725 66 100 31 166
0 79522 17 124 76
0 79586 64 14 59 5 64 55 11 43 5 57 40 22 60 3 14 32 233 21 6 39 21 15 322 1 66 2 512 2 34 62 34 13 42 2 29 6 63 30 204 12 158 33 142 133 65 29 48 37 10 59 3 30 8 80 33 48 36 106 44 47 64 17 95 55 61 58 74 66 165 137 340 49 95 48 41 97 89 87 266 56 197 25 57 17 5
0 79781 29 30 95 14 147
