0 0 273 13 13 52 13 148 22 25 390 155 66 107 13 12 203
0 68 66 100 64 45 56 50 107 3 143 1 46 138 39 5 833 47 60 75 156 25 4 5 12 130 320 194 142 17 1 37 331 25 47 25 79 55 159 5 252 126 130 18 311 6 145 5 35 116 48 100 197 27 17 81 50 99 60 137 48 50 220 27 94 23 73 10 90 63 41 3 69 44 10 72 168 38 97 57 3 38 80 77 96 9 61 202 40 62 72 18 35 59 51 16 136 107 249
0 140 260 3 8 124 23 12 152 29 136 57 13 14 124 25 2 13 375 15 128 130 25 191 9 102 9 78 176 41 173 122 20 123 396 37 20 69 140 5 370
0 369 53 29 42
0 391 53 1 44 131 16 28 80 21 29 9 222 3 462 90 63
0 601 47 163 364 44 4 81 74 9 71
0 619 138 52 138 124 143 38 1 5 32 96 15 148 150 128 34 5 26 42 251 98 51 14 80 39 91 217 55 19 91 47 26 11 152 3 28 11 86 80 22 2 5 88 150 34 8 3 52 14 21 86 153 23 137 58 63 76 230 115 61
0 711 58 144 191 47 9 105 39 8 180 17 36 63 93 156 101 38 7 33 467 49 217 3 174 3 32 9 74 148 40 151 22 45 22 23 194 58 13 1 77 81 58 37 133 24 53 33 4 28 2 13 308 38 93 15 33 55 163 65 201 59 77 120 102 33 6 37 120 6 202 34 405 40 24 10 78 87 331 16 66 2 81 28 9 34 594 107 192 51 67 8 67 38 18 14 67 36 60 59 258 9 16 6 19 69 167 74 133 48 37 36 46 125 29
0 738 51 9 6 20 117 21 111 9 69 9 313 29 50 34 54 68 3 92 70 41 32 37 126 85 51 91 352 24 111 11 48 39 30 21 51 92 50 83 76 44 146 160 126 26 363 64 133 104 191 9 11 34 131 177 7 56 70 53 87 28 104 87 41 5 51 21 25 141 80 68 220 25 36 138 62 49 21 1 117 54 402 9 57 16 6 12 96 68 149 3 36 120 14 3 18 29 183
0 1095 171 115 62 1 54 85 6
0 1570 32 99 9 26 71 27 112 46 32 151 23 30 99 25 23 4 122 39 32 33 248 51 93 88 5 11 113 20 2
0 1643 65 17 146 32 366 261 7 26 20 43 11 16 179 26 12 92 126 89 39 10 4 11 6 5 27 44 124 152 35 2 51 3 30 84 1 27 117 40 10 51 93 47 77 60 70 126 6 81 27 68 105 100 248 48 467 172 28 45 31 3 14 4 23 90 68 1 83 197 46 1 122 9 67 1 15 88 149 21 2 45 117
0 1651 57 4 189 13 4 14 27 56 75 36 69 25 194 72 132 22 73 64 88 11 312 100 29 3 172 5 22 39 118 21 65 57 307 5 438 39 351
0 1853 155 75 86 117 230 5 105 8 111 47 263 32 190 7 160 45 23 11 123
0 2632 300 18 145 123 93 181 52 82 27 147 80 5 104 54 101 47 201 40 46 132 45 37 340 15 151 18 66 7 100 42 115 104 15 35 27 10 4 3 225 27 25 11 131 46 56 24 67 70 94 66 68 45 221 31 134 66 57 26 6 109 8 36 100 21 161 103 77 3 3 15 10 89 109 69 111 4 3
0 2786 96 76 105 86 52 5 66 17 14 33 99 127 66 263 109 43 4 23 167 34 78 19 80 4 74 18 83 220 41 26 57 109 65 6 81 21 185 43 132 71 153 164 81 15 30 1 11 275 15 34 193 57 145 69 120 18 3 75 84 62 325 14 17 4 139 3 32 32 184 2 92 134 155 55 129 2 136 49 145 37 116 50 104 22 129 57 27 60 41 82 120 58 21 128 13 77 61 38 35 2 134 50 164 36 62 21 151
0 2946 49 54 128 5 229 6 68 26 81 58 12 39 83 8 32 2 122 45 43 105 229 6 74 35 167 78 92 6 28 90 109 10 12 12 23 232 21 129 20 6 168 2 210 53 45 102 29 62 15 44 466 35 16
0 3057 18 18 32 39 418 177 14 100 65 36 399 134 32 31 22 13 5 1 60 80 143 41 43 256 36 71 114 20 23 24 99 37 88 19 16 95 92 28 208 43 68 149 82 87 49 24 53 1 21 10 38 12 49 57 88 121 92 4 2 1 104 38 95 91 46 6 80 39 17
0 3147 21 141 86 63 83 122 18 52 100
0 3244 50 27 10 103 50 5 40 54 97 73 2 22 41 113 9 64 28 48 33 73 128
0 3387 87 98 113 22 104 188 22 31 5 19 38 24 79 102 27 32 125 128 76 121 95 74 115 68 270 10 178 5 263 63 15 108 147 54 212 11 104 14 68 16 16 21 34 65 30 11 188 175 101 42 272 38 86 4 68 34 85 25 133 23 21 34 6 33 52 168 104 12 80 113 180 5 77 17 42 5 234 43 102 48 4 28 541 6 126 43 250 45 378 4 246 3 45 15 277 39 27 1 3 2 19 18 17 134 9 82 74 27 11 44 22 10 232 121 9 45 119 15 9 48 148 140 72 5 4 81 72 85 179 78 142 113 169 6 48 81 106 91 76 38 190 48 263 90 3 37 12 44 87 7 14 130 189 89 1 14 45 4 14 18 16 64 80 81 111 211 4 20 28 21 96 16 62 54 25 75 121 45 518 37 36 13 266 23 100 41 24 34 8 5 7
0 3443 88 61 130 23 77 7 84 20 28 65 202 57 36 92 18 57 48 24 7 25 81 7 28 43 1 41 64 81 9 2 76 64 115 125 26 81 75 11 14 35 128 116 77 7 491 56 27 20 41 38 188 132 67 17 74 114 68 46 23 40 199 2 45 21 28 24 25 19 38 71 60 25 105 120 44 118 84 42 121 5 100 48 45 81 35 34 36 49 46 78 10 39 61 20 41 15 10 4 6 142 80 91 62 63 39 8 47 45 364 41 59 10 347 7 16
0 4080 304 36 151 104 68 11 23
0 4331 309 37 83 25 172 4 13 108 45 61 56 66 1 19 37 16 45 32 97 40 24 1 48 6 231 147 26 14 115 31 184 38 38 9 112 137 224 15 42 95 126 62 38 1 102 10 5 46 76 69 119 23 140 32 53 77 25 208 517 16 92 18 443 30 44 43 76 49 137 19 55 42 175 5 54 3 64 147 92 51 105 7 124 14 4 64 125 62 114 2 113 16 189 33 114 42 51 268 1 184 460 57 14 21 34 21 2 55 110 152 3 89 95 59 45 33 92 44 59 15 125 71 86 26 60 55 35 9 254 25 96 68 124 1 147 89 167 28 24 31 127 12 5 27 65 39 82 64 121 14 44 24 210 105 219 45 2 47 65 19 87 33 140 61 474 1 46 9 46 35 15 16 6 102 41 5 85 95 136 116 337 10 10 128 11 111 7 1 69 67 77 83 66 3 4 70 136 38 11 13 62 55 59 80 227 91 472 117 244 27 51 31 43 31 160 4 14 5 50 97 22 139 8 5 125 39 610 13 135 118 2 28 140 11 5 35 55 63 41
0 4620 32 94 147 16 12 123 7 14 150 111 46 192 84 98 82 7 181 2 67 147 85 167 44 112 180 4 126 5 282 101 77 189 110 19 225 7 240
0 4657 25 92 46 6 157 67 320 11 36 22 68 72 6 113 169
0 4794 71 6 10 14 22
0 4830 29 14 18 34 195 21 41 7 82 28 157 29 50 97 16 17 287 18 20 11 36 16 205 24 493 7 108 11 5 3 56 24 54 32 72 1 537 81 275 9 248 217 232 22 44
0 4938 68 17 40 139 21 36 60 45 53 12 124 115 52 40 253 6 94 54 42 164 27 72 8 129 29 91 72
0 5019 34 1 44
0 5363 32 51 1 27 20 37 82 10 188
0 5373 8 9 5 54 68 18 108 94 75 2 40 74 122 2 36 6 46 46 37 99 148 13 34 41 23 299 70 41 157 13 78 105 163 34 116 6 225 28 87 36 70 56 108 102 338 24 158 15 4 6 138
0 5481 217 31 74 20 44 6 171 10 80 48 78
0 5657 458 20 137 127 9 216 103 14 66 117 88 10 43 108 5 9 50 78 235 5 495 52 84 150 43 5 38 57 276 51 93 32 19 44 59 65 114 53 197 77 26 11 139 5 34 10 102 3 25 61 117 51 192 20 37 21 92 14 184 185 101 74 83
0 5855 79 84 69 6 17 28 169 17 417 96 43 44 150 6 21 42 205 42 43 21 63 7 134 88 62 11 303 6 366 36 64 62 225 15 162 41 50 56 38 18 131 57 64 10 30 31 63 39 299 35 49
0 5961 87 11 2 44 213 8 66 21 9 32 21 16 19 40 36 62 224 140 140 37 218 16 94 144 74 8 105 23 22 84 105
0 6011 187 96 107 8 22 26 251 77 16 4 59 39 104 26 43 43 67 80 198 62 12 89 222 4 163 56 85 141 52 52 20 10 87 62 201 58 39 138 184 20 31 2 135 127 1 82 20 76 98 19 100 125 54 22 19 24 133 80 114 42 128 53 143 6 180 80 95 112 189 96 132 13 26 99 121 37 109 46 93 92 191 12 41
0 6091 81 23 312
0 6094 18 70 52 77 6 50 131 53 202 4 16 4 43 68 122 132 2 48 31 42 164 19 132
0 6224 171 7 41
0 6345 10 69 346 41 145 61 32 5 49 78 164 4 121 27 63 126 87 130 125 13 131 189 21 6 42
0 6596 247 49 252 25 47 20 128 78 18 43 79 133 202 37 121 52 11 42 77 1 503 5 229 39 327 11 100 4 577 1 5 19 215 41 463 10 89 63 13 48 285 7 9 53 406 19 1 75 200 115 26 32 1 12 71 55 31 12 15 53 23 17 7 25 48 101 3 45 9 70 291 38 118 44 15 15 218 33 239 5 181 127 169 38 112 23 74 47 117
0 6687 24 27 16 50 310 48 159 123 46 27 71
0 6908 20 34 32 5 73 48 253 52 221 209 301 151 69 18 90 26 104 1 117 43 216 31 129 9 8 9 156 6 14 56 17 1 248 53 104 49 91 86 149 31 13 183 79 66 15 12 29 201 30 6 15 76 304 65 101 27 65 86 17
0 6934 186 54 229 10 13 15 27 12 70 51 108 132 264 1 66 1 26 10 273 36 79 41 10 53 7 16 113 1 61 12 4 53 7 24 231 16 83
0 6997 87 34 78 98 46 124 145 4 27 1 117 22 114 34 134 8 108
0 7191 188 65 83 34 63 121 88 212 36 4 169 74 118 9 52 6 129 65 18 116 78 50 107 39 3
0 7509 30 29 71 93 13 43 44 58 113 4 107 121 77 36 161 58 96 153 209 11 64 100 44 27 25 11 19 115 207 112 35 27 80 2 336 57 107 12 17 146 130 88 73 5 92 50 4 2 99 41 153 2 64 130 145 46 54 3 86 33 78 56 126 54 20 34 144 3 271 2 25 74 25 135 148 13 107 15 398 2 501 69 147 26 14 172 356 53 94 28 21 86 82 82 78 45 47 5 68 19 79 75 206 116 315 43 43 17 127 32 3 87 297 143 112 26 37 4 7 58 1 104 9 127 226 52 14 11 189 17 159 33 206 20 56 54 170 151 7 5 25
0 7604 29 57 36 42 53 56 17 2 41 123 38 29 75
0 7874 136 28 164 23 169 175 19 64 12 27 194 39 11 54 15 80 89 155 66 39 36 98 232 10 254 27 401 27 15 38 60 2 131
0 7917 70 93 78 114 48 18 44 55 90 79 112 25 117 109 118 11 4 22 46 6 55 4 137 52 24 58 96 55 162 113 1
0 8211 32 36 30 45 387 36 317 142 83 19 65 44 100 106 194 7 184 5 84 6 137 22 207 4 31 12 63 77 17 8 6 6 151 14 5 15 59
0 8301 392 12 31 21 115 49 56 48 121 91 36 48 36 2 143 8 132 8 86 58 15 29 17 37 8 66 211 64 189 16 48 138 294 25 500 35 31 12 154 111 7 138 25 112 359 80 118 52 164 18 33 115 23 95 127 165 148 112 32 63 122 38 127 54 58 21 37 33 63 44 32 84 301 3 15 73 52 9 224 86 40 15 165 151 55 3 55 33 76 22 25 1 59 13 36 110 19 116 13 25 40 17 100 98 240 34 137 2 141 230 33 1 121 12 68 59 71 114 48 129 66 57 333 136 132 3 441 85 1 68 61 82 11 295 181 75 190 12 136 103 311 72 38 36 168 28 107 1 221 26 22 204 33 26 201 18 34 19 136 48 25 96 157 178 156 40 19 72 216 29 109
0 8542 109
0 8732 58 83 5 3 45 76 17 31 2 48 52 54 8 8 42 84 510 19 80 6 321 12 76 98 53 28 368 13 38 123 217 58 214 91 59 74 1 164 106 82 64 395 47 112 174 1 48 113 25
0 9047 11 74 20 224 101 28 75 29 319 22 46 146 160
0 9188 99 59 48 9 231 130 74 136 50 3 140 22 80 9 67 3 121 20 34 26 96 5 13 37 114 23 69 20 23 75 107 15 68 101 277 79 184 12 200 151 85 25 81 48 12 77 45 256 429 92 1 45 77 81 120 7 6 28 12 51 24 108 69 40 64 11 119 54 44 82 459 28 75 66 96 26 104 15 220 95 35 69 116 31 27 26 65 89 134 29 132 3 91 29 23 71 20 104 17
0 9360 23 22 64 43 2 40 376 5 207 26 252 39 168 24 34 8 20 10 307
0 9525 120 79 17
0 9540 158 21 25 32 106 8 371 97 20 12 12 97 353 137 121 32 35 2 47 60 113 29 1 38 280 6 45 184 47 12 167 5 80
0 9683 216 253 2 98 73 230 169 122 444 20 151 45 26 20 142 30 57 44 9 39 12 123 83 112 33 61 36 12 15 38 90 84 53 2 166 1 64 28 110 51 77 36 4 44 191 25 274 8 34 44 22 44 50 34 171 13 59 30 446 101 198 66 34 29 128 22 100 42 15 150 11 27 129 1 330 33 45 106 142 15 320 27 84 79 11 92 36 45 3 43 3 9 54 66 24 60 43 2 229 28 111 15 2 5 16 251 233 62 93 27 59 12 55 62 66 45 152 168 7 32 17 12 131 48 106 5 259 33 10 38 35 19 125
0 9822 36 72 38 77 59 38 48 38 15 32 10 79 36 49 35 53 144 54 126 43 14 36 273 83 77 64 229 125 2 17 56 17 172 6 120 102 264 63 100 23 35 40 46
0 9954 81 30 19 14 57 3 12 29 103 100 112 1 181 8 149
0 9961 90 130 12 85 25 73 10 8 74 171 110 72 13 209 12 41 41 54 29 1 44 4 205 21 4 60 25 7 180 27 9 59 21 24 14 20 760 55 53 9 12 171 214 11 58 31 59 14 56 55 103 33 126 64 39 51 80 42 99 59 9 112 99 62 18 7 54 95 21 97 402 91 120 152 40 27 331 27 29 59 39 5 397 38 47 41 60 63 7 107 16 90 103 179 128 19 357 14 57 57 17 32 241 27 73 175 79 25 17 12 114 39 83 18 654 100 320 5 22 42 107 94 90 102 37 39 135 50 70 60 10 45 301 31 219 4 147 20 188 24 165 28 5 18 111 29 32 80 15 4 64 93 312 7 71 24 86 17 17 10 29 71 100 50 6 114 6 229 191 46 25 21 194 49 130 126 65 4 20 5 54 68 19 2 70 2 11 41 82 60 80 42 140 63 97 4 34 30 12 43 189 149 58 29 46 32 43
0 10118 357 5 12 14 91 24 198 23 296 43 415 6 18 142 60 16 203 21 110 3 11 52 388 17 96 33 187 85 410 11 9 38 32 91 13 21 19 92 205 262 274 42 62 12 68 18 122 67 137 21 15 79 25
0 10466 9 67 12 80 104 9 195 37 17 70 46 153 37 10 128 25 50 59 319 13 109 40 39 136 214 42 24 114 121 67 224 42 201 21 175 107 457 65 20 37 92 35 129 97 54 132 80 46 53 55 208 20 403 13 72 7 134 146 132 2 115 62 407 314 54 55 271 45 135 15 48
0 10570 114 14 87 70 226 32 2 28 71 128 53 36 88 30 104 16 244 9 81 42 3 70 82 26 114 172 12 81 63 36 8 104 121 150 141 35 102 58 4 10 119 63 70 87 46 19 50 18 8 70 205 42 58 21 118 27 185 19 51 47 141 6 163 10 72 22 71 44 233 14 229
0 10659 100 16 55 48 117 19 137 7 115 38 393 77 18 146 17 10 11 29 260 3 9 26 96 12 32 18 60 1 315 77 98 107 169 27 89 52 102 2 420 39 5 12 22 37 670 14 442 35 36 82 187 98 256 12 113 117 15 4 21 33 108 14 378 29 60 22 79 13 262 111 86 40 19 120 188 30 44 26 105 1 19 35 9 43 9 43 310 74 47 40 190 115 112 73 185 34 29 8 199 2 95 5 19
0 10702 75 19 127 3 202 14 5 92 261 33 6 55 19 12 57 6 256 4 6 40 162 44 40 13 104
0 10753 164 10 120 63 12 35 53
0 10772 163 33 9 12 29 79 54
0 10899 110 40 17 55 189 19 3 74 49 14 121 153 143 76 135 59 167 25 37
0 10968 62 84 33 11 9 4 250 65 13 26 9 41 103 7 99 59 25 17 76 117 311 42 7 18 368 2 24 40 48 28 45 2 75 4 176 3 375 38 61 11 31 28 171 153 24 213 60 116 58 24 393 5 38 74 162 56 69 14 70 15 4 60 17 21 210 3 23 43 63 46 76 85 18 63 5 80 6 55 13 12 158 1 409 21 14 6 454 128 159 54 299
0 11081 139 21 502 12 516 27 47 3 11 14 147 9 33 65 26 112 4 105 84 63 72 34 182 26 26 106 8 6 39 20 435 44 140 2 67 88 40 136 102 18 159 50 131 54 2 25 12 12 14 17 33 86 2 127 24 59 181 83 35 50 42 57 24 30 116 47 29 26 4 19 210 27 144 43 23 35 14 12 213 18 73 49 34
0 11631 183 23 142 18 16 17 292 28 91 29 9 134 15 9 279 14 180 124 449 3 131 1 64 73 30 42 118 5 63 85 97 114 168 46 74 19 58 145 139 54 95 21 119 6 19 13 11 3 101 8 4 38 224 5 14 174 24 5 114 163 86 9 128 18 85 1 19 173 197 16 138 42 277 68 51 5 122 42 99 62 221 239 32 4 75 35 211
0 11641 208 11 103 285 165 86 275 25 7 47 482 99 62 103 46 26 40 12 53 28 91 8 201 24 122 56 208 41 134 17 167 17 87 109 77 27 137 61 36 65 71 3 29 6 50 61 83 55 78 15 144 9 77 8 31 14 37 14 18 29 23 50 99 4 24 34 90 71 7 24 41 8 63 2 71 52 24 9 115 55 142 16 195
0 11653 24 40 309 93 1 1 52 363 126 139 4 26 52 17 9 82 52 25 50 81 59 30 41 14 63 22 40 70 32 32 87 22 87 22 114 120 46 36 10 188 298 50 264 170 75 80 111 1 92 34 214 69 5 125 69 9 35
0 11764 42 43 158 54 20 90 116 61 44 44 17 16 381 52 23 73 129 24 61 24 14 91 162 15 148 3 61 103 47 13 29 15 43 181 356 15 64 136 79 14 33 42 61
0 11835 87 28 18 38 51 29 30 34 25 20 33 59 7 2 146 54 60 1 15 71 28 155 11 1 62 62 61 19 245 91 80 95 179 18 227 48 96 65 55 16 56 127 6 3 29 3 67 6 117 15 8 9 182 40 25 22 12 120 117 4 22 75 113 26 170 7 137 5 56 17 17 34 47 36 44 63 126 53 1 11 49 21 27 26 204 70 26 4 64 7 4 119 64 10 119 52 95 3 83 82 121 39 30 25 5 39 28 77 20 9 221 17 16 16 27 46 40 19 145 11 385 13 5 121 10 182 225 18 76 47 95 25 17
0 11997 413
0 12214 4 54 213 106 65 10 56 27 97 12 77 39 34 174 24 84 165 9 126 6 144 1 240 63 14 36 262 21 38 154 4 9 50 29 130 7 33 5 65 35 81 38 233 28 498 73 47 18 17 10 94 41 74 19 23
0 12245 73 27 55 15 114 11 19 62 79 61 50 58 138 38 1 71 47 97 244 6 38 2 37 13 131 9 145 146 484 16 23 64 18 25 215 230 92 15 26 76 83 40 476 101 170 13 94 68 366 5 66 21 18 9 26 11 150 53 35 25 73 159 261 125 124 20 152 7 161 42 53 60 49 51 124 141 78 18 4
0 12278 624 188 98 25 37 6 37 65 43 57 11 102 234 29 138
0 13061 74 10 191 4 65 142 85 8 188 27 102 41 7
0 13456 61 58 11 43 24 58 19 136 122 41 143 40 92 111 173 6 41 5 122 109 294 4 182 155 61 34 186 32 2 93 46 84 129 50 48 243 63 102 26 30 296 5 33 95 123 41 61 144 70 30 129 144 61 10 17 38 181 1 145 25 47 27 24 7 123 11 355 5 77 12 79 175 189 38 194 26 98 30 604 38 30 19 26 41 10 112 1 41 39 87 192 33 115 35 107 1 53 97 9 11 4 86 175 9 136 12 31 125 36 16 56 11 78 2 11 43 308 25 595 134 201 25 46 23 35 42 17 94 110 23 84 32 23
0 13625 8 86 78 26 27 17 77 9 35 19 145 12 34 23 14 49 169 76 64 80 51 2 7 24 434 5 382 9 14 55 267 7 273
0 13738 9 44 5 4 16 8 106 2 155 63 140 20 213 34 45 58 166 4 113 3 46 54 40 5 322 120 57 43 48 6 2 20 13 6 83 41 21 149 14 17 2 13 149 66 23 32 169 11 53 50 90 103 8 8 67
0 13774 149 9 28 100 45 90 12 43 109 6 83 36 20 21 282 121 43 59 80 42 227 26 143 23 3 60 38 194 27 108 420 13 201 48 39 32 44 40 34 20 164 17 101 48 11 79 82 26 239 1 119 114 15 101 533 100 2 56 169 7 204 1 136 52 133 34 14 4 46 46 165 104 10 28 137 22 86 2 29 63 37 20 33 62 101 3 198 33 85 21 4 13 12 72 155 135 158 22 68 17 39 14 180 25 89 4 280 13 16 113 56 215 14 31 38 1 9 100 58 19 81 29 101 13 37 100 47 6 3 107 94 36 447 39 95 249 109 91 31 297 38 12 122 6 665 109 122 25 133 24 252 25 90 30 41 136 68 52 78 66 288 30 16 11 74 60 94 20 467 29 252 37 12 38 14 99 103 16 63 35 6 16 222 25 26 116 20 234 15
0 13861 12 88 150 45 39 9 77 114 38 92 2 60 151 107 44 47 26 14 55 13 97 42 63 87 75 20 134 6 10 1 71 120 180 9 1 103 22 15 39 78 31 46 136 48 33 24 43 47 7 201 44 117 89 225 8 92 145 68 2 64 53 24 13 17 65 19 232 10 62 33 149 62 14 38 84 98 84 2 4 6 234 176 126 70 253 47 70 63 21 10 191 19 42 34 107 33 87 46 51 6 45 23 43 23 5 86 39 131 11 35 87 72 14 14 52 37 25 100 222 8 118 22 97 11 56 9 221 18 242 25 36 151 31 1 150 3 20 93 2 4 37 39 243 28 30 7 52 208 167 15 144 15 285 27 48 11 81 77 136 1 275 49 41 24 56 4 190 27 125 58 55 116 249 197 7 73 96 90 352 52 99 28 260 21 69 45 80 35 59 33 142
0 13981 70 22 25 1 3 30 20 11 245 102 53
0 13992 148 15 20 19 312 61 45 42 104 116 31 4 211 51 39 37 168 66 7 32 211 48 38 57 166 27 5 48 37 1 76 2 36 20 109 19 63 19 189 316 4
0 14016 13 48 160 107 3 6 30 31 52 85 42 24 193 5 180 26 105 51 6 193 195 41 214 121 119 64 3 63 8 66 26 212 89 132 49 36 210 20 98 88 10 34 56 51 58 7 66 6 23 14 58 8 48 29 296 33 11 11 79 16 31 73 75 68 59 52 149 59 250 12 136 9 279 94 409 3 91 31 87 4 75 94 75 148 80 27 97 38 119 163 121 50 80 75 17 108 132 8 47 74 47 11 118 20 260 2 43 16 32 51 115 69 530
0 14079 211 2 44 16 237 20 47 54 15 2 45 30 10 64 81 123 209 37 47 1 26 88 4 26 24 139 140 3 3 23 13 158 1 162 115 217 73 82 218 27 487
0 14302 29 10 33 12 374 7 105 78 30 27 111 84 20 88 86 11 36 10 35 47 19 22 6 54 34 132 81 12 71 7 3 84 107 13 79 19 160 3 23 93 211 64 60 30 131 5 257 60 30 14 13 8 52 29 210 245 4 15 48 57 2 24 52 184 3 4 175 119 36 25 30 2 26 17 8 55 25 16 407
0 14321 63 109 279 114 15 26 127 55 25 48 210 76 176 57 213 14 247 66 4 24 303 8 254 127 155 47 98 16 63 68 76 87 29 51 129 6 143 84 28 47 87 26 74 99 75 42 248 13 35 45 19
0 14607 55 23 50 135 124 110 82 23 20 98 121 4 227 11 44 23 92 64 1 56 41 43 35 19 210 8 103 12 9 159 29
0 14616 308 63 20 21 111 64 27 36 6 20 177 33 207 76 40 84 102 52 39 15 102 3 321 94 61 2 93 9 10 95 110 93 155 57 131 71 44 25 27 53 181 58 51 36 21 33 23 51 110 9 252 23 82 15 99 78 508 122 398 10 76 163 121 4 49 7 145 57 26 41 240 2 114 39 51 56 140 117 152 12 137 30 166 40 39 61 57 146 160 29 45 18 286 33 63 32 272 32 273 78 68 13 281 34 106 3 35 73 305 44 55 54 57 29 210 141 18 40 49 48 124 3 59 8 50 15 58 26 146 45 9 28 74 13 21 47 55 61 98 32 140 184 100 28 71 166 55 86 312 18 70 35 78 36 3 62 29 10 202 16 7 93 28 41 44 16 271 8 76 26 95 23 140 57 231 83 154 235 32 52 182
0 14655 46 31 25
0 14752 56 25 138 12 172 28 197 158 56 28 57 83 306 99 259 12 73 86 148 72 31 4 12 27 8 111 6 100 114 50 116 92 152 124 1 2 10 115 36 67 96 48 103 14 197 15 133 29 13 66 20 173 54 1 17 13 21
0 14831 113 21 10 11 143 83 49 173 45 29 7 40 416 30 66 15 30 53 8 1 429 170 194 1 15 84 181 139 19 21 56 87 209 56 160 49 103 46 10 4 13 54 771 14 148 51 80 185 41 14 37 5 34 103 268 164 84 165 2 32 45 182 61 18 80 26 9 26 69 1 39 72 20 67 49 94 43 79 72 1 49
0 15043 55 39 43 25 92 129 53 96 90 17 104 1 296 54 57 126 169 22 10 83 163 17 11 4 24 46 63 104 208 62 71 67 115 14 21 1 118 21 8 12 82 27 22 29 246 9 124
0 15081 206 88 97 50 31 4 274 15 155 23 152 23 30 49 245 2 335 15 199 77 115 89 61 139 3 5 23 33 47 27 9 32 34 1 14 6 56 40 225 139 63 110 15 89 14 69 64 54 48 42 64 2 15 25 110
0 15129 7 13 65 48 40 47 81 38 60 21 61 16 6 16 83 67 183 150 138 19 43 31 94 37 97 11 37 184 47 3 78 41 2 17 257 3 82 90 83 49 61 26 67 24 223 22 23 57 61 139 54 54 44 32 161 20 262 130 60
0 15279 110 46 9 5 129 123 150 25 36 88 44 30 54 2 104 52 23 30 10 53 48 1 19 11 64 21 52 92 543 148 14 114 45 11 122 4 75 72 34 29 64 23 17 184 66 51 115 107 135 26 54 36 23 86 56
0 16144 7 3 95
0 16320 39 43 343 1 4 2 58 26 464 5 2 40 31 91 392 43 67 7 8 133 513
0 16392 173 26 58
0 16457 76 63 232 5 3 103 137 31 133 12 74 371 15 10 38 249 13 41 11 168 51 6 5 6 68 13 65 25 51 127 276 8 96 26 39
0 16824 14 5 24 9 8 88 221 118 153 11 159 220 9 51 36 15 16 4 322 50 15 39 38
0 16861 153 14 41 37 172 9 202 25 58 10 16 70 54 57 160 39 389 115 251 56 5
0 17132 2 13 72 8 95 10 13
0 17216 3 126 767 43 52 26 70 20 81 35 13
0 17336 107 14 269 64 160 91 16 64 235 42 142 35 262 214 207 143 76 70 89 52 100 36 5 14 34 280 23 102 3 29 48 12 56 30 464 60 59 177 33 38 60 25 2 31 7 82 91 119 30 66 62 10 13 93 265
0 17516 15 24 29 81 312 64 144 83 81 12 23 28 69 37 93 8 2 30 2 11 103
0 17627 1 86 77 55 112 93 90
0 17826 100 71 245 2 225 11 2 181 440 53 77 26 57 117 52 63 34 30 68 146 231 1 129 70 35 23 133 64 29 81 41 41 107
0 17979 16 114 81 25 179 4 60 16 135 80 30 170 33 121 18 181 96 41 124 17 31 65 3 1 88 150 5 179 62 56 25 11 14 24 133 27 116 101 48 68 69 1 98 34 57 23 101 97 89 48 102 27 191 263 323 71 83 40 12 27 26 32 4 4 24 7 281
0 17998 48 80 178 38 72 189 8 70 9 22 112 6 180 25 94 25 75 264 129 11 8 105 97 55 64 34 45 52 12
0 18143 12 87 158
0 18597 127 8 172 35 214 113 20 14 114 14 148 46 143 46 38 94 10 25 98 32 39 13 5 104 86 8 21 33 38 48 48 84 13 144 7 42 106 195 104 7 76 131 78 38 266 30 333 32 211 11 340 18 101 18 43 100 53 45 197 33 117 18 93 317 121 70 324 60 32 48 63 31 17 47 237 23 3 10 143 56 4 86 43 4 11 39 73 64 118 158 93 64 108 46 29 27 91 3 27 124 167 45 276 14 52 8 7 27 7 28 41 1 24 64 78 46 149 9 119 41 79 34 95 17 18 7 2 27 355 32 30 15 278 14 47 62 23 41 69 25 82 8 1 42 14 14 86 23 95 39 19 44 27 64 74 8 365 72 256 31 22 111 37 56 96 19 49 52 129 98 45 125 31
0 18620 112 107 279 7 104
0 18701 157 35 63 21 221 70 90 21 191 3 25 168 15 20 3 18 68 83 216
0 18713 38 12 85 84 3 31 23 12 157 21 16 58 8 2 43 144 3 22 70 17 253 13 139 64 272 70 196 119 121 2 6 8 88 94 104 56 363 32 809 3 194 15 41 10 2 45 49 38 54 71 237 20 51 42 109 23 85 13 72 51 75 132 229 20 123 57 22 4 4 15 518 18 50 14 116 2 11 80 50 22 36 10 92 132 16 94 112 123 80 21 104 75 61 141 157 111 15 109 87 33 131 5 174 29 77 157 8 90 71 47 64 32 105 53 120 31 4 24 132 23 111 34 128 6 9 37 60 21 90 24 50 4 92 62 114 25 45 39 235 69 58 107 3 178 244 1 33 27 48 85 64 46 105 56 137 117 20 112 36 8 4 2 66 56 76 8 12 37 54 145 126 28 381 13 13 2 18 15 77 29 31 2 15 32 185 130 409 449 113 4 299 128 447 8 30 84 34 58 11
0 18846 67 1 26 12 8 7 4 32 23 12 87 20 38 73 6 11 5 144 14 114 333 198 150 285 25 10 21 18 19 24 251 9 106 21 100 42 554 40 20 42 40 12 168 42 121 53 24 26 65 44 62 3 421 123 205 29 356 46 27 67 77 149 95 9 17 58 374
0 18911 27 5 129 96 81 77 99 59 2 24 59 37 153 32 255 51 64 19 72 38 137 4 156 41 356 117 259 13 1 24 9
0 19081 204 113 20
0 19346 17 6 268 46 28 68 7 181 307 37 10 14 75 147 3 41 26 112 145 48 263 12 16 141 100 61 115 17 12 31 2 13 63 16 79 86 93
0 19474 62 25 84 52 18 26 278 40 141 10 45 8 117 102 37 91 20 40 248 13 29 7 64 18 119 36 44 34 54 30 144 16 107 75 63 33 94 29 215 119 73 10 58 208 225 345 120 8 135 11 223 41 89 18 142 89 21 2 11
0 19475 28 32 58 23 141 26 106 134 41 4 28 23 68 4 4 62 120 80 468 22 114 16 102 190 128 172 63 98 271 55 146 32 133 79 46 38 411 200 52 28 62 10 63 56 109
0 19991 68 18 183 2 360 2 25 64 20 56 69 91 44 4 153 17 30 106 230 21 75 26 71 158 119 23 2 95 361 16 56 64 237 11 109 69 39 35 140 14 72 9 42 2 36 2 21 8 241 3 8 98 153 60 46 33 27 39 79
0 20158 2 69 4 43 10 76 145 35 17 21 239 48 258 12 66 4 56 13 151 100 71 113 12 43 8 82 46 17 59 6 144 104 1 7 31 1 123 59 68 154 160 62 17 24 65 135 15 81 31 72 503 33 8 53 108 6 24 93 123 141 152 101 154 40 34 8 64 69 70 26 273 61 5 233 119
0 20281 2 98 100 47 48 10 43 7 4 33 155 35 74
0 20394 447 55 147 112 114
0 20580 163 77 34 80 140 60 1 28 60 71 83 5 27 36 127 57 169 69 11 5 222 38 41 30 18 2 232 25 432 79 84 47 37 4 9 86 164 20 191 41 23 26 46 68 81 13 15 46 150 14 46 6 36 94 340 48 97 24 189 6 107
0 20612 17 29 91 15 52 11 19 77 410 13 126 17 49 91 79 51 97 64 165 22 249
0 20957 28 36 60 21 12 28 96 55 108 81 82 14 69 26 12 13 30 118 22 10 195 49 203 45 483 16 1 33 17 52 57 19 42 3 38 35 47 32 197 43 3 69 111 38 86 17 1
0 21005 124 8 23 10 141 35 95 9 36 29 41 31 50 1 41 14 14 45 82 27 125 17 46 84 71 3 340 24 52 19 12 244 11 16 553 352 126 26 30 109 59 1 570 56 123
0 21145 66 96 28 17 39 3 85 7 145 66 22 56 21 54 53 14 78 31 168 66 14 11 6 138 121 18 319 16 48 17 56 8 6 3 218 89 568 5 42 14 253 16 252 9 36 18 146 4 12 34 47 120 646 2 5 37 358 39 10 7 635 146 46 38 112 290 22 13 237 46 69 18 190 33 201 27 144 3 60 89 34 5 40 2 92 155 75 15 43 22 33 135 138 107 12 32 25 34 59 8 7 27 241 1 22 80 11 16 67 25 147 24 107 31 87 29 78 24 4 148 52 6 29 95 154 5 21 32 55 289 52 118 33 25 31 49 56 39 4 121 70 15 30 6 98 35 78 39 59 53 61 23 76 21 112
0 21313 8 27 181 107 29 29 166 52 113 12 45 120 314 52 156 41 159 93 6 36 55 22 11 42 50 16 258 6 209 26 39 2 237 12 270 13 255 88 83 17 37 62 37 7 92
0 21466 231 33 38 16 202 53 42 196 104 13 15 49 192 21 2 133 72 21 18 52 91 58 52 6 42 135 140 26 25 88 3 89 42 34 2 27 12 116 166 149 6 44 80 10 81 79 106 28 230 22 186 6 45 29 52 45 29 103 17 73 157 50 37 143 79 16 146 47 36 47 287 103 14 191 268 36 208 58 2 55 101 82 218
0 21477 149 38 114 10 50 66 28 118 126 22 92 48 45 6 85 16 73 4 10 84 42 97 39 44 5 53 37 29 66 20 45 56 167 23 6 76 28 58 22 22 166 189 78 104 82 56 312 158 85 9 6 37 115 40 15 106 265 38 2 14 29 6 197 179 13
0 21506 31 29 26 40 22 12 133 158 272 12 387 193 338 3 68 13 29 1 111 23 13 5 155 111 52 42 2 76 43 301 70 17 76 16 59 4 73 48 209 4 441 75 36 16 56 112 116 12 300 36 37 80 109 145 172 13 12 9 102 21 121 233 194 60 129 52 67 237 68 10 68 157 48 75 222 175 9 28 251 10 17 115 26 15 3 63 75 27 6 4 137 63 117 48 62 20 346 39 229 61 94 90 259 50 52 77 56 7 94 7 49 30 171 7 54 34 38 123 206 9 51 71 185
0 21534 47 9 51 22 182 16 208 13 181 31 44 22 176 60 32 13 170 2 57 33 32 81 53 88 2 56 292 114 119 1 37 123 1
0 21649 21 22 14 66 38 46 24 16 184 165 85 18 69 2 82 71 87 60 34 30 476 24 100 70 52 1 265 4 88 179 43 176 64 6 6 45 79 69 35 9 43 7 20 40 64 49 91 53 14 31 454 15 70 31 102 170 66 31 33 232 257 14 31 5 109 86 11 59 68 28 30 43 3 13 41 13 366 53 28 46 76 137 150 52 126 15 37 49 47 59 27 6 27 16 6 11 109 81 47 12 23 105 129 8 137 34 35 134 24 36 131 13 132 81 525 68 36 139 142 92 20 54 39 4 10 12 16 36 6 97 336 39 275 14 39 9 57 3 100 46 90 18 63 28 87 6 70 26 15 104 108 39 31 25 68 6 32 36 22 32 89 53 7 127 28 47 183 26 89 82 68 40 186 30 24 76 57 72 233 107 64 70 76 24 377 136 55 14 2 43 59 11 308 13 40 9 18 24 106 13 12 35 1 104 41 46 85 10 4 6 10 83 38 2 32 178 77 42 13 75 64 81 37 20 137 64 80
0 21917 147 24 194 22 10 197 6 51 132 68 131 53 235 167 35 5 111 139 44 15 35 62 7 24 188 14 320 63 76 37 273 11 113 78 5 28 36 107 156 27 78 31 206 25 58 33 46 38 562 86 105 125 80 37 63 3 10 89 440 16 62
0 22113 5 60 554 82 140 35 469 9 61
0 22154 161 109 290
0 22333 171 158 119 3 77 9 52 45 92 28 16 42 22 21 222 14 40 32 184 42 203 81 210 123 6 34 201 5 11 16 24 30 2 38 49 3 23 44 38 72 51 13 45 113 116 69 41 160 96 14 85 30 68 24 9 9 85 30 12 41 69 75 9 35 116 26 79 83 39 24 14 82 143 47 85 15 80 6 12 367 271 49 143 107 170 4 7 10 32 12 117 33 46 33 111 92 158 141 122 158 2 105 115 190 261 149 291
0 22525 243 1 108 68 142 31 54 4 26 26 70 29 54
0 22925 64 35 524 16 204 22 80 34 178 14 18 14 33 48 4 14 1 17 51 12 27 40 99 78 40 96 29 24 103 130 25 27 230 55 53 18 52 7 64
0 23074 95 46 119 77 369 25 49 4 146 84 259 94 29 78 35 41 192 289 29 29 258 68 150 12 62 23 38 34 131 22 8 81 89 69 53 66 104 27 40 57 39 98 58 4 33 139 37 127 124 16 136 5 40 31 45 66 19 27 5 64 82 46 13 59 368 7 36 56 497 33 107 10 103 23 27 25 34 66 19 22 34 4 112 68 52 20 47 18 33 33 20 23 10 31 20 16 133 23 59 52 221 16 45 17 113 66 59 57 62 105 25 22 290 15 63 59 97 23 75 187 16 23 41 65 46 38 25 3 23 63 72 49 123 21 95 2 53 44 280 48 10 82 18 1 207 14 137 1 166 30 320 19 212 35 22 86 104 41 82 19 87 183 79 15 85 3 151 287 223 56 91 37 51 46 93 25 118 127 23 27 75 10 42 48 79 154 336 16 43 33 86 36 95 31 244 74 200 50 118 109 75 156 191 23 83 7 273 230 35 110 118 14 109 12 35 47 73 62 2 31 31 67 111
0 23212 48 41 33 178 68 9 20 46 5 35 2 5 72 23 97 132 199 48 243 22 108 1 33 11 17 84 230 176 143 30 98 47 50 33 16 17 228 69 18 3 161 65 168 18 130 15 56 43 51 37 62 4 209 8 4 86 174 7 266 39 169 11 112 117 56 33 141 32 149 71 20 39 25 30 38 13 84 67 23 36 166 136 44 256 51 242 4 72 63 23 88 31 2 42 68 67 142 7 60 120 175 40 11 59 85 85 38 50 156 35 289 9 53 38 95 62 20 94 166 84 28 23 134 86 94
0 23348 28 20 454 70 79 108 517 6 101 80 3 8 37 38 206 54 23 124 59 7 470 5 101 9 217 16 27 38 149 39 118 35 128 19 21 89 159 37 38 50 165
0 23423 14 56 339 11 55 117 18
0 23470 369 44 180 13 281 21 78 237 24 12 65 117 6 137 2 11 196 100 4 51 352 165 93 33 83 15 39 55 126 3 4 58 76 76 92 114 12 1 134 159 116 39 13 7 65 43 4 56 21 74 34 6 67 2 35 13 39 53 79 73 13 67 12 28 220 44 18 30 13 74 187 12 101 16 64 80 69 2 26 48 29 6 36 72 203 63 188 33 7 187 89 85 130 4 140 17 71 14 61 19 319 46 46 107 151 29 28 69 17 7 76
0 23581 48 12 11 39 148 29 5 19 29 219 123 48 41 50 37 11 412 2 41 72 123 31 11 94 30
0 23622 63 42 83 181 143 48 469 44 220 9 36 7 127 47 106 27 252 7 35 72 73 7 21 1 370 42 46 107 67
0 23629 45 9 247 46 14 32 52
0 23660 77 9 43 21 26 32 117 43 121 44 36 6 48 9 43 10 153 9 7 19 64 84 9 66 99 1 166 26 118 19 100 6 209 80 216 3 37 188 70 16 2 99 82 25 273 22 130 113 133 31 27 115 14 12 113 27 21 33 137 63 353 29 99 67 191 33 127 96 83 48 10 5 30 78 300 83 119 24 24 36 112 13 47 16 4 135 92 6 65 44 9 1 99 18 91 184 447
0 23744 45 38 17 56 56 78 171 11 83 122 43 34 5 107 2 16 1 151 58 148 84 15 34 45 30 15 249 2 109 58 190 123 24 66 176 31 9 68 29 118 276 12 3 33 186 35 54 53 218 1 38 5 36 20 80 24 102 30 18 51 42 65 44 12 47 1 124 74 2 7 99 4 100 27 36 130 52 9 80 6 22 7 167 106 67 73 323
0 23748 194 24 20 14 10 35 72 50 9 27 46 26 24 35 72 23 154 134 37 36 277 104 32 28 151
0 23767 16 24 69 6 114 25 26 28 79 162 145 34 51 22 481 1 389 3 38 108 111 16 69 288 93 31 16 14 18 89 305 13 92 32 99 43 25 62 143 29 195 1 2 87 125 180 11 17 85 24 100
0 23775 23 52 101 26 40 63 26 13 154 74 30 7 130 49 97 89 4 91 8 169 366 145 3 39 18 28 129 112 121 44 110 15 19 42 146 69 165 350 76 4 25 24 2 121 78 8 38 65 11 54 161 86 43 54 60 15 146 20 9
0 23923 78 28 230 6 120 71 140 58 32 55 61 31 20 47 23 25 2 68 204 27 111 55 152 34 87 50 62 4 145 137 124 31 11 16 32 66 140 114 18 31 108 82 42 37 140 4 140 49 48 186 258
0 24073 83 7 215 47 154 241 214 34 77 114 6 14 43 31 9 112 182 148 128 25 58 312 35 6 45 38 47 135 37 32 313 219 157 68 114 29 110 11 159 28 189 43 239 74 329 53 70 14 22 12 196 21 37 31 612 13 79 45 175 40 129 31 190 32 147 12 60 16 83 27 166 19 245
0 24176 9 14 136 55 91 31 33 120 124 45 15 100 205 16 37 54 9 56 275 43 265 5 308 14 104 49 185 6 117 26 84 105 3 123 20 1 53 7 8 69 17 17 127 3 101 31 152 74 58 1 1 2 65 73 161 97 87 25 69 9 2 32 72 39 15 39 2 24 1 6 134 33 269 133 44 106 21
0 24287 30 115 32 2 108 78 141 57 49 176 94 34 303 4 162
0 24387 10 70 34 82 9 23 69 7 65 34 2 12 200 12 48 49 121 8 10 30 140 66 103 186 25 16 83 55 112 187 340 45 48 140 82 72 57 77 154
0 24407 81 9 21 27 171 65 30 93 16 65 18 18 10 5 220 6 224 102 50 39 3 90 20 17 9 81 59 109 41 47 38 8 134
0 24431 8 8 221 7 18 67 185 90 67 13 34 71 307 7 405 15 67 16 57 106 3 98 61 29 90 30 17 74 384 23 177 85 184 71 180 81 108 29 421 42 234 2 8 7 330 30 21 61 171 26 13 65 32
0 24645 84
0 24819 113 1 149 26 5 70 1 2 9 49 8 24 144 32 25 58 218 15 223 22 572 4 3 77 47 35 157 230 47 4 208
0 24958 13 6 95 11 2 172 74 116 21 57 376 42 307 4 107 229 11 124 66 126 48 55 9 7 37 26 132 9 241 68 233 119 32 3 407 50 15 15 114 68 9 26 2 39 27 7 412
0 25117 146 20 68 30 81 3 30 29 20 94 43 32 102 86 129 8 41 27 50 16 162 89 228 94 9 75 151 3 70 74 65 30 13 138 82 9 18 50 62 33 242 152 152 22 40 75 25 43 355 48 74 55 77 23 63 10 12 46 165 55 37 166 25 21 26 196 151 2 33 16 32 48 146 17 85 43 66 15 123 29 270 18 136 21 13 11 69 26 21 42 33 11 74 24 24 37 153 4 55 3 341 36 47 16 32 38 235 117 106 151 2 90 21 46 46 1 2 29 59 13 59 39 279 176 9 146 30 97 10 16 47 66 110 85 18 113 65 296 16 36 73 10 14 36 314 68 56 18 144 26 188 56 134 21 186 29 30 15 123 23 57 136 55 27 105 52 79 8 56 136 18 82 41 33 453
0 25156 317 6 16 38 163 14 39 13 34 85 5 14 33 29 3 57 134 75 171 57 152 235 15 97 15 117 94 56 77 63 222
0 25325 39 39 236 9 46 70 20 105 18 41 345 30 9 81 24 162 188 121 246 129 193 6 12 87 31 35 55 19 206 22 163 133 128 27 249
0 25454 36 5 174 49 74 19 195 44 248 2 7 16 239 5 70 123 25 24 137 9 59 164 59 9 15 166 5 70 191 22 64 37 456 134 31 47 5
0 25725 194 27 18 30 17 49 252 71 20 57 11 39 176 58 121 104 28 152 11 38 11
0 25771 31 5 156 81 27 48 158 134 112 91 217 15 82 54 1 72 9 168 7 59 43 34 191 72 138 105 179 24 37 19 53 79 37 44 6 59 58 1 24
0 25930 123 44 67 7 129 1 78 45 19 145 69 56 12 22 352 41 35 17 4 4 131 52 22 106 17 15 82 12 238 3 2 20 49 50 130 65 12 41 239 144 187 59 286 32 77 196 10 38 156 57 99 383 93 83 13 3 62 140 115 66 62
0 26008 910 17 87 99 98 57 322 54 59
0 26145 4
0 26399 166 19 32 49 292 41 114 38 39 10 273 50 424 12 84 15 40 7 81 16 23 32 147 110 56 26 43 60 25 1 17 76 37 127 108 6 63 79 30 3 14
0 26412 54 2 359 23 9 76 2 26 279 36 114 6 97 104 59 30 28 147 41 85 221 63 45 183 537 12 253 101 92 51 146 13 106 11 88 91 184 33 106 79 14 2 42 9 17 1 1 121 208 116 182 35 38 56 52 19 12 8 48
0 26566 259 44 27 121 10 66 2 81 279 52 39 45 49 23 131 31 97 49 44 35 356
0 26964 32 6 103 12 18 152 362 1 5 9 251 19 57
0 27178 129 2 31 14 113 3 1 25 10 66 20 70 19 71 22 53 25 49 38 12 72 133 191 51 12 73 34 140 56 21 42 36 40 8 42 12 118 27 21 51 18 9 94 75 11 20 41 112 123 60 54 75 89 45 166 28 294 64 478 15 6 1 58 22 118 12 47 129 87 17 54 4 13 127 49 6 8 35 135 19 12 24 234 72 105 22 259 83 128 144 196 10 12 88 59 38 60 1 100 64 63 57 180 78 20 37 170 48 36 144 56 27 190 31 82 86 55 18 11 8 54 1 175 20 18 3 86 71 63 33 58 35 17 3 8 47 96 15 103 20 82 85 56 38 110 12 83 41 3 39 288 30 337 51 205 21 195 2 87 199 86 30 57 44 14 37 30 214 13 232 168 16 168 1 49 74 66 12 215 37 16 43 253 27 114 51 291 144 113 47 62 35 86 39 8 76 184 22 35 10 36 15 87 62 3 77 53 12 75 32 230 27 48 111 145 54 245 1 19 17 186 99 58 16 60 29 46 86 26 61 53 38 69 28 158 38 29 32 16 19 113 65 32 45 252 91 16
0 28424 55 16 54 41 299 10 62 105 45 114 200 29 109 136 28
0 28476 64 116 273 47 16 55 8 4 6 74 54 71 80 27 54 70 31 5 54 22 32 19 268 61 7 28 240 28 39 8 63 94 96 11 74 13 58 126 389 64 13 1 14 21 63 51 22 4 50 92 19 17 244 10 11 4 90 29 89 89 58 106 28 17 31 9 33 26 53 166 241 11 128 179 39 15 155 88 99 77 39 13 96 24 256 91 69
0 28519 93 32 9 6 32 24 33 85 36 22 4 98 49 164 85 27 39 122 1 30 209 9 385 44 50 94 88 134 12 23 109
0 28524 43 72 190 163 87 37 92 48 15 154 46 10 59 7 18 39 42 3 42 27 83 7 28 105 118 28 198 51 155 8 123 3 190 3 450 19 38 33 110 28 175 11 208 50 132 8 129 92 131 10 70 79 49 150 198 48 53 21 105 157 123 84 112 21 118 15 197 36 45 29 205 46 27 42 81 50 48 1 32 30 31 6 65 24 92 47 110 14 107 28 23 97 15 22 45 15 22 35 49 168 96 71 20 142 239 27 200 268 64 43 30 1 186 26 451
0 28638 5 307 109
0 28703 102 117 104 50 241 32 6 73 177 147 15 26 26 106 56 70 278 15 29 54 84 27 352 37 206 139 4 59 897 79 163 36 136 18 11 31 34 72 45 7 199 31 54 62 17 22 417 35 16 40 342 1 208 55 219 14 22 30 235
0 28824 100 4 72 58 247 55 66 74 24 100 20 85 50 218 60 49 419 15 10 151 172
0 28872 32 11 361 15 116 39 87 14 63 40 28 78 539 55 547 32 133 31 66 125 27 101 18 3 22 37 49 13 1 20 17 28 16 17 48 1 49 10 3 53 240 82 1 45 156 1 150 66 96 23 8 46 98 126 13 9 180 30 61 179 70 13 51 18 36 90 271 129 81 10 286 19 13 24 55 7 26 103 54 88 21 97 61 3 77 22 18 25 145 165 263 3 139 51 95 27 42 19 31 48 178 6 18 30 36 149 90 1 26 44 5 40 5 286 113 8 163 105 38 21 71 6 81 24 3 74 136 8 37 181 23 49 103 55 39 115 207 15 112 133 62 20 147 7 46 24 73 40 12 35 10 139 23 9 56 125 119 24 17 143 73 25 56 14 188 5 167 36 191 46 4 48 81 46 14 56 238 61 32 62 129 8 78 102 19 23 39 57 72 32 28 1 128 7 42 53 110 137 270 73 84 46 136 149 80 9 175 132 31 51 137
0 29006 76 41 53 68 160 15 7
0 29049 35 7 66 60 28 15 170 9 38 68 91 19 28 33 107
0 29266 23 23 247 41 136 42 47 28 58 17 76 20 51 36 36 46 112 76 238 56 38 136 35 44 22 150 62 19 3 10 91 13 86 12 122 46 215 173 109 47 123 42 8 88 140 108 7 86 5 112 22 6 195 13 365 18 464 37 521 18 111 75 144 24 49 111 20 104 6 24 47 84 46 16 2 36 1 12 69 43 22 39 58 76 130 23 127 8 145 68 215 37 226 115 18 1 250 92 53 31 32 47 39 16 136 89 319 12 12 14 5 20 67 14 237 133 467 57 253 18 157 43 16 2 4 39 77 39 49 20 56 73 82 4 36 17 45 36 112 53 117 29 175 31 150 138 69 5 82 38 13 8 18 53 17 39 316 10 516 11 13 11 94 7 112 16 62 4 25 57 71
0 29538 10 5 120 71 222 12 140 2 329 35 21 9 134 9 87 197 433 44 80 3 215 16 63 6 79 161 124 18 55 4 280 9 112 107 105 38 158 102 39 89 109
0 29577 267 27 9 2 7 24 13 14 57 58 65 26 36 9 177 42 49 19 12 63 8 27 5 63 59 8 13 10 89 3 90 78 47 2 87 86 29 49 27 129 141 13 28 30 23 43 13 69 3 33 136 36 49 8 44
0 29614 198 48 13 63 135 212 148 16 177
0 29845 37 104 132 45 651 11 151 44 282 152 31 131 198 152 160 67 11 25 1
0 29882 24 41 349 19 17 62 50 68 71 28 475 62 52 7 347 5 54 9 333 97 335 68 52 7 24 37 282 29 140 19 18 5 193 22 70 17 60
0 29946 171 74 69 7 150 1 66 18 92 2 17 1 133 85 289 25 49 172 68 24 20 32 92 10 87 18 104 41 109 62 36 14 53 24 55 11 14 87 65 17 128
0 30005 86 19 75
0 30123 108 17 147 86 23 15 67 35 98 32 74 29 36 17 223 16 54 14 146
0 30191 20 68 51 32 6 26 85 176 61 64 169 46 173 20 111 18 50 14 25 57 98 209 82 56 65 2 14 7 300 20 253 177 239 26 35 8 26 92 108
0 30208 11 30 6 33 117 15 24 7 81 15 39 29 119 22 3 34 204 9 229 25 186 8 77 79 245 44 4 46 135 18 197 8 42 16 181 8 218 29 339 12 57 8 8 28 268 22 138 37 7 97 3 64 18 44 17 15 16 82 56 41 219 195 70 52 54 18 145 77 90 27 53 67 55 12 67 38 181 55 347 11 1 29 224 40 51 16 13
0 30381 107 69 89 8 163 20 123 74 64 122 140 39 169 1 36 3 269 36 2 106 81 30 29 21 183
0 30449 82 2 187 5 53 35 8 16 2 11 3 10 288 72 16 23 21 2 269 16 68 34 2 46 90 22 113
0 30636 197 43 29 18 395 4 91 19 8 89 76 40 230 68 109 32 52 109 115 54 166 20 60 45 112
0 30880 79 46 30 33 175 45 69 79 419 9 28 12 90 35 135 9 51 22 62 107 387 35 18 49 201 1 217 94 325 194 17 48 84 28 73 137 100 4 59 17 290 42 31 13 267 35 7 41 22 5 162 8 102 75 194 13 310 81 111 91 72 198 18
0 30922 25 24 52 104 30 18 20 3 38 23 19 6 211 2 123 9 74 1 13 66 113
0 30965 327 101 15 32 10 129 39 62 95 35 62 53 193 7 17
0 31063 12 18 31 79 35 42 61 109 6 12 299 41 95 66 318 65 9 31 10 31 91 109 38 10 4 34 121 28 18 17 370 75 266 77 17 51 23 16 2 43 26 96 59 45 77 165 24 4 36 4 16 34 58 92 19 5 36 103 35 15 1 13 261 7 1
0 31387 87 6 92 60 30 18 72 53 174 68 2 72 17
0 31495 36 44 221 13 101 61 5 44 68 20 43 14 362 109 1 34 12 29 6 21 251 31 2 93 103 29 225
0 31751 30 65 55 85 52 2 142 36 22 14 32 50 129 9 218 46 55 35 41 40 114 22 38 32 7 45 194 39 103 22 93 102 86 36 219 4 158 26 98 28 102 9 107 28 95 4 1 19 10 55 93 65 86 42 47 178 48 257 47 74 205 59 86 67 61 87 499 34 448 9 94 31 20 100 13 29 70 3 169 84 82 13 5 152 60 71 81 60 69 34 158 56 12 36 77 109 149 48 96 40 6 24 51 3 74 69 87 57 146 21 38 34 43 54 21 36 33 158 92 35 252 22 10 11 83 35 135 1 101 2 67 11 90 66 22 3 110 34 97 41 53 53 279 3 95 59 76 8 74 122 99 6 51 138 5
0 31858 123 80 180 15 540 35 53 56 34 39 20 109 18 91 1 2 73 33 63 10 262 323 145 10 7 6 92 2 229 65 81 32 11 61 16 8 9 15 6 2 108 25 89 143 106 33 233 9 3 12 23 93 209 45 62 4 152 5 23 47 137 17 10 42 46 6 18 37 73 108 346 41 45 33 155 43 33 18 137 58 134 17 94 121 12 20 110 38 194 51 27 14 88 95 256 9 330 86 7 182 86 5 37 119 50 105 131 13 114 58 74 52 174 26 103 192 131 27 108 5 27 40 47 11 16 115 125 70 52 53 163 24 14 32 16 38 14 100 24 205 453 1 226 16 75 57 154
0 31871 123 17 103 240 38 11 568 2 105 64 8 84 43 11 5 32 4 20 167 28 370 34 232 11 37 46 21 82 185 14 68 59 44 103 121 45 47 94 151 18 183 19 78 65 282 10 18 27 5 39 84 148 46 9 47 80 3 6 321 17 91 23 26 33 141 42 2 20 71 8 228 6 130 78 167 8 25 31 63 48 10 55 117 91 50 17 246 58 30 35 184 26 32 23 213 14 129 55 49 7 88 72 149 92 39 22 128 79 78 15 12 8 40 26 14 37 58 72 14 18 8 60 151 94 134 15 15 16 256 30 122 32 76 64 1 22 207 29 52 68 172 23 199 18 10 5 8 96 2 153 278 244 11 80 113 13 81 187 317 26 81 4 38 53 77 11 121 30 102 13 108 7 188 39 77 69 113 71 52 30 11 43 6 64 61 72 232 233 43 133 17 11 33 93 81 17 70 32 12 53 189 30 95 15 148 180 95 77 52
0 31944 40 61 156 63 207 81 38 3 95 34 90 7 43 26 101 46 441 71 22 30 33 165 46 43 202 116 18 11 275 130 43 47 137 64 100 52 64 73 12 140 456 223 68
0 32026 36 54 74 29 5 121 2 53 18 7 23 60 126 162 16 83 147 27 22 19 3 44 38 37 74 8 221 8 95 23 102 86 12 26 92 38 123 78 82 48 10 12 184 16 16 104 75 8 17 63 28 24 164 34 48 55 114 23 24 7 40 52 124 162 105 96 254 135 17 48 185 21 197 19 24 149 10 53 27 9 5 9 74 43 13 52 57 5 51 56 407 11 258 6 276 70 92 203 20 74 83 4 75 19 31 16 28 15 25 4 279 6 59 12 54 75 147 13 394 51 139 164 4 14 255 78 55 16 291 31 133 52 215 10 31 44 35 29 29 23 270 2 29 8 451
0 32045 13 24 182 55 26 21 101 15 58 64 31 102 142 52 90 195 183 498 15 3 42 112 16 17 289 64 188 6 48 61 3 5 54 65 66 65 68 10 20 1 25 228 473 8 147 42 93 102 179 13 29 88 99 126 77 74 25 48 166 31 23 5 40
0 32244 39 47 148 51 153 8 2 26 42 3 1 57 110 3 140 1 375 13 41 23 53 42 57 12 1 1 23 105 51 15 46 17 30 37 124 50 87 11 32 47 23 4 30 21 54 43 61 58 160 51 24 53 7 17 45 19 110 27 38 23 29 56 52 37 36 1 555
0 32346 108 20 363 200 53 126 10 34 182 44 32 36 116 23 27 214 51 30 13 220 15 16 51 24 205 80 64 12 23 7 33 83 8 83 6 31 91 91 240 61 159
0 32626 124 14 76 19 121 2 1
0 32745 5 65 172 59 173 68 52 21 135 19 40 20 15 10 372 30 4 30 216 9 13 12 170 32 1 10 73 23 129 51 93
0 32869 55 9 96 86 96 53 64 5 76 2 119 98 131 113 112 128 180 135 129 125 31 152 34 8 89 13 31 82 49 244 54 62 41 30 99 19 22 62 216 12 123 121 5 161 191 52 289 30 683 67 114 70 32 46 39 106 21 2 90 89 13 102 268 30 15 19 5 371 8 51 131 26 21 22 186 40 78 56 78 14 54 159 108 83 44 9 194 51 20 41 51 27 17 27 242 13 164 20 12
0 32937 102 44 66 34 56 3 577 9 23 101 2
0 33111 180 24 98 96 373 11 50 26 192 15 15 225 49 82 86 36 33 19 110 130 36 6 32 7 55 8 56 54 42 43 26 8 41 45 23 57 84 14 46 35 136 25 22 71 322 18 11 17 150 142 28 92 9 26 81 58 23 53 127 22 84 143 30 52 291 25 93 52 70 5 128 42 23 80 39 27 8 37 181 26 55 61 62 12 194
0 33145 26 132 121 39 49 62 187 55 153 1 120 14 34 7 133 70 201 64 10 171 31 38 70 71 55 54 126 37 262 82 86 53 118 45 211 17 185 8 46 6 255 54 369 19 47 148 2 17 35 24 93 199 73 16 46 14 20 102 19 22 216 15 35 109 324 209 42 16 22 26 224 11 194 10 202 82 227 48 22 74 81 20 112 62 175 26 42 12 110 138 19 101 1 63 51 57 27 20 25 184 431 14 40 77 157 66 23 108 39 6 116 54 140 42 16
0 33162 65 5 89 6 5 88 44 53 32 47 5 58 12 17 80 70 11 35 82 39 35 12 53 3 27
0 33695 13 112 20
0 33816 575 17 361 16 135 46 24 13 13 7 398 22 32 87 86 11 143 98 133 197 163 186 159 11 36 11 20 2 21 16 3 181 24 25 71 3 26 115 205 200 58 1 60 17 70 100 10 44 22 28 18 70 97 12 6 34 13 262 34 18 213 38 196 18 13 72 7 21 253 133 2 15 60
0 33954 237 114 71 87 64 70 314 47 26 11 13 7 94 10 325 11 103 60 25 122 55 72 307 55 3 17 152 222 111 74 77 14 125 86 96 63 90 40 56 16 114 170 140 31 96 6 27 19 74 54 81 24 23 68 30 8 51 90 148 40 219 1 78 43 12 1 136 57 3 6 110 45 155 51 47 88 118 30 203 25 10 20 120 104 156 235 76 5 119
0 33963 139 24 89 9 19 42 364 15 94 50 31 20 36 18 68 13 51 7 73 20 99 34 33 4 98 10 162 16 242 124 14 30 22 40 170
0 33998 3 42 133 49 129 22 8 58 1 9 63
0 34119 127 11 4
0 34447 194 80 426 6 240 26 272 20 75 30 15 16 145 130 78 111 118 46 437 38 1 8 271
0 34534 297 30 271 16 2 53 32 90 18 36 345 26 35 81 69 250 127 76 39 47 47 8 53 27 246 54 66 23 360 83 133 6 47
0 34580 119 15 75 43 44 144 3 28 446 12 42 10 29 101 241 2 29 24 3 19 16 31 279 19 59 27 141 5 140 76 40 202 85 77 143 27 107 1 40 29 42 79 339 37 29 39 181 13 130 74 216 6 68 112 113 58 172 126 29 11 2 7 33 73 98 23 19 59 48 12 80 12 155 13 148 11 86 51 13 72 65 103 93 39 9 9 33 13 143 66 41 11 5
0 34642 13 15 5 28 73 23 2 10 115 141 133 95 47 87 3 10 27 28 25 7 113 33 29 114 16 119 101 3 211
0 34787 19
0 34998 9 1 68 58 55 24 46 33 113
0 35008 18 30 16 64 48 37 92 17 39 11 186 12 28 1 18 7 156 45 55 27 196 201 88 11 227 4 73 18 26 42 297 54 20 72 508 116 105 133 143 28 132 19 31 88 29 9 12 40 339 35 346 18 58 106 51 128 95 47 545 20 58 41 102 69 1 22 221 25 269 33 90 23 746 76 6 30 46 72 22 31 5 26 53 20 77 8 12 57 31 24 32 59 52 6 43 10 100 94 155 20 57 83 22 57 62 20 7
0 35180 140 3 6 112 365 76 271 46 23 86 54 8 32 9 132
0 35499 206 19 71 3 37 12 26 11 308 44 109 15 60 1 190
0 35567 166 36 120 41 62 1 121 17 80 51 184 24 309 150 225 15 112 25 18
0 36188 250 62 237 45 151 63 58 17 36 10 147 11 293 5 225 18 163 79 66 56 204 63 43 17 134 174 160 56 60 11 255 25 66 70 51 25 30 13 21 67 107 9 14 44 83 21 10 27 113 76 44 42 45 12 31 45 87 24 70 58 89 55 162 36 52 67 327 127 132 27 356 111 60 162 245 30 64 4 42 272 29 145 168 29 15 15 43 33 5 70 79 25 8 46 44
0 36198 10 33 151 10 434 48 289 3 22 196 155 16 59 63 67 42 113 3 54 180 61 29 36 20 32 9 32 20 108 9 59 22 71 41 165 20 9 9 330 84 119 32 158 1 70 25 135 91 162 210 34 158 81 71 57
0 36204 116 32 9 49 209 5 81 22 17 240 36 59 152 16 91 2 2 81 57 60 16 36 58 11 13 35 29 1 392 78 76 79 292 81 114 4 180 4 61 30 75 41 80 31 357
0 36277 38 15 61 25 132
0 36303 20 50 64 27 13 111 76
0 36330 157 76 11 59 43 124 191 69 7 18 42 233 114 164 50 15 28 29 17 48 100 57 94 74 219 109 138 14 5 6 71 124 392 106 138 69 135 54 12 49 9 119 54 28 85 25 25 39 47
0 36519 110 3 193 42 98 6 80 25 20 28 71 57 252 28 223 33 104 139 95 184 115 39 26 163 20 72 24 108 38 57 7 19 18
0 36680 370 82 46 69 41 15 154 55 65 45 282 65 63 57 126 147 99 3 35 31 47 2 7 118 123 3 39 14 112 14 5 105 135 20 88 101 348 36 71 138 22 28 6 8 86 15 218 20 19 62 6 15 97 21 68 102 260 39 126 134 63 15 78 4 112 44 85 61 76 235 146 58 5 5 16 41 340 63 71 1 117 12 92 9 232 36 66 6 173 7 160 5 4 85 168 74 125 12 52 135 198 20 250 2 64 57 183 11 218 29 36 11 90
0 36717 22 33 85 30 12 7 9 43 138 17 263 19 2 25 340 2 246 28 62 6 243 54 47 63 35 63 21 24 106 12 292 32 159
0 36742 70 7 112 27 243 41 228 36 35 3 79 4 16 58 71 63 22 29 38 9 21 88 32 64 19 48 97 196 19 128 202 45 70 32 34 50 85 32 132 6 246 19 30 57 24 13 138 4 177 21 113 141 116 13 48 46 102 80 130 30 86 31 221 24 33 16 308 5 72 56 75 85 78 58 11 45 236 218 197
0 37070 194 84 184 4 67 57 37 59 188 50 97 122 208 6 151 8 47 11 41 27 174 87 93 19 316 45 40 58 110 51 111 5 130 7 147 19 75 54 92 122 242 10 36 4 9 114 151 56 68 67 179 32 67 8 110 192 90 98 38
0 37104 20 9 184 37 14 14 44 68 354 5 68 35 160 11 91 47 25 13 120 55 50 117 62 90 54 13 369 59 115 29 77 2 53 39 63 8 65 26 41 90 1 4 56 46 104 36 236 167 17
0 37232 239 14 223 195 97 57 61 65 25 52 139
0 37400 162 2 66 61 29 26 395 110 115 55 314 3 202 120 149 19 160 61 111
0 37898 98 2 45 217 131 12 73 48 69
0 37973 46 30 37 34 62 139 31 64 67 6 33 7 26 41 7 19 51 51 17 24 91 5 168 79 93 4 175 2 62 23 46 18 251 13 11 19 176 2 40 29 162
0 38073 53 132 72 59 42 62 167 185 11 20 48 61 94 28 225 27 30 649 319 39 90 40 119 136 4 84 13
0 38119 63 6 137 126 127 26 205 77 90 32 17 1 117 104 96 22 111 143 87 3 27 47 180 3 47 53 15 24 219 26 63 53 82 32 150 29 24 12 86 72 248 108 30 92 396 59 73 59 161 39 39 4 151
0 38263 178 38 11 153 297 4 38 26 84 32 133 38 16 31 73 17 382 53 37
0 38427 208 22 22 84 123 2 152 30 94 232 121
0 38508 38 29 88 55 62 28 11 12 162 7 63 92 144 122 207 15 10 8 24 21 131 20 17 8 81 23 264 288 6 31 20 11 10
0 38782 42 42 623 18 268 1 7 11 10 151 14 1 31 7 287 42 155 17 148 22 51 128 4 169 134 4 19 17 74 18 81 89 45 98 69 11 158 14 114
0 38943 67 65 132 12 63 37 14 32 50 5 64 14 270 112 32 46 157 49 9 39 113 61 31 7 95 98 22 169 34 81 31 20 39 29 3 54 30 49 136 7 18 19 52 4 155 1 78 3 62 157 169 8 173 3 132 135 315 37 103 160 59 68 65 175 37 95 120 56 226 104 16 105 33 3 99 25 170 32 55 11 27 78 274 27 74 46 33 2 292 40 100 10 43 31 177
0 39233 117 65 46 29 5 48 53 14 132 7 60 32 134 76 3 162 78 50 63 15 131 9 202 102 13 5 121 3 4 20 42 76 28 147 155 12 70 132 38 71 18 48 24 36 19 9 190 12 7 45 42 156 151 156 97 85 12 8 51 24 42 13 92 29 13 118 5 83 4
0 39473 70 17 372 35 68 111 77 1 66 32 1 18 14 164 157 175 67 3 89 10 83 1 311 23 12 13 3 55 19 86 183 39 434 15 382 29 69
0 39522 194 67 30 103 33 1 67 139 15 16 36 112 76 2 89 9 81 49 355 190 26 1 117 10 190 77 128 13 14 5 7 26 298 7 102 32 120 14 282 46 16 37 57 7 56 37 7 5 65 13 154 22 23 36 105 29 10 152 46 22 97 37 45 4 75 1 19 9 51 33 270 143 41 10 252 21 32 29 66 13 64 57 162 37 11 9 99 23 36
0 39696 65 2 28 2 31 12 25 42 43 111 91 173 55 10 76 3 17 16 56 127 12 59 129 101 156 91 383 34 485 6 67 2 293 1 86 560 199 174 70 98 181 105 200 45 37 13 35 3 94 131 30 61 64 13 95 70 157 20 215 18 35 94 204 120 27 29 125
0 39945 42 21 115 16 336
0 40150 67 33 280 46 20 142 188 87 89 27 3 51 15 23 45 83 9 2 36 37 19 18 274 50 96 102 222 137 258 57 72 30 73 96 28 24 17
0 40326 104 113 61 11 176 16 139 24 29 13 277
0 40441 50 115 8 16 11 95 38 45 131 59 93 52 260 159 10 3 24 1 50 98 184 13 34 71 110 56 73 19 5 36 4 9 7 20 25 1 45 16 21 91 76 20 87 21 137 7 86 29 25
0 40555 109 1 43 1 21 10 32 27 55 296 79 20 50 79 9 63 101 3 2 20 49 46 34 87 400 20 123 16 193 22 6 74 26 29 93 35 119 59 85 25 28 44 6 16 92 107 2 24 14 80 43 64 12 27 113 5 16 23 81 83 220 25 151 10 46 19 57 31 53 1 81 25 55 38 298 20 33 69 76 132 97 1 96 97 212 55 24 36 41 14 178 63 26 18 69 91 74 70 169 36 396
0 40673 9 50 25
0 40797 11 50 1 73 50 77 24 9 115 36 133 133 19 35 3 29 198 6 56 57 240 132 44 89 163 6 180 21 156 22 74 113 25 43 64 110 26 14 148 79 295 8 288 26 149 66 25 57 66 111 49 45 2 32 91 2 70 54 77 91 94 110 137 33 159 43 76 9 364 115 110 46 19 33 51 149 46 40 95 164 18 12 173 69 30 1 105 18 105 7 125 235 38 11 69 26 156 6 83 62 46 36 114 27 144 14 140 55 21 126 38 30 30 49 16 13 297
0 41402 126 72 6 67 11 57 62 42 99
0 41625 16
0 41639 310 1 71 8 22 15 256 47 123 22 317 45 73 16 165 34 48 39 312 36 83 122 149 16 55 73 24 23 33 64 62 6 83 27 53 5 110 34 312 38 64 135 45 92 23 26 16 79 116 4 13 12 232 22 81 208 27 22 118 33 98 39 30 15 77 74 183 24 39
0 41783 586 37 1 4 26 15 15 2 4 173 124 101 72 25 8 99 141 54 107 84 52 44 186 13 422
0 41964 414 44 19 24 55 7 20 251 201 27 6 63 4 40 390 86 161 30 78 26 13 48 70 163 61 62 49 18 208 41 75 43 2 12 178 3 167 9 48 98 3 57 109 50 43 2 56 4 9 46 63 40 22 120 32 61 164 69 110 53 10 15 35
0 42208 3 4 139 65 255 29 42 39 43 101 51 96 572 20 165 19 91 36 69 2 190 5 170 89 23 60 117 23 1 52 182 166 128 37 100 21 61 6 69 67 54 37 95 34 70 46 87 55 187 8 15 38 28 110 57 134 212 86 54 13 21 17 172
0 42377 142 114 12 89 182
0 42392 70 7 33 98 4 200 4 15 71 5 93 79 68 90 137 118 138 8 62 2 125 169 92 10 13 39 33 5 45 27 90 16 622 53 41
0 42604 9 182 135
0 42804 256 30 218 188 19 7 26 38 152 103 43 71 55 41 65 19 160 27 272 53 62 30 66 49 67 57 245 74 119 16 9 80 191 20 10 11 133 159 127 70 89 86 31 33 34 62 288 174 136 5 113 36 111 111 50 31 28 25 84 73 89 37 47 8 2
0 43161 41 72 72 28 701 38 51 106 63 55 95 25 249 126 8 84 48 34 137 133 3 14 36 37 74 154 14
0 43769 34 115 33 60 130 35 42 39 10 17 273 42 66 13 49 18 16 35 174 45 232 6 27 34 147 111 72 20 13 19 245 16 46 68 81 51 56 34 91
0 43833 39 79 44 17 25 51 68 237 25 84 33 103 46 80 49 48 14 56 106 67 128 60 37 57 22 1 78 25 35 168 4 80 110 1 94 70 2 40 307 75 99 8 45 108 123 7 263 5 152 13 156 27 90 60 106 35 140 42 336 34 123
0 44122 101 21 25 5 44 1 5 9 160 51 40 112 124 206 103 52 42 2 53 58 71 6 31 17 34 21 189 5 223 26 49 90 13 111 9 30 46 4 136 115 190 1 18 44 56 70 219 8 251 16 122 3 29 1 89
0 44185 110 28 42 10 16 45 4 16 48 64 83 3 36 14 162 147 191 5 93 60 87 114 24 42 35 15 147 3 71 6 167 52 278 17 50 64 23 4 10 88 96 14 295 7 5 74 10 20 54 102 97 19 103 109 22 18 79 42 56 6 51 17 54 212 127 55 30 25 9 58 105 26 93 41 71 33 14 1 91 54 13 29 14 126 67 9 67 53 144 34 28 14 53 39 131 21 13 197 145 26 57 33 10 107 32 32 77 7 45 11 4 49 196 1 283 6 16 16 56 21 169 22 15 161 199 39 88 32 19 8 23 36 25 107 64 11 59 189 270
0 44234 71 38 80 35 87 4 94 27 61 22 287 78 63 7 184 38 92 19 158 37 6 16 44 12 41 68 16 4 195
0 44347 19 49 43 33 112 25 110 119 55 17 273 4 43 76 216 4 147 34 103 39 38 20 23 9 92 1 21 56 106 34 123 7 37 47 290 26 180 146 58 143 62 40 141 42 36 99 110 18 219 21 174 3 46 23 30 46 5 115 16 13 4 114 89
0 44435 459 14 119 36 9 6 19 3 71 7 17 33 7 23 129 76 247 3 65 41 81 21 351
0 44448 281 30 39 7 8 6 88 8 7 147 183 25 24 87 22 12 23 10 168 188 232 31 163 5 4 42 69 83 260 45 292 16 11 10 9 74 57 19 342 94 6 111 47 78 28 29 5 12 30 62 112 9 168 4 226 39 2 94 54 20 34 27 95 44 173 38 225 80 23
0 44508 21 38 112 5 68 91 104 50 64 19 162 33 837 8 58 157 141 75 313 22 89 89 357 23 99 53 51 208 99 11 60 25 100 97 41 55 8 23 19 151 78 137 9 38 4 35 194 33 32 6 33 39 96 96 73 55 135 30 10 14 63 58 150 48 46 122 83 3 213 70 11 18 303 21 79 6 36 36 42 26 12 29 164 3 67 27 49 15 83 45 35 29 195 220 7 14 294 109 116 13 110
0 44603 160 111 113 47 167 3 38 14 34 38 123 15 144 6 72 60 210 82 58 15 108 37 11 71 59 6 32 119 19 32 316 146 29 7 115
0 44634 123 36 6 49 3 38 59 28 18 38 24 8 38 2 16 5 49 65 59 163 199 8 164 18 132 155 258 10 14
0 44716 73 5 27 39 71 36 84 115 16 32 231 37 160 21 1 97 228 218 74 7 134 121 109 4 171 66 72 74 12
0 44812 14 152 156 38 4 37 174 11 131 1 54 1 50 6 10 111 177 41 308 41 97 182 20 105 74 54 18 131 43 13 204 7 24 97 291 131 6 79 61 23 136
0 45006 51 33 81 36 62 17 24 107 7 21 48 59 118 18 49 3 8 82 10 16 6 82 48 8 44 7 64 35 140 85 9 34 17 10 165 19 67 52 66 25 56 10 107 60 19 26 87 93 291 43 140 86 15 2 39 45 24 86 32 136 20 37 168 27 95 76 216 20 124 12 48 28 53 80 31 221 3 29 35 108 60 58 5 139 74 95 25 51 137 13 50 2 25 155 141 20 32 123 88 131 1 4 81 105 101 2 53 38 53 43 214 148 60 14 18 232 265 4 120 27 104 24 94 9 11 131 76 152 317 8 22 156 191 21 137 22 41 49 36 18 255 81 2 10 10 14 63 14 33 55 6 76 261 13 118 55 188 15 263 109 29 102 53 54 6 39 74 17 40 11 111 24 205 29 337 13 38 40 79 1 66
0 45024 78 2 91 1 23 58 59 20 219 8 76 41 3 54 34 14 25 15 58 33 40 79 206 8 82
0 45067 79 5 78 32 37 112 16 54 48 9 105 34 45 24 2 146 351 20 23 14 28 26 7 45 320 74 25 38 181 13 44 5 121 27 203 74 5 6 240 27 30 23 74 4 152 11 131 258 141 100 14 17 49 49 133
0 45356 33 59 16 21 100 40 34 11 300
0 45363 34 33 21 43 5 6 277 96 115 44 14 36 111 4 72 116 123 14 36 79 238 27 4 14 15 60 230 42 18 114 159 34 48 38 22 51 147 23 153 8 192 35 105 27 41 76 1 161 53 39 4 58 99 8 211 97 68 16 48 28 7 5 140 41 21 30 232 14 254 14 189 69 62 6 34 8 112 64 6 40 9 17 379 90 33 26 50 46 22 67 36 52 26 49 12 2 53 77 92 65 92 59 124 5 290 33 137
0 45499 48 20 22 11 85 52 207 8 349 21 169 50 241 47 8 49 188
0 45555 20 27 148
0 45886 89 105 85 11 119 100 61 139 377 31 35 67 186 1 433 291 82 19 13 2 18 31 109 212 65 22 323 117 127 13 82 33 182 10 24 122 3 18 69 54 167 145 160 19 31 79 15 124 18 18 16 1 165 180 130 6 1 41 77 24 2 25 305 39 260 27 70 21 65 29 180 15 142 28 14 15 29 97 76 12 112 23 71 24 137 22 63 24 50 15 99 6 35 3 28 93 96 13 71 6 83 41 16 32 9 3 47 8 41 1 38 62 132 76 9 8 41 5 141 50 316 48 19 122 14 3 217 9 279 15 32 26 32 18 29 14 63 16 122 34 22 221 79 16 170 10 63 78 74 45 17 11 86 19 459 76 221 36 190 103 54 39 51 26 46 16 33 94 37 62 7 74 653 52 53 37 95 8 139 87 28 136 22 10 6 36 101 149 22 11 239 90 78 9 286 114 197 2 3 27 30 30 10 44 391 34 114 86 91
0 45988 83 3 268 112 9 89 33 26 29 44 3 15 73 35 8 38 26 81 25 57 74 1 52 20 16 14 48 28 92 122 85 160 17 197 55 38 95 101 12 51 126 34 4 19 50 9 44 62 53 16 681 49 24 20 11 45 2 89 78 152 151 31 433 51 189 63 168 55 116 87 140 21 53 27 62 96 76 16 70 43 88 48 135 55 15 24 83 66 4 4 152 4 81 13 104 163 84 136 225 29 157 32 40 130 77 26 6 20 71 257 13 53 101 2 247 26 2 13 84 34 92 8 394 37 50 132 32 19 105 205 209 4 79 23 100 17 148 58 141 27 70 43 155 199 13 13 34
0 46045 93 4 133 4 193 90 104 18 199 95 29 113 132 58 102 35 130 62 9 102 123 35 231 59 43 14 76 26 71 21 59 11 5 130 196 40 151 86 59 16 341 135 3 98 126 36 12 12 112 60 46 34 28 24 149 105 304 61 150 5 609 123 1 54 10 88 64 81 76 31 124 7 24 7 40 23 73 49 94 39 83 119 37 20 219 160 73 21 181 45 88 59 17 12 37 5 185 37 40 35 45 74 73
0 46075 180 14 35 27 49 145 27 61 15 17 52 68 242 64 1 150 44 21 65 38 187 53 161 77 30 36 117
0 46083 273 68 273 22 71 49 28 44 50 67 29 15 21 63 45 102 249 73 135 54 33 59 149 26 157 6 156 34 202 37 76 80 442 13 14 4 5 63 76 163 123 14 48 3 402 3 284 39 114 9 48 67 18 130 245 231 6 29 57 95 111 10 15 1 202 17 38 186 109 86 245 1 51 227 120 18 70 4 154 3 265 12 28 4 12 82 180 15 143 71 74 19 85 9 28 48 49 44 93 34 6 108 133 3 30 114 236 3 69 58 386 47 81 43 96 14 119 98 6 33 208 20 215 61 145 61 78 16 122 22 67 29 6 43 272 32 15 18 127 16 347 53 44 16 26 115 124 6 47 62 130 4 222 46 53
0 46168 71 2 30 17 173 133 34 6 83 11 38 172 3 2 109 60 47 54 16 34 64
0 46198 5 31 242 10 620 25 43 2 53 65 46 87 10 3 141 68 6 3 40 6 5 72 38 61 7 2 5 61 12 4 1 16 338 22 7 57 63 22 177 16 15 9 43 44 8 84 25 30 9 42 208 91 77 41 39 1 10 152 128 26 104 5 56 24 174 60 165 16 37 53 115 60 162 71 175 18 201 221 199 2 424 190 5 18 30 55 338 123 149 7 269 39 36 176 132 80 16
0 46621 309
0 46968 61 75 173 19 134 86 143 154 105
0 47132 155 78 95 62 95 34 30 46 11 8 45 252 135 3 91 106 53 60 122 30 43 60 152
0 47212 56 25 227 24 32 3 193 55 27 4 44 33 237 38 49 7 62 31 125 151 81 10 37 19 28 23 156 20 75 177 221 66 26 5 137
0 47436 31 8 26 18 12 7 71 50 15 20 45 25 36
0 47668 15 11 13 17 60
0 47819 253 26 7 8 55 15 73 84 585 28 121 9 6 41 117 11 213 26 4 16 101 61 21 14 58 28 116 79 30 113 61 9 267 9 291 72 200 38 240 46 26 78 204 9 2 26 151 2 163 34 72 21 18 64 35 91 132 2 73 15 225 8 158 28 5 18 91 24 107 14 29 83 28 5 93 57 140 27 21 55 165 2 37 56 120
0 47828 71 338 278 151 107 16 20 29 149 17 83 19 110 81 48 85 176 10 160 90 82 33 552 47 17 20 159 116 70 101 66 73 39 12 42 43 93 74 35 14 67 58 115 11 70 11 66 113 55 10 77 45 24 2 31 109 60 33 495
0 47924 143 48 61 63 44 39 59 29 27
0 48104 108 14 56 69 56 20 149 77 119 156 13 18 9 7 20 49 45 11 73 310 20 77 43 282 76 3 23 31 217 25 28 58 49 6 229 185 35 18 62 1 38 38 268 15 52 115 235 123 193 28 41 70 365 70 23 30 46 28 183 1 288 33 10 19 15 210 9 33 27 181 34 90 335 10 79 29 23 61 69 30 82 94 15 13 5 13 98 59 19 16 78 123 344 12 39 8 50 113 100 153 165 35 48 152 6 73 79 32 72 6 132 72 80 39 32 24 121 6 279 15 6 22 250 32 6 99 68 46 88 3 217 105 59 1 39 37 121 10 104 150 232 13 32 88 50 7 250 12 246 36 78 32 57 7 48 114 111 65 23 49 24 2 21 33 15 47 57 24 234 6 5 130 21 11 5 83 47 3 65 69 18 81 44 77 33 39 83 1 67 72 94 50 30 21 55
0 48166 77 26 69 3 3 2 109 29 720 97 16 4 22 14 53 30 1 36 55 79 20 6 7 38 67 9 109 85 231 76 172 11 127 3 154 43 70 83 113 14 69 19 179 5 102 20 95 49 45 20 22 10 109 42 214 41 17 50 162 2 21 89 174 120 57 32 2 228 98 51 460 8 111 115 359 7 128 89 82 164 19 29 103 75 29 67 38 48 13 22 201 11 34 79 118 35 34 15 9 2 152 9 106 30 23 29 85 11 51 13 40 131 251 20 50 22 130 2 163 211 86 71 38 11 48 5 57 54 61 8 66 10 113 1 70
0 48206 109 45 23 74 6 13 29 44 290 70 132
0 48251 42 15 48 6 57 8 60 5 149 181 14 87 7 18 84 60 21 19 49 6 27 59 238 89 41 14 28 66 88 48 9 46 81 60 28 36 134
0 48280 29 103 44 15 646 198 113 71 96 29 38 4 33 37 194 122 23
0 48333 269 67 55 52 74 90 16 105 17 11 113 3 18 17 29 60 64 62 349 10 46 37 84
0 48334 495 3 193 14 49 62 166 67 13 82 154 32 161 34 80 295 370 38 120 21 151 2 180 24 217 81 133 19 4 15 154 239 5 3 36 14 160 83 12 7 167 127 212 11 15 41 136 36 10 45 116 59 404 21 121 161 24 2 7 45 82 41 53 170 7 70 4 229 446 61 183 38 69 29 67 1 31 4 17 26 15 44 134 10 165 5 149 21 18 163 93 67 42 9 336 16 115
0 48367 47 85 193 33 28 74 102 225 228 47 166 71 140 22 41 143 216 8 176 69 128 20 282 69 91 91 249 24 17 106 22 29 42 95 30 10 60 49 143 117 40 3 48 54 127 6 125 9 80 26 6 32 99 1 147 18 42 21 94 13 98 53 24 32 76 2 134 70 97 6 96 34 60 66 1 14 51 68 157 56 19 18 90
0 48435 439 33 18 60 142 154 1
0 48727 158 100 6 46 80 6 9 17 62 42 60 129 127 35 543 30 31 4 337 106 39 48 135 57 39 23 59 88 212
0 48789 51 4 5 40 29 11 103 98 59 5 97 9 43 63 120 15 105 6 55 45 183 8 45 2 45 167 21 11 47 2 24 61 82 7 83 37 80 37 21 79 80 10 15 157 92 3 24 3 55 41 109 38 5
0 48806 25 85 4 59 45 140 87 118 24
0 48820 103 106 95 271 366 98 224 172 18 100 237 30 100 26 36 12 29 90 39 7 16 28 13 85 51 29 109 8 39 142 342 26 289 77 638 24 451 75 10 3 22 148 8 41 20 38 33 33 5 2 72 14 153 57 128
0 48866 63 22 20 140 99 71 52 44 112 110 61 35 191
0 48962 23 139 140 14 34 19 6 18 66 17 134 130 339 90 141 5 221
0 49245 48 99 23 75 7 27 90 34 21 107 8 30 21 1 11 104 28 31 262 41 729 162 256 168 25 15 181 49 86 182 22 49 78 82 87 86 12 39 147 65 404 54 57 23 81 109 44 27 14 30 149 59 67 35 3 77 11 160 18 84 419 2 187 51 71 22 114 53 31 6 52 6 42 85 87 18 33 22 112 21 44 39 96 22 117 50 58
0 49289 100 41 330 60 46 6 57 32 55 61 14 83 38 70 302 47 45 46 38 34 30 58 208 65 27 302 116 12 76 116 18
0 49462 372 12 55 16 13 36 67 4 121 40 52 61 56 69 14 6 15 67 10 11 85 134 444 5 223 45 31 33 77 50 66 23 191 59 111 30 209 116 26 25 37 22 11 55 337 97 73 73 138 78 51 236 19 103 138 97 96 34 176 28 71 93 23 115 73 32 72 93 55 2 1 92 161 153 115 12 106 26 31 13 68 44 360 47 45 32 91 84 427 20 11 155 339 6 96 173 310 38 80 31 47 92 5 62 49 108 18 2 83 31 82 5 145 19 143 11 123 9 73 27 129 87 15 27 30 23 18 22 138 5 16 57 117 6 1 91 128 11 99 63 221 30 49 38 51 53 55 29 36 31 73 9 12 1 162 19 38 58 57 96 38 15 261 53 105 3 124 51 119 3 29 21 72 84 172 20 1 38 344 10 238 76 73 56 237 136 242 140 52 6 105 38 47 67 68 4 11 14 25 20 62 59 94 11 158 127 101 9 87 1 93 9 44 21 71 7 67 70 116 21 1 49 42 4 105
0 49547 8
0 49683 4 27 132 32 27 82 107 15 13 7 42 37 188 14 14 26 249 90 32 117 53 25 7 40 38 34 202 41 76 35 9 97 117 32 35 17 49 15 221 79 17 55 173 17 216 49 32 73 33 5 47 55 43 13 46 172 201 5 318 37 34 22 335 5 58 4 164 14 15 57 128 62 80 33 24 3 21 33 68 36 12 21 68 120 272 112 31 46 25 46 75 32 91 29 39 45 39 6 168 33 99 1 97 16 97 126 327 155 45 85 83 133 4 36 10 5 20 15 96 79 27 50 87 31 165 31 53 174 56 11 5 20 107 2 45 183 2 38 98 91 32 37 262 78 25 52 163 37 43 7 303 92 45 21 66 28 229 5 174 37 51 35 288 63 60 62 44 2 156 89 276 45 49 63 87 79 357 71 8 105 219 55 275 36 192 25 22 55 430 38 69 78 21 61 59 71 126 45 21 199 141 26 22 111 53 21 22 19 110 176 9 162 92 3 5 85 24 5 130 65 7 10 285 33 11 12 540 59 291 56 59 46 3 8 168 9 13 198 69 25 192 103 214 61 7 23 67 6 221 91 207 29 347 47 144
0 49692 113 104 307 167 53 76 10 109 229 11 133 34 806 120 227 57 15 90 55 17 134 29 39 15 191 10 31 53 146 26 40 5 141 57 96
0 50239 26 35 176 12 169 20 4 84 50 6 71 24 28 20 108 71 56 36 146 2 12 91 96 30 14 57 11 4 16 214 42 76 143 24 250 23 84 64 61 36 93 20 174 17 30 18 14 6 8 56 66 8 102 86 120 227 38 15 279 34 16 35 54 16 11
0 50304 148 23 122 31 113 15 302 24 2 4 206 44 68 174 142 62 39 92 285 2 31 125 260 47 81 1 204 43 236 78 212 18 56 164 35 117 72 64 108 40 132 15 73 42 139 134 485 192 110 137 43 15 199
0 50310 161 19 1 29 28 37 69 44 321 74 10 8 13 7 385
0 50314 84 36 13 10 33 25 48 16 26 33 17 4 84 136 4 55 28 12 182 67 141 45 282 132 139 73 33 43 15 55 76 58 112 33 151 14 113 5 72 27 18 98 30 110 7 13 37 86 74 25 204 37 209 157 129 68 10 113 2 54 77 34 1 64 98 165 152 70 102 4 95 98 17 170 59 116 220 30 37 51 72 33 99 75 161 2 57 64 212 8 19 105 136 92 50 2 2 20 205 39 13 71 168 44 15
0 50485 29 58 149 106 129 38 272 112 22 23 17 63 5
0 50942 69 9 297 58 281 116 44 7 148 10 120 37 124 18 21 73 116 40 93 14 206 66 150
0 51155 3 86 10 3 10 185 2 26 62 63 108 85 182 8 5 130 18 17 31 8 271 61 250 74 88 4 294 252 41 56 191 37 47 58 231 55 1 63 141 96 114 81 68 3 141 18 2 36 41 185 55
0 51212 206 129 222 22 115 50 244 38 30 41 168 70 112
0 51368 77 48 24 49 123 15 90 76 43 61 114 62 86 12 15 55 14 19 237 188 31 37 44 47 12 1 291 198 203 3 25 28 11 47 16 62 170 64 271 66 131 8 436 11 120 9 108 17 11 2 10 36 92 35 78 196 68 74 26 65 117 5 293 27 14 41 46 1 32 6 22 136 42 23 17 122 101 27 12 77 72 42 33 20 38 9 23 59 111 3 104 189 128 108 42 114 101 43 42 21 22 20 12 62 7 36 155 4 191 95 42 95 181 32 82 60 320 44 64 16 75 36 148 3 83 26 125 14 6 40 3 37 102 29 14 113 107 52 36 27 4 82 19
0 51561 316 17 114 165 103 20 64 20 100 2 428 64 115 71 34 20 818 175 282 1 351 15 38 21 130
0 51753 2 29 170 3 24 93 33 50 9 29 87 108 69 87 67 14 98 28 13 278 19 5 108 9 93 37 24 37 130 52 197 43 243 27 86 7 18 63 41 4 18 213 21
0 51900 86 105 77 150 134 13 52 74 276 6 263 41 84 76 138 171 98 148 44 45 152 71 56 173 48 118 138 6 31 57 16 69 1 106 363 10 17 20 141 35 23 59 38 100 87 29 20 6 188 41 73 19 16 109 128 39 76 5 283 7 39 158 24 95 83 56 64 20 271 87 275 3 189
0 51934 159 21 31 25 150 18 501 5 110 3 15 11 58 58 172 3 21
0 51985 196 53 7 57 45 5 83 90 14 75 28 39 336 35 78 1 8 2 244 5 51 70 94 1 29 27 45 26 56 84 116 38 89 45 213 52 32 5 79 237 132 13 53 41 56 90 94 38 5 35 242 18 20 44 62 17 85 3 72 10 51 1 14 55 88 7 70 110 33 25 53 37 75 241 105 52 4 37 168 23 61 95 59 10 125
0 52285 23 25 138 12 64 52 80 81 75 5 28 12 178 17 47 257 75 5 174 17 68 21 66 44 103 16 40 30 405 27 59 7 238 2 228 40 223 68 50 19 171 140 23 7 162 52 130 203 96 29 237 72 65 51 57 5 23 178 124 73 95 39 55 13 15 65 48 107 136 217 67 101 44 40 84
0 52293 6 71 107 52 486 32 248 15 401 75 14 172 92 29 73 69 30 52 140 9 93 13 23 69 63 64 39
0 52590 67 74 5 58 282 130 169 62 89 42 94 21 121 7 82 120 350 64 31 96 174 2 252 2 91 91 4 25 18 20 28 87 21 15 415 41 130 48 446 34 38 17 84
0 52704 83 10 222
0 52726 218 15 52 35 88 7 430 25 44 50 78 77 77 118 143 9 92 12 87 193 28 95 285 34 127 34 43 34 143 33 147 28 12 80 119
0 52744 77 55 216 38 91 1 100 14 687 9 39 10 75 16 64 58 196 52 125 86 10 91 55 18 81 16 68
0 52782 39 60 31 38 50 16 24 15 9 64 26 36 65 47 185 127 56 76 73 17 29
0 52932 61 29 48 38 13 42 10 17 299 103 13
0 52970 44 1 165 33 247 5 32 60 62 52 10 60 45 6 44 201 46 51 4 100 98 15 136 93 3 67 112 43 197 56 140 9 51 6 135 48 147 24 2 17 34 93 84 58 6 52 149 50 114 20 43 135 96 25 344 67 104 74 11 50 193 14 63 6 61 10 216 18 137 42 22 21 83
0 52987 13 38 58 9 85 41 49 136 87 9 50 20 18 12 146 11 92 134 70 9 3 16 327 19 74 75 290 12 37 47 162 1 152 21 41 60 2 95 43 4 24 58 33 48 3 59 15
0 53015 40 3 43 34 41
0 53056 348
0 53112 149 30 278 46 90 26 47 17 157 32 518 165 336 10 99 68 34 19 206 1 255 66 49 83 19 5 11 41 32 44 79 28 4 23 10 23 260 14 323 99 79 21 41 16 26 32 8 78 63 68 32 18 353 10 120 63 15 17 60 67 188 24 108 67 136 129 90 157 241 2 10 3 91 129 115 93 40 51 92 41 49 82 27 10 96 91 82 40 5 34 44 420 392 35 37 21 143 18 27
0 53230 8 1 29 11 76 11 58 40 4 26 51
0 53716 50
0 53984 176 48 16 10 33 108 169 12 94 6 21 92 40 47 92 30 101 2 83 35 223 25 129 346 26 48 26 97 14 13 9 91 68 83 145 63 329 24 86 93 45
0 54101 95 11 185 29 108 44 65 20 18 99 74 23 4 60 424 5 26 25 4 10 538 11 75 68 62 25 223 81 51 18 32 62 178 8 107 112 107 16 17 94 12 17 17 21 153 80 116 2 64 1 2 28 351
0 54107 51 70 390 140 80 21 227 456 439 108 136 45 93 52 102 68 67
0 54144 361 30 4 147 56 10 119 48 115 11 15 27 19 10 109 258 53 6 5 103 181 104 78 5 80 26 9 56 113 108 120 17 207 12 40 4 184 1 87 65 72 37 28 2 26 3 58 6 150 128 5
0 54177 78 143 74 40 32 33 295 10 71 35 49 18 154 16 36 4 3 40 56 90 21 18 12 8 19 10 18 44 151 29 164 55 74 106 49 71 108 26 89 37 55 17 89 75 57 9 254 53 86 7 50 150 14 73 19 158 148 76 29 6 27 56 213 254 125 16 23 66 230 77 44 50 36 26 38
0 54599 165 41 91 115 79 4 82 3 264 42 56 19 14 176 40 17 67 157 37 40 222 1 301 292 58 2 189 66 100 65 357 35 117 51 147 34 112 11 47 14 85 137 364 96 77 187 17 20 13 46 95 34 61 120 89 47 191 6 492 61 132 28 10 68 23 5 70 59 9 36 2 73 219 2 212 73 55 74 184 17 163 84 75 61 147 1 73 17 24
0 54754 53 16 39 1 4 20 27 29 72 32 129 11 162 50 117 57 87 16 139 63 13 32 11 15 7 18 61 44 297 56 14 61 30 58 191 17 6 28 9 56 132 15 144
0 54795 72 4 178 8 149 33 14 29 124 76 186 22 219 82 12 59 276 42 21 8 84 23 44 43 50 59 6 13 59 13 113 42 216 11 112 3 43 14 105 30 3 45 105 57 151 52 114 61 384 21 33 220 33 77 164 40 287 118 211 41 170 8 56 347 98 63 82 13 132 92 77 8 32 32 8 16 186 27 17 40 12 38 98 35 126 38 394 24 29 17 112 83 28 116 85 88 35 112 37 112 1 47 57 69 47 53 85 21 12 39 245 52 31 116 202 12 52 58 163 35 141 19 44 58 39 39 281 3 84 105 188 63 126 66 37 23 39 192 188 26 66 72 53 2 68 22 64 61 160 27 195 11 34 90 81 89 33 9 76 13 192 12 20 9 45 72 116 131 48 32 48 53 145 70 226 20 165 35 140 14 186 48 124 43 50 71 31 28 6 62 47 46 28 40 73 7 5 28 9 24 75 9 14 60 244 171 65 1 18 46 19 28 161 93 69 1 297 238 114 2 135 133 122 35 98 73 124 158 58 53 123 5 26 8 79 41 74 67 44 106 135 52 235 17 35 33 140 44 411 54 36 51 14 44 39 109 15 6 283
0 55276 208 29 85 23 237 77 177 43 98 22 168 37 155 48 80 52 16 34 266 78 75 19 7 53 271 15 37 75 145 50 49
0 55401 465 23 65 133 22 10 64 2 110 73 3 141 71
0 55481 44 36 35 15 122 9 69 32 67
0 55876 43 47 92 2 115 1 55 13 23 31 7 323 28 4 249 341 48 57 105 166 26 29 2 91 67 46 65 21 200 155 232 191 91 11 75 11 106 25 150 46 6 46 95 34 8 45 49 44 79 23 67 169 183
0 55957 21 46 12 7 38 103 66 3 38 50 3 45 30 28 1 5 32 19 102 11 131 3 106 38 15 128 79 54 44 30 231 27 28 102 7 42 148 7 15 28 38 41 11 25 101 63 217 43 32 19 99 83 27 10 3 74 177 4 82 2 16 14 146
0 56000 6 123 74 18 4 48 76 219 53 46 18 26 51 39 5 6 202 10 182
0 56123 9 35 93 80 61 3 299 13 7 54 7 183 123 78 79 6 28 12 43 19 287 8 23 26 1 56 18 2 81 1 96 1 227 20 119 23 11 10 415 19 116 213 142 25 30 22 40 44 22 274 3
0 56131 32 25 229 8 251 23 5 177 117 11 136 48 104 22 11 42 154 22 84 5 313 25 6 44 144 132 46 167 159 8 130 85 14 30 152 8 128 10 76 12 30 5 42 1 42 91 14 77 24 39 186 130 110 3 10 52 134 67 10 6 139 28 149 119 8 46 37 25 365 57 722 23 328 40 6 26 181 58 57 26 355 15 81 2 25 14 92 15 3
0 56238 21 25 84
0 56441 119 67 6 27 25 7 85 293 181 11 39 59 47 10 12 123 48 25 135 34 88 21 59 16 69 7 15 3 4 100 222 73 66 44 12 15 88 33 244 28 301 17 60 71 70 4 272 6 38 19 52 9 100 29 53 5 79 48 11 15 51 4 58 152 127 3 73 142 4 35 68 14 231 13 112 3 193 49 11 43 33 26 4 13 70 27 71 15 107 4 36 95 79 37 104 43 118 129 299 22 155 75 3 14 78 11 50 27 19 97 36 70 119 84 67 11 18 15 89 37 35 86 141 18 315 33 229 10 11 69 108 9 2 16 23 25 317 9 106 16 82 173 326 123 60 37 306 3 27 39 20 142 487 1 27 68 445 82 40 119 128 168 107
0 56688 266 56 25 67 7 128 188 1 17 85 103 59 83 23 103
0 56744 88 25 135 1 17 32 63
0 56834 272 21 43 9 9 26 106 13 41 27 39 5 237 9 80 55 56 108 86 116 43 11 12 13 21 42 270 56 99 47 22 6 33 123 95 16 114 45 59 18 36 13 66 56 72 21 72 26 80 6 89 87 2 45 35 13 15 26 73 4 27 7 181 42 150 2 41 120 77 31 209 58 110
0 56873 52 9 146 5 39 14 86
0 56988 12 108 80
0 57140 26 11 58 23 116 183 3 24 70 6 5 143 41 68 71 19 206 44 222
0 57168 148 49 1 34 367 113 16 10 141
0 57196 48 28 58 57 63 18 17 47 51 121 9 38 360 245 55 1 160 21 115 9 59 33 25 23 5 69 151 20 69 408 370 256 22 18 76 4 13 2 9 24 14 82 85 4 3 138 10 13 31 90 66 4 139 84 135 47 126 47 226 32 37 115 202 5 197 22 37 71 200 16 77 146 213
0 57218 65 71 103 134 26 79 188 56 21 68 77 92 4 97 179 95 23 25 17 82 39 39 115 7 49 122 102 14 25 22 394 59 17 169 102 3 50 15 191 2 56 5 42 65 31 30 354 31 38 105 43 60 329 58 30 153 91 5 14 39 25 44 426 92 66 13 179 32 147 24 62 81 7 14 163 123 271 10 46
0 57315 98 1 38 19 131 35 85 64 134 14 53 104 25 43 93 51 35 62 99
0 57409 16 98 68 32 112 18 74 60 271 41 15 72 279 116 112 99 19 100 144 93 37 34 2 99 86 20 99 105 131 3 262 26 21 16 46 5 40 28 72 15 21 2 116 37 120 2 83 11 50 35 96 30 22 43 104 76 1 109 87 38 6 22 181 94 230 1 288 230 76 194 154 25 73 39 202 22 68 57 14 5 3 77 82 16 10 14 55 88 68 7 33 110 57 30 12 77 11 211 120 31 56 52 28 2 121 23 60 10 20 43 204 80 30 79 318 46 105 71 57 47 250
0 57856 12 27 5 35 22 78 36 9 13 79 8 55 180 58 19 8 7 46 155 43 36 27 138 17 65 23 27 13 230 19 14 20 90 71 37
0 57870 16 62 1 13 69 11 234
0 58017 2 68 377 7 92 36 56 4 102 17 3 12 5 2 42 1 188 110 235 7 216 73 118 64 51 32 21 18 138 12 37 7 106 45 238 27 87 104 23 24 12 38 14 29 68 17 39 2 135 33 3
0 58033 64
0 58382 418 94 42 74 5 113 181 82 17 11 19 45 245 35 65 50 82 4 38 75 112 24 23 69 154 1 140 129 54 21 54 51 148 31 290 48 4 12 81 2 106 9 478 27 4 79 148 9 81 31 231 71 116 63 121 83 166 42 62 80 20 48 199 24 27 54 64 6 81 32 128 181 61 22 44 122 59 124 53 21 57 175 48 21 1 110 84 13 112 56 1 61 87 1 232 18 155 15 10 95 212 32 39 101 42 21 6 10 162 16 182 2 20 5 7 77 16 16 75 91 121 83 293 70 185 16 33 72 146 3 66 74 70 3 12 39 12 206 5 27 35 7 33 2 79 10 354 69 87 58 58 115 49 15 3 19 138 235 104 3 121 77 159 24 18 5 243 10 54 31 1 12 24 57 83 3 62 41 401 58 222 37 128 2 39 5 178 24 38 59 80 15 161 7 361 13 13 36 17 23 181 20 20 10 156 7 30 59 94 51 25 30 19 119 3 23 46 31 148 19 147 8 107 46 123 4 27
0 58571 142 58 43 9 1 29 113 20 21 1 185 21 59 56 18 57 29 9 208 8 24 17 146 80 241 15 161 36 100 90 216 7 53 84 81 155 51 53 232 33 148 10 30 77 42 8 42 72 435 14 15 51 84 17 173 191 29
0 58844 351 38 12 4 52 2 93 25 54 94 23 11 277 139 108 25 26 259 38 14 1 48 20 8 27 15 187 31 74 5 152 113 6 28 134 135 141 21 57 13 49 16 203 45 21 5 5 30 132 49 24 34 102 130 32 34 181 66 24 13 28 25 24 44 105 12 26 36 10 44 150 64 117 42 214 50 108 26 266 76 4 30 155 233 20 37 19 70 40 77 289 8 139 67 187 24 92 48 123 5 156 10 30 19 119 21 30 26 4 39 87 30 100 29 196 175 47 44 6 9 30 16 52 160 352 7 7 22 267 6 296 28 130 39 319 169 14 62 46 99 223 47 134 3 24 18 24 26 38 96 5 32 158 9 58 34 171 2 3 9 46 112 97 21 87 20 309 17 13 47 156 25 67 20 145 82 24 52 3 45 208 140 206
0 59163 229 23 46 11 154 109 20 4 53
0 59236 42 63 13 61 81 4 46 44 227 33 590 121 148 41 64 4 46 75 165 68 124 91 14 125 19 5 36 4 103 84 141 92 11 5 17 2 92 238 78 19 43 52 43 6 156 15 107 61 57 27 179 40 49 6 171 25 74 88 18 25 50 102 308 208 9 122 270 16 77 215 282 3 165 4 20 40 42 6 131 3 23
0 59246 66
0 59381 39 23 49 12 85 47 173 4 40 43 293 99 451 42 169 44 23 26 180 180 50 92 35 77 34 225 125 6 55 16 23 19 33 27 30 2 9 20 47 161 153 43 33 12 45 40 48 47 5 119 112 104 168 27 19 101 1 45 84 6 82 82 200 99 39 4 24 14 22 64 59 74 496 10 52 31 92 82 25 118 93 7 89 24 156 6 35 30 75 14 176 5 4 94 78 16 71 1 45 85 7 14 99 15 49
0 59462 25 7 124
0 59494 3 133 65 4 6 261 17 11 102 154 20
0 59685 197 2 479 1 52 45 152 36 87 13 138 28 140 31 46 60 50 3 29 17 3 60 142 86 63 3 73 49 10 22 127 35 25 26 29 5 128 36 79 16 273 155 98 6 96 13 51 17 5 89 43 13 173 10 195 10 89 122 10 114 17 65 3 10 86 38 77 19 83 60 67
0 59759 5 80 152 47 163 4 7 30 46 117 309 28 136 8 107 56 72 40 303 119 39 104 98 36 105 26 337
0 59782 143 8 114 24 98 5 102 55 37 70 130 5 48 26 578 67 115 7 12 72 67 30 149 111 113 16 60 27 73 80 55 187 47 77 15 3 455 19 5 141 35 7 48 7 65 7 31 89 540 117 63 25 115 47 59 21 31 62 160 224 308 146 45 31 69 174 224 8 113 82 41 208 234 86 83 44 73 24 45 9 81 4 178 78 84 116 132 27 57 53 43 44 130 9 33 9 6 9 48 54 285 90 19 8 35 27 97 8 15
0 60070 95 30 15 24 17 146 215 62 78 59 10 123 5 43 29 20 61 39 45 195 172 26 80 47 139 86 117 87 189 12 69 5 68 20 210 13 197
0 60140 7
0 60187 130 15 202 308 153
0 60236 8 8 5 41 11 16 98 34 16 11 59 10 285 66 111 19 93 29 65 5 70 87 126 51 45 54 24 22 87 3 10 1 136 83 9 15 217 1 167 100 101 1 463 22 51 10 48 121 268 60 106 55 32
0 60416 161 55 31 5 6 34 27 4 143 9 383 13 142 1 25 27 379 1 219 69 257 4 104 8 154 95 220 10 32 137 141 16 377 7 53 22 58 17 297 87 174 16 26 111 100 181 163 39 93 10 56 40 80 94 55 20 121 70 62 16 134 115 49 15 94 130 196 32 212 170 184 84 51 32 14 99 104 50 55 55 59 28 123 83 9 8 4 25 73 5 18 1 121 41 167 66 78 78 310 6 161 14 94 25 77 108 63 24 77 38 341 25 107 74 7 75 206 22 51 44 37 82 57 57 68 78 40 85 121 29 75 32 13 4 21 68 51 157 130 57 458 41 44 27 107 47 12 5 43 33 9 4 113 3 514 24 28 56 65 93 512 26 8 3 339 35 21 5 119 16 185 52 262 68 75 75 15 42 10 35 165 4 268 13 47 5 131 83 31 31 18 60 64
0 60449 60 44 101 52 6 28 87 9 176 180 48 65 48 22 117 24 379 34 50 107 15 7 81 73 52 58 181 5 61 63 68 14 72 38 337 129 57 88 26 59 100 13 49 1 115 52 151 16 238 113 161 2 68 71 179 98 103 20 44 24 28 38 226 14 158 7 243 144 6 48 96 44 143 14 225 1 139 14 5 6 106 21 61 1 85 34 167 243 104 77 21 29 44 87 53 6 18 9 92 52 541 30 8 101 312 17 12 210 61 16 418 30 38 74 25 32 89 43 156 14 2 116 10 7 94 73 88 2 128 68 235 54 409 50 254 30 298 109 55 1 387 3 76 72 146 92 163 1 26 7 119 109 234 17 112 10 519 12 83 7 276
0 60655 36 6 11 82 37 56 70 65 89 43 97 27 12 136 23 13 26 31 26 37 142 25 31 81 148 38 41 43 56 3 79 49 138 66 107 14 4 62 85 4 41 39 77 80 28 18 9 26 815 44 27
0 60957 1
0 61030 67 21 83 62 1 68 242 26 72 58 51 31 76 2 142 33 5 31 218 11 226 58 12 9 13 41 56 54 30 52 119 21 53 6 126 124 49 271 163 23 13 57 63 32 1 157 61 3 320 63 85 41 42 17 41 19 12 38 168 83 11 44 96 79 75 45 55 15 31 17 12 35 10 255 2 23 23 20 74 20 28 12 187 59 18 143 92 8 32 53 28 12 11 100 80 47 50 46 141 28 52 127 676 1 13 29 57 129 234 1 36 117 150 25 11 104 39 53 7 2 8 9 136 49 5 96 18 3 422 1 20 36 156 77 85 10 81 31 152 27 103 43 185 15 21 29 228 68 63 22 2 21 108 46 13 88 123 5 34 92 211
0 61194 414 5 16 91 37 5 104 42 108 61 39
0 61459 10 87 27 28 59 142 318 57 136 36 153 77 292 25 92 18 95 51 14 207 38 98 204 5 116 25 106 24 44 26 51
0 61604 1 6 288 8 85 128 23 52 11 111 10 4 16 33 203 22 156 5 164 64 131 17 11 99 149 39 127 21 43 129 288 10 58
0 61856 69 8 1 23 100 26 101 59 52 132 12 100 138 10 71
0 62750 23 98 99 3 172 75 15 44 138 36 170 33 174 11 309 84 10 12 157 36 74 101 160 15 44 108 52 8 152 4 130 62 26 43 115 23 202 65 55 13 28 24 85 80 89 44 169 19 58 31 59 28 22 143 11 109 14
0 62908 197 55 67
0 63304 56 60 35 38 32 37 3 80 119 12 271 33 102 50 142 126 1 1 6
0 63456 164 13 1 25 58 19 345 89 22 33 22 35 36 3 9 21 29 53 155 58 19 36 129 22 356 59 39 307 269 73 73 40 43 25 31 21 216 21 8 21 29 63 111 89 219 111 182 36 66 3 34 13 22 46 93 81 103 148 29 71 241 5 139 30 375 26 25 2 37 131 69 54 71 203 81 31 49 9 91 74 316 8 4 54 54 20 36 18 50 29 6 74 47 369 82 13 70 90 43 30 67 63 116 21 548 187 150 9 35 99 9 22 82 14 102 199 344 256 110 3 23 1 65 182 148 29 7 132 20 31 67 116 237 17 172 87 94 48 243 115 16 14 18 55 74 64 5 12 352 53 297 17 11 6 125 15 15 108 347 99 12 140 51 42 217 118 131 45 394 86 43 29 21 40 33 30 272 84 35
0 63684 494 90 40 7 96 60 25
0 63751 17 91 156 85 104 21 290 31 2 36 111 36 123 14 37 4 21 14 56 53 67 15 68 28 121 14 119 3 109 15 1 38 66 74 350 54 118 109 59 62 65 33 79 94 77 54 30 32 207 2 16 48 6 2 120 29 16 33 7 102 283 72 9 8 205 33 145 39 33 4 59 74 118 17 61 80 23 18 5 15 157 13 1 107 24 20 63 11 134 129 15 11 496 63 21 59 107 62 376 62 2 28 192 92 366 61 15 88 10 58 110 48 35 71 11 16 112 6 99 27 6 7 75
0 63945 52 35 40 8 66 61 84 16 10 76 17 33 235 24 295 1 14 1 63 21 93 33 37 62 54 14 54 131 135 75 52 2 64 28 4 29 100 10 184 14 174 10 27 45 4 24 350 111 265 4 127
0 64026 10 38 37 45 43 39 340 24 287 73 85 12 214 2 77 47 197 2 40 25 122 23 91 6 66 1 109 66 47 86 275
0 64027 9 61 119 1 119 21 66 23 102 99 3 129 62 53 74 79 14 77 13 101 38 39 9 2 26 32 22 54 79 19 147
0 64136 11 17 79 15 141 55 116 31 77 18 67 15 157 34 20 37 73 68 48 19 48 20 79 105 8 106 176 3 3 54 109 108 107 19 352 6 150 8 15 20 232 20 66 21 87 8 29 14 27 36 165 16 49 6 12 39 78 28 16 10 52 19 100 2 123 25 183 5 36 35 9 29 140 55 13 3 43 32 40 23 155 34 55 18 153 41 6 50 16 111 106 112 196 70 75 13 34 12 22 32 41 57 157
0 64211 89 31 162 30 178 12 132 81 20 21 46 50 143 91 19 40 67 102 28 21 4 4 189 83 29 85 269 1 26 32 40 157 248 12 322 99 38 66 228 36 40 118 42 152 12 14 145 14 52 65 30
0 64369 115 53 12
0 64581 89 111 158 40 111 142 2 85 6 230 30 48 38 112 4 18 20 10 255 66 246 11 449 73 36 24 27 28 271 54 17 3 45 26 196 12 211 1 8 75 19 72 6 44 153 1 10 28 55 64 42 8 66 72 17 42 92 6 63 15 18 1 329 73 87 56 134 10 226 3 100 10 98 156 27 59 16 50 75 2 245 129 56 46 62
0 64584 56 2 234 17 63 79 91 6 20 98 77 86 128 16 62 22 75 98 146 66 250 15 9 36 10 77 18 37 97 214 101 77 42 9 351 16 58 22 116 39 44 9 146 4 1 18 113 2 172 52 107 33 2 7 46 25 58 57 30 104 90 47 79 132 14 40 4 26 85 65 95 45 187 8 102 68 77 25 2 119 187 30 54 10 92 26 77 2 95 13 12 38 47 71 215 43 260 16 75 113 78 73 32 22 132 94 108 28 1 63 121 9 137 8 68 26 71 6 30 29 2 70 91 26 26 43 113 9 189
0 64595 62 67 10 93 53 89 58 46 28 17 10 8 119 91 231 45 179 24 66 66 81 16 39 60 120 188 178 7 34 134 83 9 115 1 19 81 183 13 47 71 43 71 13 37 16 57 43 33 220 34 34 70 47 99 211 122 65 27 33
0 65033 39 16 10 67 93 50 13 25 2 66 67 59 151 38 81 10 45 274 9 33 229
0 65050 30 248 158 106 84 143 9 8 207 63 48
0 65103 57 91 152 141 36 91 279 1 76 106 82 1 11 121 160
0 65295 53 8 76 66 79
0 65457 70 49 53 11 5 27 60 64 70 62 69 13 58 5 11 2 571
0 65663 16 3 95 5 7 75 184 58 41 23 131 180 113 62 68 23 41 29 273 68 67 51 161 61 160
0 65674 7 2 34 4 150 32 40 14 35 10 51 4 10 58 5 16 50 26 34 71 33 10 42 77 37 102 64 48 152 13 40 117 72 37 16 9 80 32 46 291 132 29 84
0 65834 173 53 211 10 40 61 62 28 59 3 106 57 208 53 18 43 86 104 200 37 31 67 128 14 144 32 147 2 16 13 386 10 165 135 186 5 162 4 50 14 45 22 207 11 54 19 174 4 11 7 24 40 75 57 70 50 234 47 8 53 20 97 252 96 42 100 280 7 48 21 7 64 79 27 58 58 136 76 47 31 27 17 37 67 80 21 14 50 47 35 24 84 88 25 35 25 204 17 117 130 58 56 4 7 19
0 65891 66 7 85 20 33
0 66003 293 25 37 21 55 4 208 140 119 33 43 14 19 20 233 71 180 26 5 6 42 107 43 13 331 40 159 47 69 243 38 5 1 69 71 22 11 71 187 19 216 67 64 57 175 59 96 65 7 51 9 31 38 76 155 31 16 198 11 51 184 54 8 34 27 2 163 9 95 82 28 31 279
0 66052 53 54 180 56 203 258 5 50 73 42 45 59 11 136 124 169 5 36 295 63 307 26 117 20 209
0 66074 80 60 308 60 287 28 50 41 41 64 50 65 78 25 28 49 239
0 66083 58 40 128 9 45 52 35 53 222 26 78 65 34 4 20 25 92 21 13 38 57
0 66208 103 8 44 13 79 125 41 50 49 93 20 23 82 65 62 80 8 21 80 96 54 33 63 27 134 127 8 45 5 32 110 40 71 183 50 3 68 9 79 35 136 3 79 116 48 129 102 41 82 16 129 14 103 117 63 6 55 305 147 17 41 140 4 3 7 19 14 205 230 11 129 23 311 21 14
0 66258 226 37 259 140 112 87 14 46 30 175 21 185 72
0 66480 50 34 43 22 364 186 159 51 115 37 157 74 14 3 199 10 26 94 71 17 38 117 54 30 147 41 33 12 62 41 49 142 34 36 171 28 245 14 35 69 40 11 165 96 20 99 9 61 5 71 79 2 101 23 130
0 66615 21 49 157 7 355 1 29 92 139 2 18 21 109 16 9 56 1 49 380 53 20 62 58 17 10 83 195 47 78 119 136
0 66648 284 39 35 130 53 23 86 9 140 58 61 15 64 50 226 106 148 63 134
0 66807 38 15 176 58 26 66 37 36 78 7 172 127 3 46 133 65 1 120 2 2 349 29 185 29 382 83 89 52 1 43 29 38 91 21 101 174 13 62 52 13 26 39 40 14 19 21 314 15 3 48 34 40 147 108 147 17 448 20 103 98 96 77 21 41 7 48 53 21 7 2 24 113 11 5 3 7 146 8 122 31 142 35 24 8 118 49 130 102 117 15 64 128 172 15 109 72 74 48 367 4 45 78 148 68 62 6 87
0 66862 231 14 33 51 44
0 67068 93 44 255 9 58 17 196 7 41 11 57 27 63
0 67083 355 45 187 3 199 90 291 41 364 2 345 73 123 291 18 128 49 15 13 32 174 21 27 46 126 37 53 174 113
0 67093 116 50 47 8 65 194 81
0 67127 32 14 71 44 87 13 76 56 81 7 54 1 14 107 95 29 29 78 190
0 67248 86 115 39 97 46 19 110 28 71 114 77 41 257 12 42 49 2 26 350 81 86 16 113 2 198 20 24 17 41 27 45 5 43 53 282 25 68 38 64 24 20 20 93 20 63 8 105 76 10 205 59 41 30 1 12 43 77
0 67305 31 3 273 113 138 2 41 103 211 33 96 14 50 149 26 3 1 77 3 119 138 138 304 124 28 56 150 169 66 2 131 21 111 60 82 13 19 16 104 2 9 46 52 19 10 46 93 116 26 49 79 24 161 142 233 76 84 4 588
0 67311 351 52 3 26 49 12 72 2 5 36 60 20 98 19 184 11 12 40 99 21 13 3 76 88 136 3 92 9 93 4 67 12 61 45 49 31 27
0 67470 28 3 220 138 26 9 28 69 137 60 3 29 22 46 67 45 105 84 14 200 42 56 49 19 425
0 67636 22 88 38 15 284 29 70 115 17
0 67647 94 1 96 5 12 80 22 57 79 25 86 19 117 56 39 42 74 29 6 59 25 47 92 89 226 2 81 2 9 79 225 17 152 11 28 1 32 18 71 38 7 31 22 10 57 131 54 20 136 189 93 28 35
0 67732 88 94 14 94 290 347 8
0 67937 96 12 95 6 9 48 105 33 132 20 62 30 411
0 68121 221 65 98 34 22 29 110
0 68272 227 33 4 61 6 33 73 63 42
0 68384 156 3 205 14 171 169 12 156 253 80 92 97 61 39 152 42 95 56 22
0 68428 15 3 127 47 84 72 26 14 107 27 8 54 163 10 532 94 10 22 67 125 46 82 21 5 180 160 42 25 155 11 3 6 27 32 11 81 8 8 100 113 8 37 47 162 55 24 7 12 142
0 68736 57 57 97 3 109
0 68816 171 1 184 50 12 60 468 16 205 31 260 81 33 90 77 45 91 28 11 10 69 28 93 12 434
0 69167 432 22 228 76 3 49 113 113 27 118 5 6 36 29 34 5 110 59 386 15 70 10 26 2 45 3 140 10 297 5 91 21 149
0 69408 48 32 47 27 5 78 105 51 30 32 35 13 28 20 41 42 177 19 37 23 77 27 22 13 7 95 48 97 87 102 32 16 89
0 69458 70 57 221 107 95 20 108 72 54 3 37 90 202 43 151 61 8 29 32 26 253 24 129 72 168 2 82 34 301 19 1 4 16 181 176 106 22 2 345 110 57 80 81 28 25
0 69486 88 65 127 24 110 50 42 3 323
0 69611 13 19 55 54 11 266 45 56 147 18 48 48 15 51 133 9 16 55 28 26 25 121 152 24 355 17 83 16 71 77 8 29 116 9 69 185 7 22 14 4 22 4 217 167 31 18 54 17 37 27 46 31 56 110 12 42 114 92 65 55 189 61 76 37 48 99 238 2 40 152 169 17 79 38 41 100 142 12 16 9 101 2 88 5 84 61 68 1 30 41 357 65 309 50 289 70 103 134 16 34 22 5 187 77 19 105 118 39 80 53 49 5 85 92 56 18 63 37 59 45 114
0 69619 257 9 1 65 177 97 20 45 110 71 99 43 12 33 142 146 59 38 4 115 97 9 177 14 24 229 129 12 31 27 97 128 312 91 9 52 15 12 74 128 70 261 42 31 233 25 23 4 39 16 43 28 80 238 102 54 13 22 53 4 21 180 37 6 247 14 70 54 306
0 69636 122 72 24 43 63 10 366 70 18 32 304 85 112 14 72 69 50 114 89 7 187 5 129 8 114 60 82 4 3 117 353 50 32 39 101 5 138 75 50 111 318 17 96 97 77 15 56 152 24 40 45 107 130 115 258 7 247 54 31 88 105 53 2 121 208 208 43 11 73 13 8 54 62 4 85 13 83
0 69738 8 10 10 145 46
0 69913 3 87 5 39 114 24 107 89 231 71 4 15 52 5 26
0 69933 84 108 6 6 67 57 41 33 243 9 105 36 63 51 129 12 30 20 103 86 52 15 32 34 3 9 155 12 71 160 4 1 143 103 122 33 108 8 243 25 64 47 167 52 403 16 232 12 32 24 25
