0 0 273 13 13 52 13 148 22 25 390 155 66 107 13 12 203 97 46
0 298 64 45 56 50 107 3 143 1 46 138 39 5 833 47 60 75 156 25 4 5 12 130 320 194 142 17 1 37 331 25 47 25 79 55 159 5 252 126 130 18 311
0 515 9 18 232 24 199 99 53
0 756 50 99 60 137 48 50 220 27 94 23 73
0 891 125 21 5 35 88 5 143 84 76 49 113 2 75
0 1120 96 9 61 202 40 62 72 18 35 59 51 16 136 107 249 38 48 130 5 4 247 12 23 76 58 68 113 7 27 62 50 1 25 188 30 64 260 13 381 5 203 5 156 88 82 87 244 10 245
0 1230 20 69 140 5 370 3 153 27 57 21 28 8 53 1 44 131 16 28 80 21 29 9 222 3 462 90 63 9 140 24 325 182 87 2 161 37 18 36 115 6 138 52 138 124 143 38 1 5 32 96 15 148 150 128 34 5 26 42 251 98 51 14 80 39 91 217 55 19 91 47 26 11 152 3 28 11 86 80 22 2 5 88 150 34 8 3 52 14 21 86 153 23 137 58 63 76 230 115 61 113 62 29 287 96 93 5 210 20 15 90 33 18 125 47 311 51 75 4 66 234 98 109 5 87 6 16 17 37 295 20 301 11 90 11 46 97 115 7 2 39 162 29 74 67 48 27 65 2 55 1 26 154 75 47 29 17 110 82 129 101 117 39 240 51 66 3 74 60 12 101 67 203 79 12 19 39 174 166 31 33 3 41 56 5 68 297 213 96 101 34 16 34 75 9 27 34 71 30 118 129 18 8 12 10 138 84 148 67 95 19 72 23 250 15 194 9 51 9 6 20 117 21 111 9 69 9 313 29 50 34 54 68 3 92 70 41 32 37 126
0 1306 182 176 47 56 21 24 78 15 42 26 183 25 166 38 88 73 320 63 51 182 127 67 208 96 18 6 67 66 354 4 111 35 105 44 56 52 173 21 9 26 42 13 281 40 136 110 49 18 275 31 97 11 2 59 108 201 17 29 32 3 24 48 136 75 5 18 240 7 5 9 58 92 12 119 171 115 62 1 54 85 6 29 317 16 197 5 51 36 53 56 92 16 302 12 60 50 50 12 7 61 77 16 65
0 1459 93 88 5 11 113 20 2 81 49 33 33 73 63 183 521 4 51 10 86 6 32 90 52 6 184 63 178 20 19 2 22 3 10 14 88 62 304 18 3 26 5 15 168 1 53 59 79 5 102 47 94 39 119 35 251 3 162 14 135 53 199 124 95 234 344 14 89 16 5 7 8 12 180 34 1 42 393 23 2 61 17 34 2 8 176 75 41 1 89 59 73 3 57 4 189 13 4 14 27 56 75 36 69 25 194 72 132 22 73 64 88 11 312 100 29 3 172 5 22 39 118 21 65 57 307 5 438 39 351 18 135 78 149 43 233 115 10 53 16 56 94 132 63 95 13 80 89 12 22
0 1686 520 150 36 73 245 47 362 26 164 14 293 40 9 52 108 51 94 101 80 23 264 23 74 170 29 76 35 33 13 50 84 58 208 8 70 14 20 2 6 113 53 13 22 66 92 28 48 34 139 47 131 34 90 111 61 67 131 29 51 3 217 4 72 50 42 81 206 39 5 2 30 5 178 55 138
0 1698 3 107 103 48 151 53 171 26 9 33 34 7 65 50 253 33 526 55 85 2 46 84 67 39 37 40 8 37 36 42 440 21 51 29 217 33 11 41 42 93 85 66 142 77 328 41 29 15 1 6 549 8 68 97 114 73 137 60 36 2 150 42 123 163 27 9 7
0 1705 32 32 184 2 92 134 155 55 129 2 136 49 145 37 116 50 104 22 129 57 27 60 41 82 120 58 21 128 13 77 61 38 35 2 134 50 164 36 62 21 151 53 107 25 108 64 10 115 12 34 52 41 115 6 77 42 16 16 3 61 89 22 210 115 12 37 69 84 155 46 11 14 180 55 20 6 24 12 464 11 257 10 11 84 3
0 1862 45 102 29 62 15 44 466 35 16 69 74 9 35 16 78 209 353 7 200 33 71 200 268 16 61 11 26 3 1 30 160 72 81 22 512 18 142 57 39 12 47 50 74 44 38 8 189 46 56 104 86 34 297 41 174 25 48 27 2 11 20 19 24 25 113 44 242 46 7 1 1 52 75 48 182 23 12 40 78 9 15 30 21 141 86 63 83 122 18 52 100 21 65 25 54 5 206 25 10 20 108 49 145 1 44 21 226 5 128 14 95 17 145 64 381 48 87 98 113 22 104 188 22 31 5 19 38
0 1980 203 14 63 63 256 38 242 48 147 58 135 135 20 89 9 132 126 8 215 74 107 106 22 52 27 34 31 8 41
0 2175 30 11 188 175 101 42 272 38 86 4 68 34 85 25 133 23 21 34 6 33 52
0 2330 24 40 225 90 10 39 33 21 10 117 85 51 96 2 55 271 11 63 86 125 89 189 8 123 6 23 30 139 77 14 2 2 3 10 36 9 267 5 163 37 54 6 87 11 20 116 242 5 89 60 29 5 96 74 279 36 9 2 161 36 170 90 155 71 226 85 12 24 162 53 182 38 75 95 95 132 179 2 73 6 88 44 14 7 259 95 177 1 27 23 8 7 36 8 127 40 162 56 421 2 40 14 41 48 32 31 107 13 150 61 89 259 73 18 26 133 46 50 81 12 67 4 10 4 229 19 88 61 130 23 77 7 84 20 28 65 202 57 36 92 18 57 48 24 7 25 81 7 28 43 1 41 64 81 9 2 76 64 115 125 26 81 75 11 14 35 128 116 77 7 491 56 27 20 41 38 188 132 67 17 74 114 68 46 23 40 199 2 45 21 28 24 25 19 38 71 60 25 105 120 44 118 84
0 2512 10 50 96 23 162 18 67 18 97 23 156 5 78 31 40 21 30 5 8 3 284 40 182 31 126 20 15 24 90 182 81 30 20 174 14 8 14 213 304 36 151 104 68 11 23 238 168 155 73 42 49
0 2523 13 108 45 61 56 66 1 19 37 16 45 32 97 40 24 1 48 6 231 147 26 14 115 31 184 38 38 9 112 137 224 15 42 95 126 62 38 1 102 10 5 46 76 69 119 23 140 32 53 77 25 208 517 16 92 18 443 30 44 43 76 49 137 19 55 42 175 5 54 3 64 147 92 51 105 7 124 14 4 64 125 62 114 2 113 16 189 33 114 42 51 268 1 184 460 57 14 21 34 21 2 55 110
0 2527 178 48 118 23 66 46 88 30 29 63 141 43 52 30 109 18 17 127 50 48 136 62 2 74 177 84 56 12 61 64 24 3 54 33 77 41 128 61 28 22 47 105 210 110 90 1 93 33 38 44 65 70 122 237 2 23 17 23 69 8 31 3 203 21 9 43 189 68 231 169 20 5 255 6 221 4 2 35 134 39 166 33 5 2 139 68 76 6 26 31 109 30 159 114 182 236 234 122 54 26 61 22 61 80 8 7 9 25 193 11 278 4 9 63 78 305 26 68 235 1 55 70 21 3 69 28 126 21 74 97 32 94 147 16 12 123 7 14 150 111 46 192 84 98 82 7 181 2 67 147 85 167 44 112 180 4 126 5 282 101 77 189 110 19 225 7 240 15 25 13 183 23 11 79 133 160 22 18 43 34 143 3 225
0 2539 92 36 12 5 27 11 87 12 29 14 18 34 195 21 41 7 82 28 157 29 50 97 16 17 287 18 20 11 36 16 205 24 493 7 108 11 5 3 56 24 54 32 72 1 537 81 275 9 248 217 232 22 44 27 72 34 33 20 278 11 71 30 89 27 23 62 230 26 80 127 11 47 108 21 328 14 143 4 257 15 181 36 5 27 34 1 44 9 229 16 102 1 53 10 74 41 20 94 102 4 8
0 2546 107 34 35 54 188 38 4 20 147 61 3
0 2562 46 46 37 99 148 13 34 41 23 299 70 41 157 13 78 105 163 34 116 6 225 28 87
0 2666 112 54 203 169 47 79 30 2 12 69 21 36 217 31 74 20 44 6 171 10 80 48 78 62 118 229 39 69 254 5 432 52 28 33 233 44 19 22 215 3 17 25 155
0 2680 495 52 84 150 43 5 38 57 276 51 93 32 19 44 59 65 114 53 197 77 26 11 139 5 34 10 102 3 25 61 117 51 192 20 37 21 92 14 184 185 101 74 83 50 132 40 167 35 11 9 56 85 34 209 192 22 87 75 11 11 83 103 84 22 41 32 14 67 176 31 21 152 11 183 71 32 124 113 30 81 82 25 111 19 36 66 114 32 20 15 62 32 78 150 69 25 61 36 87 11 2 44 213 8 66 21 9 32 21 16 19 40 36 62 224 140 140 37 218 16 94 144 74 8 105 23 22 84 105 82 33 94 192 54 15 11 52 126 153 8 7
0 2797 104 26 43 43 67 80 198 62 12 89 222 4 163 56 85 141 52 52 20 10 87 62 201 58 39 138 184 20 31 2 135 127 1 82 20 76 98
0 2947 249 27 43 10 47 67 160 57 83 64 106 72 11 90 160 48 224 95 192 66 26 13 198
0 3056 109 46 93 92 191 12 41 3 53 41 46 156 46 1 18 70 52 77 6 50 131 53 202 4 16 4 43 68 122 132 2 48 31 42 164 19 132 3 87 86 13 21 47 41 10 69 346 41 145 61 32 5 49 78 164 4 121 27 63 126 87 130 125 13 131 189 21 6 42 88 167 124 98
0 3129 47 20 128 78 18 43 79 133 202 37 121 52 11 42 77 1 503 5 229 39 327 11 100 4 577 1 5 19 215 41 463 10 89 63 13 48 285 7 9 53 406 19 1 75 200 115 26 32 1 12 71 55 31 12 15 53 23 17 7 25 48 101 3 45 9 70 291 38 118 44 15 15 218 33 239 5 181 127 169 38 112 23 74 47 117 10 61 12 53 8 99 155 95 80 245 23 54 36 115 74 20 34 32 5 73 48 253 52 221 209 301 151 69 18 90 26 104 1 117 43 216 31 129 9 8 9 156 6 14 56 17 1 248 53 104 49 91 86 149 31 13 183 79 66 15 12 29 201 30 6 15
0 3584 130 51 54 33 171 9 74 9 186 54 229 10 13 15 27 12 70 51 108 132 264 1 66 1 26 10 273 36 79 41 10 53 7 16 113 1 61 12 4 53 7 24 231 16 83 16 42 44 68 39 196 23 248 73 8 14 1 59 43 57 67 67 16 54 47 65 188 65 83 34 63 121 88 212 36 4 169 74 118 9 52 6 129 65 18 116 78 50 107 39 3
0 3902 30 29 71 93 13 43 44 58 113 4 107 121 77 36 161 58 96 153 209 11 64 100 44 27 25 11 19 115 207 112 35 27 80 2 336 57 107 12 17 146 130 88 73 5 92 50 4 2 99 41 153 2 64 130 145 46 54 3 86 33 78 56 126 54 20 34 144 3 271 2 25 74 25 135 148 13 107 15 398 2 501 69 147 26 14 172 356 53 94 28 21 86 82 82 78 45 47 5 68 19 79 75 206 116 315 43 43 17 127 32 3 87 297 143 112 26 37 4 7 58 1 104 9 127 226 52 14 11 189 17 159 33 206 20 56 54 170 151 7 5 25 13 63 15 113 18 83 27 112 9 4 21 245 19 57 38 66 90 136 28 164 23 169 175 19 64 12 27 194
0 3919 107 8 160 45 309 33 78 18 195 116 20 127 53 201 53 8 75 30 4 66 61 15 70 93 78 114 48 18 44 55 90 79 112 25 117 109 118 11 4 22 46 6 55 4 137 52 24
0 4062 109 81 225 1 72 98 32 36 30 45 387 36 317 142 83 19 65 44 100 106 194 7 184 5 84 6 137 22 207 4 31 12 63 77 17 8 6 6 151 14 5 15 59 170 60 196 24 16 41 58 97 28 95 61 181 18 96 18 3 72 15 66 16 43 115 8 58 9 73
0 4258 211 64 189 16 48
0 4699 50 250 70 16 23 77 222 4 275 13 223 180 160 59 104 82 36 17 230 12 189 64 329 74 223 16 126 61 75 64 107 29 42 19 66 32 87 16 168 151 6 8 146 26 18 112 171 20 30 83 302 28 5 28 66 38 43 13 1 30 26 18 219 10 231 7 49 20 34 50 195 120 67 69 4 71 460 17 2 61 24 34 118 36 228 24 258 33 114 167 272 66 5 221 169 1 135 31 164 6 590 91 150 95 24 68 206 156 144 19 71 84 55 54 1 111 51 11 408 17 51 101 36 17 37 68 95 13 192 79 355 78 80 10 144 108 57 55 2 81 109 49 127 29 166 3 5 23 152 9 62 1 96 26 108 4 16 21 167 255 37 40 12 161 23 38 196
0 4781 368 13 38 123 217 58 214 91 59 74 1 164 106 82 64 395 47 112 174 1 48 113 25 13 210 6 148 10 448 51 55 38 58
0 4847 46 146 160 99 94 50 117 24 18 116 259 37 271 25 5 70 44 40 17 34 5 61 39 17 52 48 9 7 74 57 46 35 39 12 149 54 30 34 202 139 158 92 23 100 301 43 49 41 95 6 153 23 511 215 184 1 90 39 162 60 14 3 56 6 101 12 216 35 79 32 22 60 108 22 163 230 55 38 131 48 51 52 29 110 190 18 138 58 62 14 52 33 177 67 57 66 6 46 57 12 142 10 207 9 35 58 23 22 64 43 2 40 376 5 207 26 252 39 168 24 34 8 20 10 307 3 110 60 158 9 64 5 158 21 25 32 106 8 371 97 20 12 12 97 353 137 121 32 35 2 47 60 113 29 1 38 280 6 45 184 47 12 167 5 80 132 95 108 505 1 195 37 459 85 244 222 40 76 90 13 40 71 59 29 88 5 77 6 245 42 224 17 122
0 4882 15 38 90 84 53 2 166 1 64 28 110 51 77 36 4 44 191 25 274 8 34 44 22
0 4956 68 86 25 30 60 223 202 99 132 17 57 64 44 50 83 8 299 6 53 65 1 165 65 23 212 71 29 160 53 42 158 6 183 18 89 2 85 2 18 27 132 12 120 22 3 115 56 56 29 1 9 8 502
0 5140 93 27 59 12 55 62 66 45 152 168 7 32 17 12 131 48 106 5 259 33 10 38 35 19 125 42 93 18 143 19 153 30 75 24 75 8 64 5 157 18 98 18 105 72 108 63 86 7 71 137 165 39 127 115 250 1 34 28 33 86 12 60 203 132 126 50 46 18 80 23 28 44 81 30 19 14 57 3 12 29 103 100 112 1 181 8 149 207 5 45 260 6 170 13 145 5 15 37 341 55 143 7 418 6 81 21 108 15 2 22 7 103 42 2 119 13 13 90 53 5 118 11 48 7 39 380 110 27 18 6 342 107 21 29 62 30 27 28 109 52 65
0 5332 39 51 80 42 99 59 9 112 99 62 18 7 54 95 21 97 402 91 120 152 40 27 331 27 29 59 39 5 397 38 47 41 60 63 7 107 16 90 103 179 128 19 357 14 57 57 17 32 241 27 73 175 79 25 17 12 114 39 83 18 654 100 320 5 22 42 107 94 90 102 37 39 135 50 70 60 10
0 5783 61 110 8 74 40 94 48 83 55 3 36 56 58 16 159 8 7 32 185 156 14 36 47 43 34 9 20 15 142 50 99 3 227 3 458 96 92 13 42 97 98 65 252 33 8 10 10 27 135 10 4 35 4 6 82
0 5961 80 42 140 63 97 4 34 30 12 43 189 149 58 29 46 32 43 52 105 179 10 6 28 46 48 99 45 148 85 208 11 9 284 30 32 102 42 55 6 6 104 194 33 48 65 94 170 205 22
0 6074 32 91 13 21 19
0 6381 524 137 83 31 23 34 35 61 133 69 41 8 157 13 140 116 9 67 12 80 104 9 195 37 17 70 46 153 37 10 128 25 50 59 319 13 109 40 39 136 214 42 24 114 121 67 224 42 201 21 175 107 457 65 20 37 92 35 129 97 54 132 80 46 53 55 208 20 403 13 72 7 134 146 132 2 115 62 407 314 54 55 271 45 135 15 48 71 70 57 27 44 139 113 63 1 55 36 255 27 71 44 59 52 31 122 17 41 84 2 139
0 6458 114 172 12 81 63 36 8 104 121 150 141 35 102 58 4 10 119 63 70 87 46 19 50 18 8 70 205 42 58 21 118 27 185 19 51 47 141 6 163 10 72 22 71 44 233 14 229 103 59 50 31
0 6600 117 19 137 7 115 38 393 77 18 146 17 10 11 29 260 3 9 26 96 12 32 18 60 1 315 77 98 107 169 27 89 52 102
0 7230 77 3 23
0 7340 670 14 442 35 36 82 187 98 256 12 113 117 15 4 21
0 7501 27 189 57 30 44 40 26 131 221 43 80 10 239 94 59 22 51 53 2 10 69 5 86 5 85 155 147 24 79 95 229 56 145 93 68 15 16 100 3 48 10
0 7574 29 38 38 64 6 101 28 3 183 131 65
0 7737 19 12 57 6 256
0 7746 80 81 87 20 26
0 7765 34 82 19 60 126 6 69 27 11 7 163 33 9 12 29 79 54 19 85 55 80 9 109 95 37 2 148 25 28 61 306 72 152 68 117 84 49 19 182 23 62 84 33 11 9 4 250 65 13 26 9 41 103 7 99 59 25 17 76 117 311 42 7
0 8316 4 12 79 24 56 23 4 38 8 88 5 188 76 31 21 16 56 86 306 12 425 30 232
0 8386 393 5 38 74 162 56 69 14 70 15 4 60 17 21 210 3 23 43 63 46 76 85 18 63 5 80 6 55 13 12 158 1 409 21 14
0 9067 256 80 107 150 163 38 139 21 502
0 9841 53 24 5 6 27 74 17 17 129 13 223 2 210 42 125
0 9941 182 26 26 106 8 6 39 20 435 44 140 2 67 88 40 136 102 18 159 50 131 54 2 25 12 12 14 17 33 86 2 127 24 59 181 83 35 50 42 57 24 30 116
0 9984 51 2 37 105 54 72 85 12 70 7 23 107 36 37 97 17 171 184 183 23 142 18 16 17 292 28 91 29 9 134 15 9 279 14 180 124 449 3 131 1 64 73 30 42 118 5 63 85 97 114 168 46 74 19 58 145 139
0 10127 41 60 11 10 26 6 6 51 16 2 76 112 9 7 348 12 10 57 325 43 18 64 36 43 1 10 346 99 31 69 83 139 135 26 9 61 83 50 123 111 478 16 7 38 70 106 166 4 208 11 103 285 165 86 275 25 7 47 482 99 62 103 46 26 40
0 10206 55 46 16 101 48 61 112 104 82 67 34 84 33 44 218
0 10286 137 61 36 65 71 3 29 6 50 61 83 55 78 15 144 9 77 8 31 14 37 14 18 29 23 50 99 4 24 34 90 71 7 24 41 8 63 2 71 52 24 9 115 55 142 16 195
0 10298 24 40 309 93 1 1 52 363 126 139 4 26 52 17 9 82 52 25 50 81 59 30 41 14 63 22 40 70 32 32 87 22 87 22 114 120 46 36 10 188 298 50 264 170 75 80 111 1 92 34 214 69 5 125 69 9 35 42 74 21 86 79 107 10 179 58 122
0 10429 17 16 381 52 23 73 129 24 61 24 14 91 162 15 148 3 61 103 47 13 29 15 43 181 356 15 64
0 10547 28 17 84 31 263 24 87 28 18 38 51 29 30 34 25 20 33 59 7 2 146 54 60 1 15 71 28 155 11 1 62 62 61 19 245 91 80 95 179 18 227 48 96 65 55 16 56 127 6 3 29 3 67 6 117 15 8 9 182 40 25 22 12 120 117 4 22 75 113 26 170 7 137 5 56 17 17 34 47 36 44 63 126 53 1 11 49 21 27 26 204 70 26 4 64 7 4 119 64 10 119 52 95 3 83 82 121 39 30 25 5 39 28 77 20 9 221 17 16 16 27 46 40 19 145 11 385 13 5 121 10 182 225 18 76 47 95 25 17 1 108 207 110 73 4 54 213 106 65 10 56 27 97 12 77 39 34 174 24 84 165 9 126
0 10763 1 120 125 7 72 131 41
0 11223 4 9 50 29 130 7 33 5 65 35 81 38 233 28 498 73 47 18 17 10 94 41 74
0 11257 156 11 73 27 55 15 114 11 19 62 79 61 50 58 138 38 1 71 47 97 244 6 38
0 11313 25 66 17
0 11750 484 16 23 64 18 25 215 230 92 15 26 76 83 40 476 101 170 13 94 68 366 5 66 21 18 9 26 11 150 53 35 25 73 159 261 125 124 20 152 7 161 42 53 60 49 51 124 141 78 18 4 14 22 312 376 49 50 19 11 19 130 22 113 6 203 117 57 69 25 261 74 10 191 4 65 142 85 8 188 27 102 41 7 132 264 31 115
0 11879 24 58 19 136 122 41 143
0 12016 222 87 11 21 9 61 217 147 7 91 309 31 68 93 63 1 186 23 167 65 100 24 486 32 203 13 59 148 9 17 190 62 81 31 287 35 60 65 287 31 19 9 76 91 2 73 50 24 54
0 12037 123 11 355 5 77 12 79 175 189 38 194 26 98 30 604
0 12082 38 13 81 5 223 1 81 20 174 96 66 58 70 54 1 27 193 5 22 2 172 88 18 68 23 16 249 18 31 28 21 39 3 6 86 154 50 298 268 101 49 23 45 18 83 9 188
0 12150 84 32 23 32 113 4 172 39 51 14 33 39 18 18 37 73 24 17 46 7 97 85 152 32 159 26 4 4 47 217 10 191 17 7 109 134 13 137 109 38 9 44 5 4 16 8 106 2 155 63 140 20 213 34 45 58 166 4 113 3 46 54 40 5 322 120 57
0 12222 12 1 39 7 12 42 81 11 298 7 33 1 25 75 132 12 64 85 22 27 100 45 205 4 16 34 377 12 149 9 28 100 45 90 12 43 109 6 83 36 20 21 282 121 43 59 80 42 227 26 143 23 3
0 12279 388 14 216 210 25 101 96 20 63 22 79 17 39 82 34 51 96 6 158 41 51 120 1 60 228 8 201 267 200 1 111 85 13 102 2 68 103 67 68 7 7 23 91 83 208 5 56 69 44 43 3 15 125 19 39 17 124 51 6 99 66 43 42 2 26 6 144 78 269 79 43 34 33
0 12319 180 25 89 4 280 13 16 113 56 215 14 31 38 1 9 100 58 19 81 29 101 13 37
0 12389 12 2 214 47 72 224 78 48 498 55 181 16 594 19 23 61 12 333 217 61 49 67 47 126 49 45 60 21 271 34 104 39 132 144 59 8 22 37 119 47 39 234 57 126 73 6 76 7 197 52 32 32 69 3 31 111 49 13 232 10 468 8 380 29 12 88 150 45 39 9 77 114 38 92 2 60 151 107 44 47 26 14 55 13 97 42 63 87 75 20 134 6 10 1 71 120 180 9 1 103 22 15 39 78 31 46 136 48 33 24 43 47 7 201 44 117 89 225 8 92 145
0 12391 127 27 48 7 34 33 38 116 20 31 65 75 124 7 75 42 195 42 3 2 11 117 351 63 139 127 94 35 125 11 19 96 38 21 67 54 65 44 92 26 11 23 46 22 45 3 171 20 262 6 70 44 144 7 28 26 74 13 199 111 16 59 43 49 21 28 18 111 35 121 50 18 301 16 1 75 6 10 185 1 7
0 12508 243 28 30 7 52 208 167 15 144 15 285 27 48 11 81 77 136 1 275 49 41 24 56
0 12792 53 63 116 28 232
0 13382 7 73 96 90 352 52 99 28 260 21 69 45 80 35 59 33 142 10 80 35 44 13 1 2 59 10 22 123 203 27 80 4 148 15 20 19 312 61 45 42 104 116 31 4 211 51 39 37 168 66 7 32 211 48 38 57 166 27 5 48 37 1 76 2 36 20 109 19 63 19 189 316 4 113 16 7 95 80 214 2 11 15 61 26 170 21 47 97 10 90 51 53 101 3 386 98 82 107 241 60 128 2 126 4 131 13 423 45 264 25 71 105 40 49 175 5 67 28 102 29 13 33 11 12 28 29 15 24 58 148 66 6 21 40 32 16 146 38 135 30 104 75 117 125 24 68 18 140 187 205 5
0 13474 87 4 75 94 75 148 80 27 97 38 119 163 121 50 80 75 17 108 132 8 47 74 47 11 118 20 260 2 43 16 32 51 115 69 530 40 42 106 3 22 32 119 39 24 108 8 4 23 59 5 127 41 245 105 74
0 13475 26 88 4 26 24 139 140 3 3 23 13 158 1 162 115 217 73 82 218 27 487 79 149 15 20 17 23 187 13
0 13709 30 27 111 84 20 88 86 11 36 10 35 47 19 22 6 54 34 132 81 12 71 7 3 84 107 13 79 19 160 3 23 93 211 64 60 30 131 5 257 60 30 14 13 8 52 29 210 245 4 15 48 57 2 24 52 184 3 4 175 119 36 25 30
0 13748 34 4 109
0 13795 407 51 13 32 218 140 228 8 51 64 109 13 95 105 151
0 13965 213 14 247 66 4 24 303 8 254 127 155 47 98 16 63 68 76 87 29 51 129 6 143 84 28 47 87 26 74 99 75 42 248 13 35 45 19 30 191 28 45 25 269 62 219 41 45 10 195 61 8 114 22 22 45 46 127 1 112 21 86 18 37 105 16 52 24 5 317 15 360 3 308 63 20 21 111 64 27 36 6 20 177 33 207 76 40 84 102 52 39 15 102 3 321 94 61 2 93 9 10 95 110 93 155 57 131
0 14030 49 14 106 91 116 26 71 11 65 12 101 55 17 126 46 41 29 50 156 254 243 199 19 38 326 61 7 25 13 73 114 13 82 120 3 57 77 26 111 70 233 76 24 69 60 83 79 20 121 29 291 80 58 23 35 143 65 32 64 136 63 137 156 34 26 141 67 53 6 18 145 153 87 28 108 29 58 105 281 9 80 25 95 62 5
0 14054 50 15 58 26 146 45 9 28 74 13 21 47 55 61 98 32 140 184 100 28 71 166 55 86 312 18 70 35 78 36 3 62 29 10 202
0 14064 185 14 81 22 32 136 16 38 52 48 46 70 114 116 165 77 470 16 104
0 14069 26 23 62 13 114 33 56 25 138 12 172 28 197 158 56 28 57 83 306 99 259 12 73 86 148 72 31 4 12 27 8 111 6 100 114 50 116 92 152 124 1 2 10 115 36 67 96 48 103 14 197 15 133 29 13 66 20 173 54 1 17 13 21 80 53 57 42 5 21 72 166 25 346 23 58 4 80 208 60 33 30 15 106 4 2 215 340 97 1 8 167 91 278 10 42 28 173 105 111 80 98 52 92 5 7 7 107 386 27
0 14220 80 185 41 14 37 5 34 103 268 164 84 165 2 32 45 182 61 18 80 26 9 26 69 1 39 72 20 67 49 94 43 79 72 1 49 46 141 28 78 22 49 46 258 27 191 45 34 52 2 148 107 29 252 85 44 5 166 82 34 6 8 12 92 32 207 104 123 36 133 58 28 11 1 59 42 4 24 41 54 11 57 123 17 62 109 13 206 88 97
0 14266 7 137 29 78 46 76 45 15 98 123 3 168 29 100 153 58 178 31 277 2 9 12 66 24 53 5 64 17 1 7 11 28 79 113 278 32 220 8 178 7 137 32 108 24 83 32 4 8 50 55 117 16 7 13 65 48 40 47 81 38 60
0 14357 31 3 32 42 133 92 300 69 37 22 62 47 74 49 22 19 368 24 5 39 82 1 33 129 5
0 14626 83 49 61 26 67 24 223 22 23 57 61 139 54 54 44 32 161 20 262 130 60 55 100 55 91 5 9 65 245 75 49 18 176 22 60 27 3 52 104 12 59 5 106 24 1 10 22 32 42
0 14900 543 148 14 114 45 11 122 4 75 72 34 29 64 23 17 184 66 51 115 107 135 26 54 36 23 86 56 3 577 4 5
0 14962 117 20 86 172 2 2 4 29 51 232 10 1 79 16 181 196 85 34 14 4 265 257 6 24 173 26 58 34 43 38 125 116 9 2 206 69 61 67 24 37 741 8 19 19 498 7 82 6 335 26 11 3 11 34 25 33 49
0 15343 276 8 96 26 39 22 245 7 9 12 18 4 175 111 236 77 22 80 439 5 101 18 29 8 8 161 100 8 77 19 39
0 15572 28 21 74 86 18 101 50 29 19 8 139 27 114 80 78
0 15917 251 56 5 6 181 1 25 36 16 48 20 7 19 28 3 126 767 43 52 26 70 20 81 35 13 55 80 54 28 135 127 80 182 8 128 118 83 71 69 131 428 104 286 38 140 45 104 50 72 3 27 17 560 12 203 2 58 24 23 28 59 232 119 30 354 17 75 30 50 1 62 4 164 46 238 15 132 31 20 7 186 133 40 60 15 24 29 81 312 64 144 83 81 12 23 28 69 37 93 8 2 30 2 11 103 7 74 1 172 39 110 56 186 45 63 67 100 71 245 2 225 11 2 181 440 53 77 26 57 117 52 63 34 30 68 146 231 1 129 70 35 23 133 64 29 81 41 41 107 66 102 8 227 41 50 90 7 30 32 68 160 15 340 17 241 9 361 48 81 62 34 16 129 2 2 44 299 3 357 31 111 13 22 7 48 67 53 58 201 24 135 35 1 49 67 29 46 51 193 45 96 51 53 96 526 162 142 42 79 6 54 13 63 2 7 12 14 141 56 7 48 80 178 38 72 189 8 70 9 22 112 6 180 25 94
0 16029 527 65 22 4 209 49 109 32 68 23 104 6 3 49 12 87 158 172 303 64 15 86 69 107 226 10 27 57 28 74 91
0 16167 38 94 10 25 98 32 39 13 5 104 86 8 21 33 38 48 48 84 13 144 7 42 106 195 104 7 76 131 78 38 266 30 333 32 211 11 340 18 101 18 43 100 53 45 197 33 117 18 93 317 121 70 324 60 32 48 63 31 17 47 237 23 3 10 143 56 4 86 43 4 11 39 73 64 118 158 93 64 108 46 29 27 91 3 27 124 167
0 16581 27 26 15 4 53 4 55 21 2 12 128 39 92 75 17 60 81 40 67 48 34 9 13 1 54 178 63 15 29 139 27 24 123 12 81 35 49 41 15 1 84 7 27 43 46 48 77 10 88 14 127 37 15 183 144
0 16674 22 111 37 56 96 19 49 52 129 98 45 125 31 4 16 56 213 140 14 52 38 27 157 35 63 21 221 70 90 21 191 3 25 168 15 20 3 18 68 83 216 198 8 19 23 43 168 2 61 12 23 79 42 8 116 4 3 22 287 2 43 35 34 127 26 70 128 136 140 98 237 61 4 3 16 44 187 52 111 182 64 405 5 97 29 21 20 1 90 25 76 27 142 119 39 26 83 55 45 43 25 36 101 38 264 115 39 62 114 11 8 2 30 259 36 25 28 58 4 6 159 25 44 18 20 46 263 8 187 56 246 40 41 52 149 31 282 79 222 8 218 44 65 66 9 87 57 39 314 4 180 36 93 32 63
0 16832 120 31 4 24 132 23 111 34 128 6 9 37 60 21 90 24 50 4 92 62 114 25 45 39 235 69 58 107 3 178 244 1 33 27 48 85 64 46 105 56 137 117 20 112 36 8 4 2 66 56 76 8 12 37 54 145 126 28 381 13 13 2 18
0 16947 58 16 4 8 64 93 259 205 897 57 7 150 255 224 15 15 167 17 115
0 17145 89 34 1 13 24 4 13
0 17241 23 12 87
0 17298 145 3 21 3 288 7 227 167 396 75 570 13 20 11 35 10 47 126 18 53 42 50 84
0 17416 20 42 40 12 168 42 121 53 24 26 65 44 62 3 421 123 205 29 356 46 27 67 77 149 95 9 17 58 374 30 43 14 10 65 192 41 154 50 117 1 48 30 73 77 64 128 101 32 38 36 76 69 7 78 81 178 234 130 26 1 48 5 6 57 204 113 20 36 177 9 12 134 92 14 136 4 362 154 74 5 27 38 294 2 82 13 224 73 95 132 23 8 282 50 122 58 33 6 62 1 26 32 31 40 171 47 116 43 62 25 84 52 18 26 278 40 141 10 45 8 117 102 37 91 20 40 248 13 29 7 64 18 119 36 44 34 54 30 144 16 107 75 63 33 94 29 215 119 73 10 58 208 225 345 120 8 135 11 223 41 89 18 142 89 21 2 11 44 1 14 64 29 46 71 51 53 268 21 8 14 46 34 8 2 124 60 160 234 43 57 32 51 379 64 343 32 195 136 109 73 64 67 157 23 75 206 399 26 56 31 19 32 111 55 115 172 68 18 183 2 360 2 25 64 20 56 69 91 44 4 153 17 30 106 230 21 75 26 71 158 119 23 2 95 361 16 56 64 237 11 109 69 39 35 140 14 72 9 42 2 36 2 21 8 241 3 8 98 153 60 46 33 27 39 79 74 111 1 137 2 86 5 152 73 69 9 41 120 96 129 24 33 8 28 25 76 199 36 225 6 86 4 163 23 33 30 11 72 207 1 14 16 1 62 117 34 307 80 123 9 48 33 270 8 161 16 143 252 66 4 105 54 11
0 17694 123 141 152 101 154 40 34 8 64 69 70 26 273 61 5
0 17872 23 41 2 98 100 47 48 10 43 7 4 33 155 35 74 4 76 224 109 74 224 57 119 62 163 77 34 80 140 60 1 28 60 71 83 5 27 36 127 57 169 69 11 5 222 38 41 30 18 2 232 25 432 79 84 47 37 4 9 86 164 20 191 41 23 26 46 68 81 13 15 46 150 14 46 6 36 94 340 48 97 24 189 6 107 21 21 9 57 46 30 26 22 10 154 205 26 63 34 25 181 40 102 49 127 83 43 125 93 115 28 36 60 21 12 28 96 55 108 81 82 14 69 26 12 13 30 118 22 10 195 49 203 45 483 16 1 33 17 52 57 19 42 3 38 35 47 32 197 43 3 69 111 38 86 17 1 45 32 62 16 12 20 71 70 48 17 18 58 21 61 25 1 21 28 7 89 41 54 63 34 23 167 36 6 170 47 26 38 6 488 6 31 277 704 63 52 15 217 30 1 285 112 62 307 47 66 96 28 17 39 3 85 7 145 66 22 56 21 54 53 14 78 31 168 66 14 11 6 138 121 18 319 16 48 17 56 8 6 3 218 89 568 5 42 14 253 16 252 9 36 18 146 4 12 34 47 120 646 2 5 37 358 39 10 7 635 146 46 38 112 290 22 13 237 46 69 18 190 33 201
0 18088 5 30 177 17 9 20 3 46 310 38 30 22 43 17 270 69 213 6 64 13 67 30 15 4 54 121 2 11 160 6 31 34 50
0 18159 107 31 87 29 78 24 4 148 52 6 29 95 154 5 21 32 55 289 52 118 33 25 31 49 56 39 4 121 70 15 30 6 98 35 78 39 59 53 61 23 76 21 112 44 112 4 54 91 213 15 58 83 103 57 23 23 239 157 104 78 82 80 185 3 71 28 43 6 83 25 32 129 11 105 51 20 4 119 24 135 26 128 175 42 33 19 124 19 13
0 18406 102 116 66 19 32 101 105 21 391 52 25 8 97 96 42 1 265 36 42 9 103 46 116 26 11 21 269 70 51 13 175 2 177 21 68 1 54 6 231 83 297 3 87 40 20 41 158 53 56 115 43 93 12 23 57 26 89
0 18713 17 73 157 50 37 143 79 16 146 47 36 47 287 103 14 191 268 36 208
0 18715 110 51 164 109 128 4 149 38 114 10 50 66 28 118 126 22 92 48 45 6 85 16 73 4 10 84 42 97 39 44 5 53 37 29 66 20 45 56 167 23 6 76 28 58 22 22 166 189 78 104 82 56 312 158 85 9 6 37 115 40 15 106 265 38 2 14 29 6 197
0 18734 244 10 31 29 26 40 22 12 133 158 272 12 387 193 338 3 68 13 29 1 111 23 13 5 155 111 52 42 2 76 43 301 70 17 76 16 59 4 73 48 209 4 441 75 36 16 56 112 116 12 300 36 37 80 109 145 172 13 12 9 102 21 121 233 194 60 129 52 67 237 68 10 68 157 48 75 222 175 9 28 251 10 17 115 26 15 3 63 75 27 6 4 137 63 117 48 62 20 346 39 229 61 94 90 259 50 52 77 56 7 94 7 49 30 171 7 54 34 38 123 206 9 51 71 185 32 19 24 17 26 44 91 32 104 25 91 62 22 44 88 120 16 25 85 4 29 65 16 161 27 175 1 112 146 228 60 1 19 245 1 451 39 21 22 14 66 38 46 24 16 184 165 85 18 69 2 82 71 87 60 34 30 476 24 100 70 52 1 265 4 88 179 43 176 64 6 6 45 79 69 35 9 43 7 20 40 64 49 91 53 14 31 454 15 70
0 18887 339 33 62 17 464 129 28 16 10 55 172 6 118 34 56 15 85 2 26 21 25 183 106 14 92 38 273 75 104 63 29 19 98 24 117 14 12 14 31
0 18920 109 81 47 12 23
0 19114 16 69 67 18 268 12 72 66 26 66 161 263 135 18 278 71 183 10 108 20 8 5 24 8 72 3 194 168 77 138 27 20 18 29 5 50 92 45 36 32 56 44 12 35 51 8 208 54 77 16 50 34 12 16 71 11 63 45 106 4 253 14 93 92 51 45 163 34 80 93 59 12 151 29 143 117 214 32 140 38 47 189 272 28 28 1 85 30 22 154 25 20 18 9 47 53 25 6 70 1 207 21 91 43 20 2 12 5 166 19 4 16 355 39 84 7 150 32 162 19 39 69 128 40 122 90 147
0 19404 44 5 394 3 102 66 135 66 105 118 334 18 10 56 278 22 29 18 123 4 47 94 28 160 126 38 73 137 22
0 19638 5 28 36 107 156 27 78 31 206 25 58 33 46 38 562 86 105 125 80 37 63 3 10 89 440 16 62 9 131 3 120 277 164 70 70 235 17 31 5 14 161 109 290 107 120 86 316 60 6 39 18 26 89 46 56 8 84 11 41 111 28 20 64 92 84 102 162 105 246
0 19738 201 5 11 16 24
0 19741 75 25 5 12 88 19 144 26 26 23 226 58 138 21 319 48 27 43 60 34 47 5 18 43 59 6 81 35 149 5 69 58 52 40 166 20 47
0 19987 143 47 85 15 80 6 12 367 271
0 20201 214 85 7 4 19 16 24 59 66 23 66 56 184 79 282 61 315 1 210 58 379 131 297 146 24 64 243 1 108 68 142 31 54 4 26 26 70 29 54 38 267 32 69 262 32 102 43 40 68 89 28 9 27 17 96 2 28 1 34
0 20235 27 40 99 78 40 96 29 24 103 130 25 27 230 55 53 18 52 7 64 222 99 48 91 60 153 185 49 25 8 73 167
0 20517 29 78 35 41 192 289 29 29 258 68 150 12 62 23 38 34 131 22 8 81 89 69 53 66 104 27 40 57 39 98 58 4 33 139 37 127 124 16 136 5 40 31 45 66 19 27 5 64 82 46 13 59 368 7 36 56 497 33 107 10 103 23 27 25 34 66 19 22 34 4 112 68 52 20 47 18 33 33 20 23 10 31 20 16 133 23 59 52 221 16 45 17 113 66 59 57 62 105 25 22 290 15 63 59 97 23 75 187 16 23 41 65 46 38 25 3 23 63 72 49 123 21 95 2 53 44 280 48 10 82 18 1 207 14 137 1 166 30 320 19 212 35 22 86 104 41 82 19 87 183 79 15 85 3 151
0 20851 111 46 74 26 91 47 50 59 253 12 53 38 20 21 96 40 307 168 32 22 66 43 71 48 62 122 148 100 99 59 218 38 311 96 45 42 14 137 460 18 220 59 27 55 24 18 93 37 124 1 61 16 133 56 248 46 48 41 33 178 68 9 20 46 5 35 2 5 72 23 97 132 199 48 243 22 108 1 33 11 17 84 230 176 143 30 98 47 50 33 16 17 228 69 18 3 161 65 168 18 130 15 56 43 51 37 62 4 209 8 4 86 174 7 266 39 169 11 112 117 56 33 141 32 149 71 20 39 25 30 38 13 84 67 23 36 166 136 44 256 51 242 4 72 63 23 88 31 2 42 68 67 142 7 60 120 175 40 11 59 85 85 38 50 156 35 289 9 53 38 95 62 20 94 166 84 28 23 134 86 94 41 91 14 40 227 140 40 216 259 12 51 160 2 15 19 75 103 108 12 248 30 14 235 9 51 17 109 31 14 76 75 77 59 69 64 37 11 177 80 73 19 100 83 14 25 14 56 339 11 55 117 18 110 31 185 88 90 25 141 42 39 473 12 24 33 234 3 274 1 22 98 200 2 102 176 329 47 66 42 29 20 110 63 6 2 115 38 151 46 227 6 2 67 317 58 78 7 14 33 85 2 111 11 147 17 11 34 3 18 25 20 105 40 145 7 134 6 56 110 88 9 59 7 147 94 24 51 31 32 160 35 3 13 96 15 11 18 144 102 125 94 66 4 374 45 170 65 8 70 33 36 27 31 38 160 91 23 213 76 57 14 138 9 14
0 20921 74 24 23 6 78 74 57 3 37 15 437 62 95 21 100 19 22 206 4 21 143 62 62 6 187 15 55 14 63 42 83 181 143 48 469 44 220 9 36 7 127 47 106 27 252 7 35
0 21030 13 11 1 185 84 23 214 34 12 3 45 9 247 46 14 32 52 96 21 39 17 22 41 13 64 59 86 61 87 18 12 24 18 22 20 77 17 4 38 32 167 5 131 50 1 83 52 59 37 50 11 105 160 108 5 19 376 35 31 1 197 41 50 137 44 65 226 67 61 14 229 7 24 57 54 11 66 69 125 177 58 50 133 96 65 64 192
0 21173 10 5 30 78 300 83 119 24 24 36 112 13 47 16 4 135 92 6 65 44 9 1 99 18 91 184 447 86 56 23 75 9 112 28 156 86 21 42 243 22 68 3 213 1 31 1 301 29 295 42 30
0 21306 30 15 249 2 109 58 190 123 24 66 176 31 9 68 29 118 276 12 3 33 186
0 21386 105 109 1 19 10 18 40 40 48 51 59 9 102 21 130 22 24 24 1 62 148 1 14 50 7 50 54 18 259 26 18 40 11 11 14 84 212 34 145 162 49 2 194
0 21416 28 5 70 36 99 5 54 23 52 12 69 36 45 77 268 19 72 139 207 16 56 76 99 7 16 24 69 6 114
0 21454 56 40 323 73 67 26 44 241 1 195 5 19 216 56 32 35 575 47 61 8 27 9 177 153 26 46 63 50 86
0 21639 143 29 195 1 2 87 125 180 11 17 85 24 100 58 6
0 21795 101 26 40 63 26 13 154 74 30 7 130 49 97 89 4
0 21806 337 183 290 2 77 9 55 65 223 61 87 55 30 10 83 73 137 83 699 38 7 13 47 1 241 39 15 19 130 6 108 81 172 22 107 30 30 73 39 5 99 50 78 28 230 6 120 71 140 58 32 55 61 31 20 47 23 25 2 68 204 27 111 55 152 34 87 50 62 4 145 137 124 31 11 16 32 66 140 114 18 31 108 82 42 37 140 4 140 49 48 186 258 72 100 42 13 108 93 77 481 107 68 39 228 3 27 22 62
0 22142 182 148 128 25 58 312 35
0 22209 75 24 270 19 63 157 438
0 22411 114 29 110 11 159 28 189 43 239 74 329 53 70 14 22 12 196 21 37 31 612 13 79 45 175 40 129 31 190 32 147 12 60 16 83 27 166 19 245 76 69 5 27 68 109 46 61 17 239 62 89 8 200 103 32 19 107 5 112 138 85 133 10 154 28 52 98 93 12 59 52 42 209 2 246 10 2 27 14 4 137 9 34 64 6 51 61 76 148 29 2 1 3 33 145
0 22701 87 25 69 9 2 32 72 39 15 39 2 24 1 6 134 33 269 133 44 106 21 14 74 15 229 16 4 54 155 71 114 25 351 47 68 152 8 81 77 34 10 70 34 82 9 23 69 7 65 34 2 12 200 12 48 49 121 8 10 30 140 66 103 186 25 16 83 55 112 187 340 45 48 140 82 72 57 77 154 33 14 41 18 11 54 86 129 15 185 8 129 9 36 5 10 110 12
0 23005 50 39 3 90 20 17 9 81 59 109 41 47 38 8 134 52 16 4 15 111 14 9 133 93 180 34 26 17 141 154 13 203 30 34 32 29 211 2 195 31 57 45 60 9 148 192 46 89 170 92 142 90 161 54 58 211 83 117 3 4 14 165 60 11 122 86 51 7 130 16 2 72 84 30 116 57 1 75 52 3 139 1 4 5 97 4 47 72 63 13 115 109 29 112 43 286 7 2 154 24 70 79 460 24 7 104 93 47 13 6 95 11 2 172 74 116 21 57 376 42 307 4 107 229 11 124 66 126 48 55 9 7 37 26 132
0 23366 136 117 238 16 5 204 99 8 29 57 135
0 23442 2 39 27 7 412 174 106
0 23502 68 30 81 3 30 29 20 94 43 32 102 86 129 8 41 27 50 16 162 89 228 94 9 75 151 3 70 74 65 30 13 138 82 9 18 50 62 33 242 152 152 22 40 75 25 43 355 48 74 55 77 23 63 10 12 46 165 55 37 166 25 21 26 196 151 2 33 16 32 48 146 17 85 43 66 15 123 29 270 18 136 21 13 11 69 26 21 42 33
0 23613 48 12 73 77 7 28 5 171 72 24 31 16 75
0 23964 106 151 2 90 21 46 46 1 2 29 59 13 59 39 279 176 9 146 30 97 10 16 47 66 110 85 18 113 65 296 16 36 73 10 14 36 314 68 56 18 144 26 188 56 134 21 186 29 30 15 123 23 57 136 55 27 105 52 79 8 56 136 18 82 41 33 453 31 26 159 11 8 76 82 28 20 25 17 170 3 27 17 57 2 114 67 150 86 114 76 469 8 193 8 234 47 112 39 125 111 69 57 39 39 236 9 46 70 20 105 18 41 345 30 9 81 24 162 188 121 246 129 193 6 12 87 31 35 55 19 206 22 163 133 128 27 249 37 86 18 9
0 24111 74 19 195 44 248 2 7 16 239 5 70 123 25 24 137 9 59 164 59 9 15 166 5 70 191 22 64 37 456 134 31 47 5 21 181 97 53 9 60 9 97 126 141 10 113 6 78 88 115 61 208 14 304 6 76 6 76 16 31 5 156 81 27 48 158 134 112 91 217 15 82 54 1 72 9 168 7 59 43 34 191 72 138 105 179 24 37 19 53 79 37 44 6 59 58 1 24 61 106 62 88 34 13 65 1
0 24245 19 145 69 56 12 22 352 41 35 17 4 4 131 52 22 106 17 15 82 12 238 3 2 20 49 50 130 65 12 41 239 144 187 59 286 32 77 196 10 38 156 57 99 383 93 83 13
0 24337 280 58 131 31 16
0 25702 33 44 197 49 113 161 108 30 2 46 4 40 169 83 37 16 97 146 81 57 75 20 20 137 99 212 24 42 30 20 13
0 25748 23 32 147 110 56 26 43 60 25 1 17 76 37 127 108 6 63 79 30 3 14 58 9 27 3 180 46 5 151 1 52 140 71 57 12 49 207 30 59 14 294 21 170 111 125 23 366 269 23
0 26051 92 51 146 13 106 11 88 91 184 33 106 79 14 2 42 9 17 1 1 121 208 116 182 35 38 56 52 19 12 8 48 20 103 130 88 14 241 5 131 1 162 140 103 20 89 25 46 66 62 49 97 22 70 178 23 133 32 6 103 12 18 152 362 1 5 9 251 19 57 246 143 65 4 16 28 57 5 1 49 5 132 10 139 10 142 11 106 13 98 19 24 36 265 96 101 6 145 17 279 28 41 21 71 20 16 21 24 59 53 11 101 9 17 47 149 6 40 21 224 62 119 27 150 45 90 83 56 147 127 239 29 3 2 29 43 59 24 24 257 44 33 27 8 7 253 25 11 4 69 68 37 6 47
0 26267 105 22 259 83 128 144 196 10 12 88 59 38 60 1 100 64 63 57 180 78 20 37 170 48 36 144 56 27 190 31 82 86 55 18 11 8 54 1 175 20 18 3 86 71 63 33 58 35 17 3 8 47 96 15 103 20 82 85 56 38 110 12 83 41 3 39 288 30 337 51 205 21 195 2 87 199 86 30 57 44 14 37 30 214 13 232 168 16 168 1 49 74 66 12 215 37 16 43 253 27 114 51 291 144 113 47 62 35 86 39 8 76 184 22 35 10 36 15 87 62 3 77 53 12 75 32 230 27 48 111 145 54 245 1 19 17 186 99 58 16 60
0 26335 171 13 122 27 76 35 55 79 76 15 64 8 37 57 130 16 90 126 182 8 28 416 55 16 54 41 299 10 62 105 45 114 200 29 109
0 26377 173 18 64 116 273 47 16 55 8 4 6 74 54 71 80 27 54 70 31 5 54 22 32 19 268 61 7 28 240 28 39 8 63 94 96 11 74 13 58 126 389 64 13 1 14 21 63 51 22 4 50 92 19 17 244 10 11 4 90 29 89 89 58 106 28 17 31 9 33 26 53 166 241 11 128 179 39 15 155 88 99 77 39 13 96 24 256 91 69 30 29 47 64 5 11 16 48 17 170 18 44 2 196 25 328 43 54 20 244 1 59 105 17 193 88 25 188 44 268 6 45 55 228 2 43 72 190 163 87 37 92 48 15 154 46 10 59 7 18 39 42 3 42 27 83 7 28 105 118 28 198 51 155 8 123 3 190 3 450 19 38 33 110
0 26639 22 104 100 66 16 65 183 66 19 35 157 25 299 99 95 27 42 53 313 62 167 56 42 59 30 99 72 23 58 103 91 14 83
0 26787 48 1 32 30 31 6 65 24 92 47 110 14 107 28 23 97 15 22 45 15 22 35 49 168 96 71 20 142 239 27 200 268 64 43 30 1 186 26 451 3 76 3 613 55 116 22 102 117 104
0 27148 63 3 146 89 293 8 51 13 212 28 139 139 30 15 108 42 54 176 74 103 278 2 117 449 157 82 72 68 35 6 61 17 144 23 13 100 62 27 124 9 44 209 70 8 79 171 1 104 110 110 28 11 60 118 40 41 100 4 72 58 247
0 27247 147 12 199 10 170 25 436 30 98 210 29 5 301 86 421 16 32 11 361 15 116 39 87 14 63 40 28 78 539 55 547 32 133 31 66 125 27 101 18 3 22 37 49 13 1 20 17 28 16 17 48 1 49 10 3 53 240 82 1 45 156 1 150 66 96 23 8
0 27393 252 7 18 90 60 31 358 35 26 26 35 18 180 136 258 41 19 143 38 7 47 28 14 13 206 27 175 11 194 31 6 39 44 9 49 73 330 132 5 70 102 48 54 21 37 16 95 89 12 9 60 18 297 45 1 13 88
0 27512 5 286 113
0 27757 210 19 42 36 11 41 48 2 148 68 16
0 28298 23 49 103 55 39 115 207 15 112 133 62 20 147 7 46 24 73 40 12 35 10 139 23
0 28382 249 60 48 9 285 37 50 28 28 94 9
0 28488 191 46 4 48 81 46 14 56 238 61 32 62 129 8 78 102 19 23 39 57 72 32 28 1 128 7 42 53 110 137 270 73 84 46 136 149 80 9 175 132 31 51 137 6 89 38 82 27 136 80 29 4 28 15 35 7 66 60 28 15 170 9 38 68 91 19 28 33 107 171 145 12 46 124 81 68 83 24 56 29 34 38 40 26 72 18 92 56 151 119 111 19 271 18 87 11 300 31 37 2 20
0 28527 86 12 122 46 215 173 109 47 123 42 8 88 140 108 7 86 5 112 22 6 195 13 365 18 464 37 521 18 111 75 144 24 49 111 20 104 6 24 47 84 46 16 2 36 1 12 69 43 22 39 58 76 130 23 127
0 28744 135 108 74 113 229 9 2 125 184 27 61
0 28884 39 16 136 89 319 12 12 14 5 20 67 14 237 133 467 57 253 18 157
0 28908 4 2 77 39 78 25 39 28 145 41 8 18 34 23 71 56 105 59 57 88 62 75 276 35 9 41 75 7 15 9 106 9 77 158 19 258 22 7 22 47 13 56 32 31 7 13 114 36 81 91 10 5 120
0 29241 24 70 3 165 70 11 18 67 18 44 393 217 88 40 6 108 31 32 11 40 321 62 36 28 7 140 17 56 213 53 75 79 204 20 178 55 108 13 267 27 9 2 7 24 13 14 57 58 65 26 36 9 177 42 49 19 12 63 8 27 5 63 59 8 13 10 89 3 90 78 47 2 87 86 29 49 27 129 141 13 28 30 23 43 13
0 29246 65 68 71 25 15 22 18 13 198 48 13 63 135 212 148 16 177 18 154 19 208 66 90 326 22 76 87 141 304 16 262 99 304 80 133 6 49 1 73 13 24 41 349 19 17 62 50 68 71 28 475 62 52 7 347 5 54 9 333 97 335 68 52 7 24 37 282 29 140 19 18 5 193 22 70 17 60 41 43 86 148 35 13
0 29249 66 18 92 2 17 1 133 85 289 25 49 172 68 24 20 32 92 10 87 18 104 41 109 62 36 14 53 24 55 11 14 87 65 17 128 3 40 43 37 38 38 40 108 17 147 86 23 15 67 35 98 32 74 29 36 17 223 16 54 14 146 38 46 10 136 26 63 3 51 43 352 31 127 85 91 87 39 56 35 25 28 13 114 49 418 41 112 33 3 7 14
0 29307 253 177 239 26 35 8 26 92 108 87 12 6 59 3 66 59 30 12 14 41 29 20 58 60 43 2 67 102 18 115 50 93 15 39 157 123 88 2 92 68 35 99 15 21 31 91 16 109 57 170 23 29 15 4 55 134 44 69 73 4 193 2 127 9 87 9 30 8 163 28 82 110 389 35 103 27 35 73 153 45 53 27 133 28 24 34 75 91 110 174 22 1 58 112 79 26 32 7 49 58 107 69 89 8 163 20 123 74 64 122 140 39 169 1 36 3 269 36 2 106 81 30 29 21 183 26 45 41 4 94 9 27 69 4 31 1 21 2 19 144 143 8 45 11 4 135 32 34 68 1 91 45 44 57 49 63 197 43 29 18 395 4 91 19 8 89 76 40 230 68 109 32 52 109 115 54 166 20 60 45 112
0 29551 79 46 30 33 175 45 69 79 419 9 28 12 90 35 135 9 51 22 62 107 387 35 18 49 201 1 217 94 325 194 17 48 84 28 73 137 100 4 59 17 290 42 31 13 267 35 7 41 22 5 162 8 102 75 194 13 310 81 111 91 72 198 18 21 28 13 47 26 207 15 35 10 5 19 45
0 29568 211 2 123 9 74 1 13 66 113 14 29
0 29871 15 32 10 129 39 62 95 35 62 53 193 7 17 65 66 6 35 16 158 18 84 31 217 3 24 150 82 48 131 159 130 5 61 5 62 46 218 19 19 2 68 61 56 9 33 185 149 133 153 9 102 12 32 1 85 13 191 30 90 39 330 12 7 18 8 8 68 29 183 10 10 18 205 18 29 1 26 131 13 1 23 108 87 6 92 60 30 18 72 53 174 68 2 72 17 27 72 18 88 111 26 51 122 3 87 34 40 22 27 181 217 1 68 6 57 3 41 126 62 1 186 52 57 113 308 86 30 65 55 85 52 2 142 36 22 14 32 50 129 9 218 46 55 35 41 40 114 22 38 32 7 45 194 39 103 22 93 102 86 36 219 4 158 26 98 28 102 9 107 28 95 4 1 19 10 55 93 65 86 42 47 178 48 257 47 74 205 59 86 67 61 87 499 34 448 9 94
0 29901 199 7 58 35 5 85 168 41 25 3 304 30 142 41 119 35 67 79 111 6 72 39 218 75 95 48 79 3 48 26 5 37 138 44 114 73 42 19 68
0 30063 21 36 33 158 92 35 252 22 10 11 83 35 135 1 101 2 67 11 90 66 22 3 110 34 97 41 53
0 30481 5 48 117 38 15 37 244 50 11 26 275 3 292 36 123 80 180 15 540 35 53 56 34 39 20 109 18 91 1 2 73 33 63 10 262 323 145 10 7 6 92 2 229 65 81 32 11 61 16 8 9 15 6 2 108 25 89 143 106 33 233 9 3
0 30515 186 105 90 31 8 76 10 12 94 69 33 5 84 23 11
0 30626 73 108 346 41 45 33 155 43 33 18 137
0 30827 34 47 241 6 39 55 76 97 101 14 28 44 189 128 18 165 171 4 364 43 10 19 237 25 210 66 25 57 115 37 104 87 51 52 384 66 54 54 10 14 79 24 22 8 229 63 139 26 105 82 47 7 63 8 75 7 199 12 409 227 2 113 32 38 113 77 416 5 123
0 30981 479 19 21 284 4 53 127 4 167 22 21 3 63 2 40 84 55 185 68 116 22
0 31118 21 82 185 14 68 59 44 103 121 45 47 94 151 18 183 19 78 65 282 10 18 27 5
0 31244 296 23 18 24 160 2 11 161 34 46 45 13 66 71 83 1 40 36 16 114 11 65 155 84 15 13 62 32 95 5 110 59 182 25 34 123 116 15 69 92 52 16 46 107 27 65 110
0 31265 88 72 149 92 39 22 128 79 78 15 12 8 40 26 14 37 58 72 14 18 8 60 151 94 134 15 15 16 256
0 31447 64 38 128 1 44 104 57 26 135 86 46 100 36 5 9 4 192 1 305 139 487 6 160 57 26 41 373 159 52 41 8 19 106 39 22 61 59
0 31486 108 7 188 39 77 69 113 71 52 30 11 43 6 64 61 72 232 233 43 133 17 11 33 93 81 17 70 32 12 53 189 30 95 15 148 180 95 77 52 43 49 20 121 78 125 104 162 19 5 48 68 45 13 22 52 51 92 221 142 11 60 17 330
0 31615 202 116 18 11 275 130 43 47 137 64 100 52 64 73 12 140 456 223 68 145 55 18 108 37 57 3 241 1 105
0 31635 23 60 126 162 16 83 147 27 22 19 3
0 31692 73 37 15 111 16 48 46 51 171 6 51 46 76 62 156 41 96 5 24 92 31 8 208 38 16 9 125 14 47 82 67 24 109 57 46 12 14 20 104 62 324 53 191 127 269 9 96 93 42 99 38 12 297
0 31850 27 9 5 9 74 43 13
0 31935 9 26 111 204 22 129 11 138 139 46 405 10 148 42 7 38 37 16 32 14 29 13 8 140 11 30 23 27 150 74 25 197 101 70 328 2 27 128 155 28 32 146 61 67 104 108 19 16 88 18 58 15 45 135 4 15 16 226 123 7 13 24 182
0 31974 42 51 29 29 127 16 204 71 104 45 389 92 996 8 6 21 224 8 33 145 127 94 11 24 121 2 9 27 129 33 130 34 20 10 1 13 456 237 15 74 84 47 203 90 25 15 175 50 251 39 148 13 95 83 61 12 9 20 131 67 39 47 148 51 153
0 31977 51 21 6 1 113 55 6 70 2
0 32016 41 23 53 42 57 12 1 1 23 105 51 15 46 17 30 37 124 50 87 11 32 47 23 4 30 21 54 43 61 58 160 51 24 53 7 17 45 19 110 27 38 23 29 56 52 37 36 1 555 41 68 54 40 182 400 27 251 5 68 91 88 16 72 58 45 14 427 26 60 7 439 8 32 26 47 103 159 32 24 12 13 17 166 4 165 3 62 46 181 120 121 80 13 94 124 14 76 19 121 2 1 30 79 3 130 86 117 87 135 26 42 68 37 20 40 8 20 186 60 2 60 108 18 7 24 85 63 1 20 37 45 65 102 47 197 42 55 9 96 86 96 53 64 5 76 2 119 98 131 113 112 128 180 135 129 125 31 152 34 8 89 13 31 82 49 244 54 62 41 30 99 19 22 62 216 12 123 121 5 161 191 52 289 30 683 67 114 70 32 46 39 106 21 2 90 89 13 102 268 30 15 19 5 371 8 51 131 26 21 22 186 40 78 56 78 14 54 159 108 83 44 9 194 51 20
0 32093 54 9 53 121 26 82 39 6 19 23 102 44 66 34 56 3 577 9 23 101 2 85 116 90 48 49 192 187 22 25 52 96 29 8 450 25 164 43 72 17 38 55 260 18 11 16 14 28 16
0 32254 42 43 26 8 41 45 23 57 84 14 46 35 136 25 22 71 322 18 11 17 150 142 28 92 9 26 81 58 23 53 127 22 84 143 30
0 32690 49 47 104 35 10 64 83 12 159 20 54 4 73 91 52 28 121 31 23 97 227 12 26 132 121 39 49 62 187 55 153 1 120 14 34 7 133 70 201 64 10 171 31 38 70 71 55 54 126 37 262 82 86 53 118 45 211 17 185 8 46 6 255
0 33244 37 24 296 1 34 18 47 47 398 37 31 23 27 10 203 10 44 108 29 18 218 162 417 21 32 11 51 112 21 97 20 101 164 114 95 11 148 41 40 56 123 88 51 21 23 55 275 10 202 1 126 26 114 14 39 13 367 216 27 20 154 79 132 12 215
0 33261 116 54 140 42 16 25 11 33 10 45 11 3 175 22 106 16 94 3 115 6 33 40 139 6 70
0 33378 35 12 53 3 27 2 356 7 224 10 145 41 575 17 361 16 135 46 24 13 13 7 398 22 32 87 86 11 143 98 133 197 163 186 159 11 36 11 20 2 21 16 3 181 24 25 71 3 26
0 33686 399 29 1 30 33 35 199 5 87 11 55 9 140 49 23 3 67 7 523 17 35 107 75 98 36 7 144 4 41 127 265 1 29 30 178 46 237 114 71 87 64 70 314 47 26 11 13 7 94 10 325 11 103 60 25 122 55 72 307 55 3 17 152 222 111 74 77 14 125 86 96 63 90 40 56 16 114 170 140 31 96 6 27 19 74 54 81 24 23 68 30 8 51 90 148 40 219 1 78 43 12 1 136 57 3 6 110 45 155 51 47 88 118 30 203 25 10 20 120 104 156 235 76 5 119 35 6 70 47 45 17 10 83 182 29 47 100 16 40
0 33740 68 13 51 7 73 20 99 34 33 4 98 10 162 16 242 124 14 30 22 40 170 10 24
0 33865 133 49 129
0 33877 115 1 17 32 5 41 127 11 4 23 219 97 160 213 11 120 52 136 39 38 59 8 31 73 260 39 221
0 34014 437 38 1 8 271 32 58 149 60 136 31 1 105 16 179 9 72 173 51 18 162 35 499 64 152 20 94 24 16 27 54 123 108 33 45 180 166 67 11 24 185 16 119 15 75 43 44 144 3 28 446 12 42 10 29 101 241 2 29 24 3 19 16 31 279 19 59 27 141 5 140
0 34074 404 43 154 72 54 54 2 20 57 21 158 170 73 15 78 91 25 65 147 108 11 34 224 57 115 86 252 15 21 1 13 17 145 49 45 10 118 24 24 40 23 78 25 74 22 43 102 7 143 33 206 47 77 5 18 17 25 72 131 21 21 3 56 21 13 15 5 28 73 23 2 10 115 141 133 95 47 87 3 10 27 28 25 7 113 33 29 114 16 119 101
0 34391 1 49 19
0 34602 9 1 68 58 55 24 46 33 113
0 34612 18 30 16 64 48 37 92 17 39 11 186 12 28 1 18 7 156 45 55 27 196 201 88 11 227 4 73 18 26 42 297 54 20 72 508 116 105 133 143 28 132 19 31 88 29 9 12 40 339 35 346 18 58 106 51 128 95 47 545 20 58 41 102 69 1 22 221 25 269 33 90 23 746 76 6 30 46 72 22 31 5 26 53 20 77 8 12 57 31 24 32 59 52 6 43 10 100 94 155 20 57 83 22 57 62 20 7 15 115 70 6 3 224 183 151 136 92 12 171 27 15 16 18 66 28 107 206
0 34718 6 19 24 13 22 154 87 55 29 30 2 95 38 23 166 36 120 41 62 1 121 17 80
0 34993 47 155 299 113 29 56 50 9 187 207 250 62 237 45 151 63 58 17 36 10 147 11 293 5 225 18 163 79 66 56 204 63 43 17 134 174 160 56 60 11 255 25 66 70 51 25 30 13 21 67 107 9 14 44 83 21 10 27 113 76 44 42 45
0 35039 90 44 48 35 116 45 110 81 71 26 133 164 254 66 53
0 35370 60 162 245 30 64 4 42 272 29 145 168 29 15 15 43 33 5 70 79 25 8 46 44 54 7 5 66 76 20 217 96 145 5 11 391 78 32 30 125 34 84 57 5 27 360 31 57 18 39 16 17 16 40 54 18 30 44 36 81 83 39 5 18 165 168 60 63 79 2 35 50 68 182 81 419 17 316 41 141 29 89 2 116 32 9 49 209 5 81 22 17 240 36 59 152 16 91 2 2 81 57 60 16 36 58 11 13 35 29 1 392 78 76 79 292 81 114 4 180 4 61 30 75 41 80 31 357 4 49 19 29 31 50 66 11 9 20 50 64 27 13 111 76 48 18 79 151 6 117 22 248 96 137 4 36 21 466 57 327 25 29 14 57 9 95 50 113 47 148 110 218 69 27 3 12 36 247 196 212 69 137 68 108 6 97 5 238 27 56 43 49 13 77 24 63 63 110 3 193 42 98 6 80 25 20 28 71 57 252 28 223 33 104 139 95
0 35542 77 13 326 10 144 12 215 19 113 4 38 9 223 54 370 82 46 69 41 15 154 55 65 45 282 65 63 57 126 147 99 3 35 31 47 2 7 118 123 3 39 14 112 14 5 105 135 20 88 101 348 36 71 138 22 28 6 8 86 15 218 20 19 62 6 15 97 21 68 102 260 39 126 134 63 15 78 4 112 44 85 61 76 235 146 58 5 5 16 41 340 63 71 1 117 12 92 9 232 36 66 6 173 7 160 5 4 85 168 74 125 12 52 135 198 20 250 2 64 57 183 11 218 29 36 11 90 32 25 11 65 43 59 6 14 5 86 69 34 132 38 1 50 170 4 123 55 31 12 122 108 24 125 18 125 11 48 53 24 146 64 80 158 9 70 7 112 27 243 41 228 36 35 3 79 4 16 58 71 63 22 29 38 9 21 88 32 64 19 48 97 196 19 128 202 45 70 32 34 50 85 32 132 6 246 19 30 57 24 13 138 4 177 21 113 141 116 13 48 46 102
0 35737 60 43 62 111 47 17 32 154 9 36 112 38 170 39 116 6 90 118 435 99 115 110 194 84 184 4 67 57 37 59 188 50 97 122 208 6 151 8 47 11 41 27 174 87 93 19 316 45 40 58 110 51 111 5 130 7 147 19 75 54 92 122 242 10 36 4 9 114 151 56 68 67 179 32 67 8 110 192 90 98 38 49 23 10 17 92 73 7 27 22 136 177 9 34 69 80 21
0 35877 25 13 120 55 50 117 62 90 54 13 369 59 115 29 77 2 53 39 63 8 65 26 41 90 1 4 56 46 104 36 236 167 17 10 85 120 27 112 389 49 114 31 129 13 104 70 38 56 162 2 66 61 29 26 395
0 36049 109 157 6 101 240 75 37 80 122 56 16 166 98 2 45 217 131 12 73 48 69 40 50 23 60 19 67 31 277 16 127 34 12 17 14 13 81 4 38 26 101 9 48 46 10 84 158 47 8 88 3 31 45 23 36 126 26 6 37 88 3 20 57 81 52 34 53 132 72 59 42 62 167 185 11 20 48 61 94 28 225 27 30 649 319 39 90 40 119 136 4 84 13 53 31 32 12 69 251 64 51 103 153 45 63 9 1 59 208 48 44 56 285 44 6 14 94 90 5 24 106 8 47 110 51 32 105 41 63 75 58
0 36085 86 72 248 108 30 92 396 59 73 59 161 39 39 4 151
0 36229 178 38 11 153 297 4 38 26 84 32 133 38 16 31 73 17 382 53 37 10 110 104 43
0 36479 123 2 152 30 94 232 121 33 54 19 57 44 110
0 36561 11 12 162 7 63 92 144 122 207 15 10 8 24 21 131 20 17 8 81 23 264 288 6 31 20 11 10 39 183 21 83 312 35 134 1 4 22
0 37013 14 1 31 7 287 42 155
0 37235 44 26 255 2 338 67 7 10 33 37 36 41 178 23 195 35 21 79 27 57 188
0 37336 129 66 23 32 73 7 63 25 9 32 27 135 223 16 92 79 98 5 78 57 122 16 14 48 195 11 338 17 162 16 39 20 57 2 107 15 97 68 13 9 37 26 7 78 1 39 5 31 314 85 15 87 5 66 269 158 73 52 319 30 135 33 350 19 190
0 37503 226 104 16 105 33 3 99 25 170 32 55 11 27 78 274 27 74 46 33 2 292 40 100 10 43 31 177 69 194 59 130 23 57 3 95 27 27 66 14 30 64 67 152 2 324 39 100 32 29 66 18 101 203 7 10 61 5 2 39 21 151 14 293 78 24 35 263 19 141 9 96 12 71
0 37530 190 12 7 45 42 156 151 156 97 85 12 8 51
0 37593 26 46 58 7 235 3 165 2 71 80 70 17 372 35 68 111 77 1 66 32 1 18 14 164 157 175 67 3 89
0 37717 1 156 46 6 26 2 110 10 172 92 77
0 37761 382 29 69 89 33 97 133 15 206 17 2 34 278 8 31 18 223 38 3 45 18 41 98 178 380 13 2 59 20 95 153 64 25 7 10 4 52 149 14 51 64 60 27 141 91 8 74 29 13 28 73 4 10 33 25 77 44 12 71 53 57 5 304 23 43 49 74 23 7 38 2 10 17 26 65 135 285 21 20 126 41 16 57 33 26 32 114 81 74 6 18 50 45 18 132 58 65 2 28 2 31 12 25 42 43 111 91 173 55 10 76 3 17 16 56 127 12 59 129 101 156 91 383 34 485 6 67 2 293 1 86 560 199 174 70 98 181 105 200 45 37 13 35 3 94 131 30 61 64 13 95 70 157 20 215 18 35 94 204 120 27 29 125 5 166 21 41 58 32 168 72 69 67 33 280 46 20 142 188 87 89 27 3 51 15 23 45 83 9 2 36 37 19 18 274 50 96 102 222 137 258 57 72 30 73 96 28 24 17 10 117 52 226 31 22 88 32 70 48 15 26 139 96 39 50 115 8 16 11 95 38 45 131 59 93 52 260 159 10 3 24 1 50 98 184 13 34 71 110 56 73 19 5 36 4 9 7 20 25 1 45
0 37793 181 38 39 44 41 69 14 43 57 13 201 38 109 1 43 1 21 10 32
0 37876 591 40 40 25 157 5 126 51 5 1 39 25 92 17 173 200 39 62 32 97 44 3 148 13 58 47 69 60 117 43 50 14 87
0 37923 92 107 2 24 14
0 37987 127 6 54 57 9 8 46 41 165 110 49 76 20 23 38 29 62 27 2 41 49 28 75 149 39 17 137 38 264 49 1 48 194 106 109 12 71 21 27 89 125 13 36 35 181 37 139 85 71 198 5 40 9 50 25 116 83 6 100 1 145 25 154 12 18 58 72 67 265 10 70 2 57 99 11 28 113 120 263 22 178 82 12 90 42 78 44 37 226 13 85 32 219 13 27 74 157
0 38010 288 26 149 66 25 57 66 111 49 45 2 32 91 2 70 54 77 91 94 110 137 33 159 43 76 9 364 115 110 46 19 33 51 149 46 40 95 164 18 12 173 69 30 1 105 18 105 7 125 235 38 11 69 26 156 6 83 62 46 36 114 27 144 14 140 55 21 126 38 30 30 49 16 13 297 8 404 63 144 3 133 6 113 31 83 50 1 75 16 69 10 155 1 36 16 11 30 128 93 62 43 159 90 37 32 83 67 24 78 156 72 42 243 75 32 28 145 12 45 17 127 31 12 42 54 27 10 55 68 156 75 32 269 23 183 12 52 8 158 58 8 7 23 116 44 41 415 14 44 59 65 49 78 15 29 39 148 92 48 20 47 48 586 37 1 4 26 15 15 2 4 173 124 101 72 25 8
0 38222 108 54 168 26 88 93 26 211 123 61 414 44 19 24 55 7 20 251 201 27 6 63 4 40 390 86 161 30 78 26 13 48 70 163 61 62 49 18 208 41 75 43 2 12 178 3 167 9 48 98 3 57 109 50 43 2 56 4 9 46 63 40 22 120 32 61 164 69 110 53 10 15 35 62 163 2 7 70 129 128 58 21 77 22 201 26 192 286 39 83 38 46 71 35 3 95 9 85 177 12 120 59 45 1 103 91 331 64 73 50 41 31 11 35 133 27 74 48 68
0 38359 87 55 187 8 15 38 28 110 57 134 212 86 54 13 21 17 172 4 113 71 228 6 178 91 68 5 70 7 33 98 4 200 4 15 71 5 93 79 68 90 137 118 138
0 38452 4 63 337 46 20 7 78 17 10 23 53
0 38499 622 53 41 2 141 5 363 68 128 67 256 30 218 188 19 7 26 38 152 103 43 71 55 41 65 19 160 27 272 53 62 30 66 49 67 57 245 74 119 16 9 80 191 20 10 11 133 159 127 70 89 86 31 33 34
0 38931 348 68 10 57 72 56 222 25 62 14 50 42 145 45 73 24 15 1 52 119 41 72 72 28 701 38 51 106 63 55 95 25 249 126 8 84 48 34 137 133 3 14 36 37 74 154 14 39 405 17 230 17 119 65 70 21 78 5 34 137 84 33 25 25 35 8 69 87 90 116 12 14 68 74 221
0 38990 13 19 245 16 46 68 81 51 56 34 91 60 43 20 157 22 34 13 102 34 473 13 167 17 206 23 160 25 96 7 112 53 134 64 120 19 114 11 1 39 49 18 335
0 39230 110 1 94
0 39233 79 154 149 50 16 23 216 62 13 132 10 76 26 78 53 45 119 53 69 70 83 168 67 62 109 97 101 21 25 5 44 1 5 9 160 51 40 112 124 206 103 52 42 2 53 58 71 6 31 17 34 21 189 5 223 26 49 90 13 111 9 30 46 4 136 115 190 1 18 44 56 70 219 8 251 16 122 3 29 1 89 138 42 55 55
0 39262 16 45 4 16 48 64 83 3 36 14 162 147 191 5 93 60 87 114 24 42 35 15 147 3 71 6 167
0 39678 34 25 127 12 7 5 176 48 28 148 14 3 148 5 39 27 203 49 37 52 217 11 35 40 84 28 11 26 33 27 423 64 109 15 49 5 116 53 51 47 82 36 65 7 1 46 108 7 57 7 252 34 17 34 106 72 67 14 27 27 78 66 42
0 40268 145 26 57 33 10 107 32 32 77
0 40335 22 2 97 98 2 142 11 8 32
0 40396 169 22 15 161 199 39 88 32 19 8 23 36 25 107 64 11 59 189 270 28 33 36 76 40 69 44 7 47 53 31 44 144 156 32 13
0 40510 92 19 158 37 6 16 44 12 41 68 16 4 195 62 76 10 98 22 66 56 50 55 238 28 33 137 7 22 152 108 7 74 67 52 77 19 40 12 17 46 1 11 112 53 67 62 14 19 93 145 51 90 291 29 286 31 80 71 83 18 198 55 35 110 41 87 6 23 46 15 91 3 230 8 25 2 228 45 46 30 459 14 119 36 9 6 19 3 71 7 17 33 7 23 129 76 247 3 65 41 81 21 351 69 9 141 60 20 14 4 11
0 40533 7 147 183 25 24 87 22 12 23 10 168 188 232 31 163 5 4 42 69 83 260 45 292 16 11 10 9 74 57 19 342 94 6 111 47 78 28 29 5 12 30 62 112 9 168 4 226 39 2 94 54 20 34
0 40675 88 87 76 113 159 12 202 20 21 38 112 5 68 91 104 50 64 19 162 33 837 8 58 157 141 75 313 22 89 89 357 23 99
0 40751 416 50 21 30 49 50 193 21 110 4 46 10 301 39 273 5 75 2 70 97 65 16 12 17 77 48 192 37 109 68 59 5 28 32 116 75 96 23 243 42 6 107 140 6 35 152 41 40 11 18 71 21 52 6 58 82 6 34 53 25 30 42 89
0 40837 195 220 7 14 294 109 116 13 110 34 64 80 222 57 94 84 5 19 27 17 76
0 40882 144 6 72 60 210 82 58 15 108 37 11 71 59 6 32 119 19 32 316 146 29 7 115 28 21 62 72 3 97 2 75 30 56 9 76 12 16 19 3 8 9 25 130 30 326 100 15 82 35 66 309 129 19 7 57 28 73 5 27 39 71 36 84 115 16 32 231 37 160 21 1 97 228 218 74
0 41082 242 55 8 86 132 36 147 6 81
0 41103 304 78 75 2 73 87 22 66 1 27 2 25 11 5 222 89 81 154 81 49 364 10 210 37 107 9 261 22 26 102 13 12 193 146 261 3 158 31 45
0 41645 129 26 65 41 71 31 34 12 213 4 41 24 117 59 36 25 5 4 163 5 31 3 164 24 15 22 13 32 70 70 170 5 67 9 19 83 38 34 104 33 49 28 20 54 119 10 52 44 185 146 86 70 172 8 4 20 89 12 172 16 271 10 73 84 54 48 152 108 39 62 23 24 55 27 159 16 442 2 58 18 215 30 115
0 42061 74 95 25
0 42266 25 25 4 13 310 71 40 16 246 44 261 1 7 41 209 51 3 27 76 27 85 107 295 30 27 9 463 133 7 60 54 52 48 47 17 6 261 38 304 159 15 11 311 96 41 69 44 21 98 18 36 128 161 1 20 5 27 32 28 17 110
0 42492 261 13 118 55 188
0 42886 217 15 203 27 108 3 77 37 34 20 22 56 47 103 58 169 25 19 80
0 42888 66 25 12 39 3 46 1 12 115 30 40 110 16 38 81 2 108 17 27 13 30 29 65 20 157 103 15 41 109 15 79 5 78 32 37 112 16 54 48 9 105 34 45 24 2 146 351 20 23
0 42929 52 4 89 160 148 13 76 91 26 22 9 61 54 102 148 3 12
0 43009 30 23 74 4 152 11 131 258 141 100 14 17 49 49 133 8 193 17 118 8 42 50 79 17 22 150 211 3 34 33 21 43 5 6 277 96 115 44 14 36 111 4 72 116 123 14 36 79 238 27 4 14 15 60 230 42 18 114 159 34 48 38 22 51 147 23 153 8 192 35 105 27 41 76 1 161 53 39 4 58 99 8 211 97 68 16 48 28 7 5 140 41 21 30 232 14 254 14 189 69 62 6 34 8 112 64 6 40 9 17 379 90 33 26 50 46 22 67 36 52 26 49 12 2 53 77 92 65 92 59 124 5 290 33 137 17 91 24 40 11 21 43 103 104 15
0 43070 169 50 241 47 8 49 188 2 38 10 54 74 416 111 89 105 85 11 119 100 61 139 377 31 35 67 186 1 433 291 82 19 13 2 18 31 109 212 65 22 323 117 127 13 82 33 182 10 24 122 3 18 69 54 167 145 160 19 31 79 15 124 18 18 16 1 165 180 130 6 1 41 77 24 2 25 305 39 260 27 70 21 65 29 180 15 142 28 14 15 29 97 76 12 112 23 71 24 137 22 63 24 50 15 99 6 35 3 28 93 96 13 71 6 83 41 16 32 9 3 47 8 41 1 38 62 132 76 9 8 41 5 141 50 316 48 19 122 14 3 217 9 279 15 32 26 32 18 29 14 63 16 122 34 22 221 79 16 170 10 63 78 74 45 17 11 86 19 459 76 221 36 190 103 54 39 51 26 46 16 33 94 37 62 7 74 653 52 53 37 95 8 139 87 28 136 22 10 6 36 101 149 22 11 239 90 78 9 286
0 43365 3 2 53 15 59 5 88 196 67 57 172 46 291 34 83 3 268 112 9 89 33 26 29 44 3 15 73 35 8 38 26 81 25 57 74 1 52 20 16 14 48 28 92 122 85 160 17 197 55 38 95 101 12 51 126 34 4 19 50 9 44 62 53 16 681 49 24 20 11 45 2 89 78 152 151 31 433 51 189 63 168 55 116 87 140 21 53 27 62 96 76 16 70 43 88 48 135 55 15 24 83 66 4 4 152 4 81 13 104 163 84 136 225 29 157 32 40 130 77 26 6 20 71 257 13 53 101 2 247 26 2 13 84 34 92 8 394
0 43440 264 16 37 53 410 105 8 40 45 50 33 74 116 71 53 35 86 78 398 7 26 17 203 19 93 4 133 4 193 90 104 18 199 95 29 113 132 58 102 35 130 62 9 102 123
0 43787 118 22 27 38 51 36 41 30 21 3 260 98 80 76 171 30 32 171 269 2 195 63 72 6 24 56 120 23 68 14 48 75 209 152 121 75 10 305 246 1 108 5 175
0 44028 76 31 124 7 24 7 40 23 73 49 94 39 83 119 37 20 219 160 73 21 181 45 88 59 17 12 37 5 185 37 40 35 45 74 73 27 20 90 27
0 44108 49 145 27 61 15 17 52 68 242 64 1 150 44 21 65 38 187 53 161 77 30
0 44284 308 3 273 68 273 22 71 49 28 44 50 67 29 15 21 63 45 102 249 73 135 54 33 59 149 26 157 6 156 34 202 37 76 80 442 13 14 4 5 63 76 163 123 14 48
0 44887 5 142 77 57 18
0 45086 18 130 245 231 6 29 57 95 111 10 15 1 202 17 38 186 109 86 245 1 51 227 120 18 70 4 154 3 265
0 45127 7 6 163 90 29 72 141 37 38 43 18 14 96 25 88
0 45229 6 108 133 3 30 114 236 3 69 58 386 47 81 43 96 14 119 98 6 33 208 20 215 61 145 61 78 16 122 22 67 29 6 43 272 32 15 18 127 16 347 53 44 16 26 115 124 6 47 62 130 4 222 46 53 21 57
0 45235 30 17 173 133 34 6 83 11 38 172 3 2 109 60 47 54 16 34 64 97 20 3 61 121 20 310 49 22 3 27 129 23 174 5 5 71 136 3 6 20 12 3 143
0 45418 7 2 5 61 12 4 1 16 338 22 7 57 63 22 177 16 15 9 43 44 8 84 25
0 45431 84 104 181 39 82 20 2 5 304 64 51 52 10 28 47 87 119 83 31 19 106 58 119 81 142 88 35 101 441 100 4 212 380 3 35 15 110
0 45798 149 7 269 39 36 176 132 80 16 1 282 155 17 116 61 75 173 19 134 86 143 154 105 22 109 78 155 48 124 48 68 15 92 6 15 23 504 68 6 46 212 27 119 61 59 22 119 76 67 27 56 25 227 24 32 3 193 55 27 4 44 33 237 38 49 7 62 31 125 151 81 10 37 19 28 23 156 20 75 177 221 66 26 5 137 13 150 16 15 13 36 6 13 36 99 8 39 23 49 18 9 78 15 11 13 17 60 85 101 127 51 4 16 28 30 37 167 293 56 61 18 3 82 59 22 107 52 2 32 51 122 11 27 29 56 58 158 15 226 31 18 134 17 146 143 100 75 120 91 13 156 102 18 1 52 76 4 82 67 36 42 9 128 18 182 66 3 37 29 113 15 79 56 3 36 46 48 54 28 15 165 14 9 47 113 70 54 11 109 83 4 19 112 60 115 3 71 338 278 151 107 16 20
0 46021 34 42 38 55 161 24 169 88 19 80 180 41 66 276 93 9 39 80 231 35 201 33 145 20 24 21 86 47 148 18 27 34 116 58 21
0 46053 66 113 55 10 77 45 24 2 31 109 60 33 495 8 64 72 95 31 126 22 77 30 57 14 389 60 108 14 56 69 56 20 149 77 119 156 13 18 9 7 20 49 45
0 46163 620 10 154 22 564 38 5 12 61 109 49 14 115
0 46179 229 185 35 18 62 1 38 38 268 15 52 115 235 123 193 28 41 70 365 70 23 30 46 28 183 1 288 33 10 19 15
0 46193 66 14 362 17 179 168 20 40 57 12 121 35 60 41 187 8 25 3 26 49 117 10 31 39 246 172 24 20 16 25 226 50 305 83 70 24 303 3 146 40 63 36 12 66 144 40 77 16 48 61 12 140 30 3 44 125 63 3 197 34 91 44 5 109 209 30 2 20 74 61 20 52 299 116 26 16 175 25 13 125 24 123 71 39 63 29 14 24 227 56 130 12 98 12 4 11 65 8 94 29 47 117 11 3 259 11 22 3 165 24 5 33 137 9 162 22 153 17 78 42 2 34 144 47 100 15 41 28 270 21 77 26 69 3 3 2 109 29 720 97 16 4 22 14 53 30 1 36 55 79 20 6 7 38 67 9 109 85 231 76 172 11 127 3 154 43 70 83 113 14 69 19 179 5 102 20 95 49 45 20 22 10 109 42 214 41 17 50 162 2 21 89 174 120 57 32 2 228 98 51 460 8 111 115 359 7 128 89 82 164 19 29 103 75 29 67 38 48 13 22 201 11 34 79 118 35 34 15 9 2 152 9 106 30 23 29 85 11 51 13 40 131 251 20 50 22 130 2 163 211 86 71 38
0 46265 9 29 107 31 15 33 20 57 2 35 19 14 109 45 23
0 46273 26 15 87 145 139 66 74 15 42 15 48 6 57 8 60 5 149 181 14 87 7 18 84 60 21 19 49 6 27 59 238 89 41 14 28 66 88 48 9 46 81 60 28 36 134 16 20 15 205 22 29 323 396 57 141 48 58 19 8 17 74 97 244 12 45 18 269 67 55 52 74 90 16 105 17 11 113 3 18 17 29 60 64 62 349 10 46 37 84
0 46274 495 3 193 14 49 62 166 67 13 82 154 32 161 34 80 295 370 38 120 21 151 2 180 24 217 81 133 19 4 15 154 239 5 3 36 14 160 83 12 7 167 127 212 11 15 41 136 36 10 45 116 59 404 21 121 161 24 2 7 45 82 41 53 170 7 70 4 229 446 61 183 38 69 29 67 1 31 4 17 26 15 44 134 10 165 5 149 21 18 163 93 67 42 9 336 16 115 83 22 24 170 97 65 14 148 51 450 114 93 83 142 70 43 21 286 108 16
0 46480 128 20 282 69 91 91 249 24 17 106 22 29 42 95 30 10 60 49 143 117 40 3 48 54 127 6 125 9 80 26 6 32 99 1 147 18 42 21 94 13 98 53 24 32 76 2 134 70 97 6 96 34 60 66 1 14 51 68 157 56 19 18 90 6 46 220 66 9 119 71 307 1 56 98 158 100 6 46 80 6 9 17 62 42 60 129 127 35 543 30 31 4 337 106 39 48 135 57 39 23 59 88 212 53 42 26 7
0 46599 29 11 103
0 46688 9 49 18 22 126 60 29 53 12 28 89 92 15 23 4 23 334 11 22 24 4 12 121 41 13 42 73 40 73 11 157 40 20 8 313 46 5 12 6 28 81 55 76 3 16 6 25 85 4 59 45 140 87 118 24 55 9 52 211 48 541 183 196 112 343 9 199 119 60 50 52 18 23 15 179 20 14 8 56 7 170 26 57 55 16 20 283 171 52 145 153 319 48 226 150 5 5 11 296 4 82 10 76 17 66 3 3 36 27 77 113 64 26 16 63 22 20
0 46837 142 26 88 56 219 31 70 96 31 32 23 139 140 14 34 19 6 18 66 17 134 130 339 90 141 5 221 87 189 24 197 12 149 4 53 45 68 11 214 4 60 11 2 6 208 14 62 131 82 365 323 128 335 13 29 91 98 43 363 11 98 39 163 44 171 6 77 74 129 202 108 29 46 41 218 22 54 7 59 75 118 34 70 2 153 6 320 9 167 210 4 94 101 36 43 57 106 16 11 26 12 21 169 44 35 17 43 56 42 22 77 48 44 59 99 29 59 15 100 41 330 60 46 6 57 32 55 61 14 83 38 70 302 47 45 46 38 34 30 58 208 65 27 302 116 12 76 116 18 225 116 186 23 28 31 7 72 34 7 61 80 26 122 28 138 7 12 8 133
0 46870 85 134 444 5 223 45 31
0 46985 100 33 45 96 117 56 60 105 232 13 49 19 44 6 109 169 194 37 145 69 155 26 472 10 205 69 193 48 68 88 55 36 185 12 230 37 64 36 185
0 46991 1 92 161 153 115 12 106 26 31 13 68 44 360 47 45 32 91 84 427 20 11 155 339 6 96 173 310 38 80 31 47 92 5
0 47065 216 9 3 42 62 41 9 73 37 72 22 62 17 37 54 65 173 8 54 15 46 9 43 69 10 8 113 59 11 1 182 64 22 50 125 111 60 25 76 26 105 28 58 18 62 37 17 6 1 81 37 19 116 29 191 19 30 131 106 53 6 62 102 60 6 15 42 36 167 86 40 1 75 172 19
0 47292 73 56 237 136 242 140 52 6 105 38 47 67 68 4 11 14 25 20 62 59 94 11 158 127 101 9 87 1 93 9 44 21 71 7 67 70 116 21 1 49 42 4 105 1 57 4 509 46 4 27 132 32 27 82 107 15 13 7 42 37 188 14 14 26 249 90 32 117 53 25 7 40 38 34 202 41 76 35 9 97 117 32 35 17 49 15 221 79 17 55 173 17 216 49 32 73 33 5 47 55 43 13 46 172 201 5 318 37 34 22 335 5 58 4 164 14 15 57 128 62 80 33 24 3 21 33 68 36 12 21 68 120 272 112 31 46 25 46 75 32 91 29 39
0 47350 11 84 65 50 1 49 31 49 251 164 309 23 170 42 266 2 72 5 10 10 30 48 158 14 99 44 62 83 61 27 347 28 21 3 40 54 4 23 365 1 76 49 181 16 74 131 155 13 104 82 73 22 14 152 183
0 47413 66 28 229 5 174 37 51 35 288 63 60 62 44 2 156 89 276 45 49 63 87 79 357 71 8 105 219
0 47825 71 96 49 11 110 215 76 35 156 11 121 30 142 63 89 11 397 71 51 11 221 27 41 11 38 55 352 5 324 46 6 3 169 12 9 65 130 4 20 143 65 6 24 270 117 146 112 30 91 2 16 84 18 7 396 35 49 96 206 107 122 4 46 34 12 111 182
0 47912 347 47 144 34 6 57 207 154 334 27 151 5 217 115 22 67 67 403 240 114 114 8 180 28 34 67 57 20 29 96 19 16 105 73 51 20 9 71 114 48 128 183 26 35 176 12 169 20 4 84 50 6 71 24 28 20 108 71 56 36 146 2 12 91 96 30 14 57 11 4 16 214 42 76 143 24 250 23 84 64 61 36 93 20 174 17 30 18 14 6 8 56 66 8 102 86 120 227 38 15 279 34 16 35 54 16 11 53 44 74 45 61 62 57 29 151 47 1 7 103 88 34 347 71 123
0 48187 285 2 31 125 260 47 81 1 204 43 236 78 212 18 56 164 35 117 72 64 108 40 132 15 73
0 48396 267 243 383 55 273 22 29 100 28 2 161 19 1 29 28 37 69 44 321 74 10 8 13 7 385 105 3 42 71 7 19 17 50 24 31 13 66 9 7 42 272 2 109 14 23 91 134 71 90 141 263
0 48613 33 43 15 55 76 58 112 33 151 14 113 5 72 27 18 98 30 110 7 13 37 86 74 25 204 37 209 157 129 68 10 113 2 54 77 34 1 64 98 165 152 70 102 4 95 98 17 170 59 116 220 30 37 51 72 33 99 75 161 2 57 64 212 8 19 105 136 92 50 2 2 20 205 39 13 71 168 44 15 13 114 15 115 75 212
0 48725 272 112 22 23 17 63 5 22 305 35 17 149 115 141 232 22 14 74 20 60 73 62 36 11 145 58 79 47 27 103 131 75 101 71 3 86 10 3 10 185 2 26 62 63 108 85 182 8 5 130 18 17 31 8 271 61 250 74 88 4 294 252 41 56 191 37 47 58 231 55 1 63 141 96 114 81 68
0 48937 36 1 72
0 49491 55 13 38 103 257 111 44 58 100 122 75 15 82 84 139 56 284 52 77 48 24 49 123 15 90
0 49555 122 57 124 43 23 8 110 7 38 119 375 16 73 22 94 6 1 146 396 102 5 13 56 6 93 8 123 85 128 136 131 66 16 218 22 60 17 54 33 6 3 5 71 46 69 39 391 34 147 13 129 59 9 147 53 7 82 23 2 16 12 11 272 21 46 9 244 51 53 6 154 36 83 17 39 19 17 12 117 56 6 52 377 64 215 21 227 51 85 21 42
0 49614 12 62 7 36 155 4 191 95 42 95 181 32 82
0 50094 88 32 31 38 71 74 5 42 52 63 28 3 80 2 74 51 57 7 226 54 104 18 54 2 163 10 48 65 316 17 114 165 103 20 64 20 100 2 428 64 115 71 34 20 818 175 282 1 351 15 38 21 130 43 128 1 58 85 6 12 185 17 100 5 57 44 215 35 173 34 28 49 56
0 50928 19 5 108 9 93 37 24 37 130
0 51223 86 122 53 43 13 9 126 21 8 9 425 11 144 49 86 105 77 150 134 13 52 74 276 6 263 41 84 76 138 171 98 148 44 45 152 71 56 173 48 118 138 6 31 57 16 69 1 106 363 10 17 20 141 35 23 59 38 100 87 29 20 6 188
0 51332 37 8 218 64 77 38 9 142 13 20 316 12 189 42 111 32 39 136 174 138 6 95 34 12 159 21 31 25 150 18 501 5 110 3 15 11 58 58 172 3 21 85 34 98 105 4 114 23 9
0 51602 14 75 28 39 336 35 78 1 8 2 244 5 51 70 94 1 29 27 45 26 56 84 116 38 89 45 213 52 32 5 79 237 132 13 53 41 56 90 94 38 5 35 242 18 20 44 62 17 85 3 72
0 51678 2 7 109 44 14 35 219 17 49 27 73 38 481
0 51832 4 37 168 23 61 95 59 10 125 74 200 12 50 69 23 32 104 40 162 38 9 14 24 89 34 24 513 38 9 87 34 34 41 33 87 52 31 20 60 203 53 30 13 119 4 114 79 112 136 25 37 86 280 12 13 81 104 65 406 48 57 119 144
0 51984 57 5 23 178 124 73 95 39 55 13 15 65 48 107 136 217 67 101 44 40 84 26 6 3 141 54 103 243 63 124 29 201 150 7 343 46 57 37 138
0 52138 140 9 93 13 23 69 63 64 39 42 198 34 147 3 115 141 260 85 124
0 52263 94 21 121 7 82 120 350 64 31 96 174 2 252 2 91 91 4 25 18 20 28 87 21 15 415 41 130 48 446 34 38 17 84 3 76 42 20 111 69 8 218 15 52 35 88 7 430 25 44 50 78 77 77 118 143
0 52401 24 44 385 14 189 143 67 64 67 22 68
0 52500 147 28 12 80 119 27 12 39 110 108 76 46 1 50 27 344 18 20 20 38 31 32 116 98 103 63 171 5 182 28 36 41 31 34 41 13 39 60 31 38 50 16 24 15 9 64 26 36 65 47 185 127 56 76 73 17 29 11 100 31 57 24 75 7 83 5 34 150 206 7 145 13 44 1 165 33 247 5 32 60 62 52 10 60 45 6 44
0 52568 101 2 199 49 30 68 185 2 134 56 86 99 111 70 18 26 11 68 96 74 47 1 34 17 186 42 115 3 103 75 99 57 40 22 269 48 49 172 134 52 147 6 100 97 28 32 11 31 19 108 36 69 83 11 41 42 91 6 13 38 58 9 85 41 49 136 87 9 50 20 18 12 146 11 92 134 70 9 3 16 327 19 74 75 290 12 37 47 162 1 152 21 41 60 2 95 43 4 24 58 33 48 3 59 15 4 19 20 5 22 67 21 2 14 348 99 38 75 59 139 92 45 51 24 33 79 63 259 330 168 20 50 136 17 38 103 1 128 132 25 166 10 9 6 82 16 87 40 56 2 46 5 46 130 28 162 197 40 42 21 31 13 64 4 156 32 136 16 36 177 19 60 125 8 34 30 134 94 47 54 134 68 257 45 314 121 3 5 5 46 258 58 185 20 102 46 82 25 164 14 19 48 181 41 80 3 68 22 839 196 70 19 42 72 35 14 21 40 8 1 29 11 76 11 58 40 4 26 51 1 324 25 81 90 176 48 16 10 33 108 169 12 94
0 52599 184 20 93 46 60 51 3
0 52704 223 25 129 346 26 48 26 97 14 13 9 91 68 83 145 63 329 24 86 93 45 53 78 48 21 93 58 54 88 33 39 9 197 37 46 2 119 212 10 13 49 2 20 269 21 38 135 31 50 112 162
0 52758 32 62 178 8 107 112 107 16 17 94 12 17 17 21 153 80 116 2 64 1 2 28 351 17 4 26 140 195 280 40 41
0 54124 439 108 136 45 93 52 102 68 67 50 25 181 60 2 293 28 19 60 96 58 22 8 54 10 19 55 516 27 12 3 205 91 208 39 10 40 51 5 111 57 215 60 34 104 23 20 8 92 1 44 130 36 73 14 4 13 5 29 11 75 255 3 149 11 78 143 74 40 32 33 295 10 71 35 49 18 154 16 36 4 3 40 56 90 21 18 12 8 19 10 18 44 151 29 164 55 74 106 49 71 108 26 89 37 55 17 89 75 57 9 254 53 86 7 50 150 14 73 19 158 148 76 29 6 27 56 213 254 125 16 23 66 230 77 44 50 36
0 54181 175 141 165 41 91 115 79 4 82 3 264 42 56 19 14 176 40 17 67 157 37 40 222 1 301 292 58 2 189 66 100 65 357
0 54356 102 74 68 56 22 24 28 43 274 182 191 39 373 9 39 7 92 48 67 31 240 45 94 96 11 246 122 66 55 5 136 12 9 35 118 5 71 1 146 110 4 106 146
0 54578 184 17 163 84 75 61 147 1 73 17 24 42 104 27 32 20 1 2 39 14 58 36 64 65 21 81 99 59 113 44 31 70 126
0 54673 11 15 7 18 61 44 297 56 14
0 54718 115 96 34 3 55 5 111 66 29 72 516 14 72 4 178 8 149 33 14 29 124 76 186 22 219 82 12 59 276 42 21 8 84 23 44 43 50 59 6 13 59 13 113 42 216 11 112 3 43 14 105 30 3 45 105 57 151 52 114 61 384 21 33 220 33 77 164 40 287 118 211 41 170
0 54802 693 49 125 41 25 66 184 39 16
0 54898 8 16 186 27 17 40 12 38 98 35 126 38 394 24 29 17 112 83 28
0 55025 176 18 224 19 223 1 94 29 137 24 106 43 42 6 77 123 103 16 231 101 23 26 116 82 70 71 38 22 116 20 77 141 5 42 210 94 126 63 131 19 46 20 383 94 52 33 143 27 3 34 44 32 122 80 54 98 21 17 180 41 178 17 18 38 25 96 23 10 17 23 143 58 261 24 64 24 105 73 140 113 40 83 70 70 28 93 95 62 86 25 141 16 56 3 124 24 92 14 80 37 14 3 55 5 48 38 17 7 120 122 342 33 1 9 91 10 56 81 185 35 2 149 475 57 3 68 266 61 69 49 145 62 315 29 106 62 10 13 15
0 55148 74 67 44 106 135 52 235 17 35 33 140 44 411 54 36 51 14 44 39 109 15 6 283 31 321 104 57 43 46 119 153 89 86 49 43 84 74 78 95 40 104 8 67 133 156 38 37 4 105
0 55193 37 75 145 50 49 13 83 233 45 33 265 11 19 32 4 55 146 2 282 36 15 27 44 36 35 15 122 9 69 32 67 53 263 22 93 46 4 58 2 28 26 12 61 4 646 14 7 125 681 24 114 53 332 13 58 1 181 34 92 33 42 100 310 116 381 46 21 38 22 53 49 75 92 3 91 48 67 4 90 25 88 40 46 34 337 92 126 27 21 46 12 7 38 103 66 3 38 50 3 45 30 28 1 5 32 19 102 11 131 3 106 38 15 128 79 54 44 30 231 27 28 102 7 42 148 7 15 28 38 41 11 25 101 63 217 43 32 19 99 83 27 10 3 74 177 4 82 2 16 14 146 19 29 3 245 37 36 2 95 38 438 27 91
0 55270 51 39 5 6 202 10 182 50 82 5 69
0 55508 61 3 299 13 7 54 7 183 123 78 79 6 28 12 43 19 287 8 23 26 1 56 18 2 81 1 96 1 227 20 119 23 11 10 415 19 116 213 142 25 30 22 40 44 22 274 3 89 5 16 50 115 15 126 46 3 354
0 55540 136 48 104 22 11 42 154 22 84 5 313 25 6 44 144 132 46 167 159 8 130 85 14 30 152 8 128 10 76 12 30 5 42 1 42 91 14 77 24 39 186 130 110 3 10 52 134 67 10 6 139 28 149 119 8 46 37 25 365 57 722 23 328 40 6 26 181 58 57 26 355
0 55661 3 13 28 46 29 2 4 36 21 25 84 162 135 60 134 3 53 13 13
0 56539 181 11 39 59 47 10 12 123 48 25 135 34 88 21 59 16 69 7 15 3 4 100 222 73 66 44 12 15 88 33 244 28 301 17 60 71 70 4 272 6 38 19 52 9 100 29 53 5 79 48 11
0 56616 8 29 303 64 6 37 284 2 69 34 28 116 25 56 5 97 98 6 86
0 56692 4 13 70 27 71 15 107 4 36 95 79 37 104 43 118 129 299 22 155 75 3
0 56808 21 25 54 10 193 18 139 60 168 34 22 9 29 45 73 18 171
0 56862 315 33 229 10 11 69 108 9 2 16 23 25 317 9 106 16 82 173 326 123 60 37 306 3 27 39 20 142 487 1 27 68 445 82 40 119 128 168 107 14 165 133 111 13 134 4 256 94 1 9 170 52 117 42 46 52 11 19 88 25 135 1 17 32 63 73 60 136 41 22 17 5 51 53 25 21 54 20 9 119 18 40 109 28 215
0 57208 43 11 12 13 21 42 270 56 99 47 22 6 33 123 95 16 114 45 59 18 36 13 66 56 72 21 72 26 80 6 89 87 2 45 35 13 15 26 73 4 27 7 181 42 150 2 41 120 77 31 209 58 110
0 57247 52 9 146 5 39 14 86
0 57362 12 108 80
0 57514 26 11 58 23 116 183 3 24 70 6 5 143 41 68 71 19 206 44 222 9 19
0 57661 1 34 367 113 16 10 141 72 19 24 55 29 113 32 36 9 94 26 242 5 76 180 490 28 1 80 42 58 17 30 66 13 45 3 137 76 39 35 816 185 511 11 35 38 8 7 4 5 47 7 164 43 7 2 275 5 25 16 179 33 8 70 167 68 93 63 94 113 64 19 230 101 9 99 44 19 141 100 32 39 292 107 157 8 65 71 103 134 26
0 57943 111 11 136 39 184 2 193 90 190 12 50 9 164 20 77 58 13 25 244 51 27 13 43 197 117 9 338 51 5 25 30 96 4 28 10 21 129 16 59 177 61 19 210 22 119 165 116 15 305 46 10 7 78 13 88 213 184 33 25 90 64 74 47 31 162 4 28 82 245 136 19 23 36 33 98 1 38 19 131 35 85 64 134 14 53 104 25 43 93 51 35 62 99 120 63
0 58235 68 32 112 18 74 60 271 41 15 72 279
0 58403 198 10 199 72 185 19 68 1 197 43 40 50 210 66 5 131 51 11 31 23 9 20 55 36 30 11 4 58 74 60 4 42 22 25 70 48 59 11 86 52 152 1 218 44 76 3 43 91 187 115 1 144 460 38 388 77 49 37 78 101 43 34 114 7 10 2 154 41 31 5 28 28 176 34 13 17 220 29 60 6 153 6 421 60 62 28 104 14 4 61 46 30 20 10 85 102 160 15 158 159 92 53 141 29 94 125 70 149 12 27 5 35 22 78 36 9 13 79 8 55 180 58 19 8 7 46 155 43 36 27 138 17 65 23 27 13 230 19 14
0 58537 142 19 13 5 16 62 1 13 69 11 234 50 98 1 136 189 13 46 71 28 8 51 34 2 23
0 58542 42 1 188
0 58895 14 108 146 59 127 26 63 11 35 69 24 19 14 53 90 119 54 44 208 12 47 6 75 7 57 34 33 20 3 68 65 2 2 6 64 227 233 209 188 21 148 3 225 91 164 9 22 10 89 123 70 33 99 41 7 19 149 56 48 12 137 77 1 70 258 27 42 27 102 74 61 145 96 2 24 41 4 53 18 239 53 2 157 74 17 41 61 116 142 58 125 61 165 83 84 31 160 10 96 100 47 14 108 32 12 41 64 64 361 31 44 22 243 30 247 27 42 29 349 24 42 1 219 42 26 56 111 1 121 44 2 116 35
0 58939 10 95 212 32 39 101 42 21 6 10 162 16 182 2 20 5 7 77 16 16 75 91 121 83 293 70 185 16 33 72 146 3 66 74 70 3 12 39 12 206 5 27 35 7 33 2 79 10 354 69 87 58 58 115 49 15 3 19 138 235 104 3 121 77 159 24 18 5 243 10 54 31 1 12 24 57 83 3 62 41 401 58 222 37 128 2 39 5 178 24 38 59 80
0 59180 13 181 26 7 71 9 46 91 40 10 20 78 14 15 117 47 102 13 60
0 59537 3 23 46 31 148 19 147 8 107 46 123
0 59577 112 63 142 58 43
0 59578 58 57 39 11 2 93 42 30 112 9 113
0 59603 208 8 24 17 146 80 241 15 161 36 100 90 216 7 53 84 81 155 51
0 59950 66 74 20 15 153 21 15 21 144 218 28 8 101 42 33 87 382 15 365 91 351 38 12 4 52 2 93 25 54 94 23 11 277 139 108 25 26 259 38 14 1 48 20 8 27 15 187 31 74 5 152 113 6 28 134 135 141 21 57 13 49 16 203
0 59982 9 3 59 66 98 12 68 51 260 16 68 91 132 12 25 14 50 12 87 53 24 13 72 5 88 75 128 59 84 107 99 54 51 133 152 2 60 78 465 10 74 10 139 20 153 145 16 70 134 94 47 46 96 62 9
0 60010 30 19 119 21 30 26 4 39 87 30 100 29 196 175 47 44 6 9 30 16 52 160 352 7 7 22 267 6 296 28 130 39 319 169 14 62 46 99 223 47 134 3 24 18 24 26 38 96 5 32 158 9 58 34 171 2 3 9 46 112 97 21 87 20 309 17 13 47 156 25 67 20 145 82 24 52 3 45 208 140 206 8 213 115 45 23 21 77 217 10 7 27 161 25 42
0 60029 122 41 8 23 87 114 66 295 242 74 82 32 8 23 150 83 135 62 181 7 249 10 9 18 7 52 167 71 184 6 10 9 4 46 475 39 38 22 103 22 12 78 30 54 121 29 53 90 79 25 11 86 50 37 175 9 49 25 203 154 416 5 243 135 32 39 430 141 6 83 8 10 80 21 11 66 5
0 60030 7 33 210 45 39 23 49 12 85 47 173 4 40 43 293
0 60706 84 85 87 12 51 90 360 25 184 18 154 17 449 63 11 28 31 12 37 17 54 15 3 5 40 24 321 77 85 17 23 23 79 24 94 3 238 56 208 84 54 10 201 1 90 42 12 41 164 100 197 20 8 12 28 11 127 30 148 248 20 26 61 46 164 13 235 47 14 45 48 78 12 18 60 38 27 88 10 2 187 39 31 36 1 23 170 4 27 50 29 25 4 27 25 7 124 10 21 2 265 33 8 3 522 9 22 51 307 10 140 64 197 2 479 1 52 45 152
0 60837 25 69 55 70 61 23 120 25 5 15 33 2 119 71 172 32 5 37 97 5 43 64 70 13 52 15 10 64 72 40 31 137 309 49 12 48 26 26 34 3 177 22 25 87 20
0 60866 89 122 10 114 17 65 3 10 86 38 77 19 83 60 67 26 50 3 160 76 94 82 8 4 60 23 234 155 56 68 16 54 111 36 79 152 237 20 208 49 72 53 51 169 216 8 143 8 114 24 98 5 102 55 37 70 130 5 48 26 578 67 115 7 12 72 67 30 149 111 113 16 60 27 73 80 55 187 47 77 15 3 455 19 5 141 35 7 48 7 65 7 31 89 540 117 63 25 115 47 59 21 31 62 160 224 308 146 45 31 69 174 224 8 113 82 41
0 61217 172 42 88 37 48 23 17 41 8 89 156 42 231 66 53 29 105 22 87 65 18 17 17 3 17 24 108 143 179 10 15 18 54 49 16 8 74 96 95 30 15 24 17 146 215 62 78 59 10 123 5 43 29 20 61 39 45 195 172 26 80 47 139 86 117 87 189 12 69 5 68 20 210 13 197 1 47 4 8 16 130 15 202 308 153 53 33 4 15 3 81 6 32 49 68 8 21 30 20 143 131 56 38 47 58 33 9 35 174 63 102 23 107 12 44 44 5 5 1 68 166 5 29 109 2 84 199 51 2 232 44 26 19 24 242 134 119 53 110 16 385 60 161 55 31 5 6 34 27 4 143 9 383 13 142 1 25 27 379 1 219 69 257 4 104 8 154 95 220 10 32 137 141 16 377 7 53 22 58 17 297 87 174 16 26 111 100 181 163 39 93 10 56 40 80 94 55 20 121 70 62 16 134 115 49 15 94 130 196 32 212 170 184 84 51 32 14 99 104 50 55 55 59 28 123 83 9 8 4 25 73 5 18 1 121 41 167 66 78 78 310 6 161 14 94 25 77 108 63 24 77
0 61729 50 54 147 4 149 103 44 26 88 19 164 29 114 34 156 20 170 61 58 38 64 7 8 11 136 26 313 65 113 229 82 22 53 54 93 6 9 22 66 5 8 57 5 257 48 14 111
0 62006 512 26 8 3 339 35 21 5 119 16 185 52 262 68 75 75 15 42 10 35 165 4 268 13 47 5 131 83 31 31 18 60 64 161 22 30 87 51 104
0 62089 87 9 176 180 48
0 62160 44 59 47 190 68 25 213 8 14 41 145 26 116 91 10 31 126 34 27 36 75 169 257 29 176 13 117 50 25 25 2 58 104 76 32 119 225 81 4 34 141 90 195 52 39 22 48 14 76 113 27 79 14 122 288 3 96 48 87 72 27 113 2 70 28 3 11 53 42 31 1 43 67 84 485 52 154 11 57
0 62420 53 6 18 9 92 52 541 30 8 101 312 17 12 210 61 16 418 30 38 74 25 32 89 43 156 14 2
0 62435 14 47 145 44 3 64 136 118 107 205 100 127 59 149 218 28 2 194 5 38 144 73 184 82 2 13 14 60 217 117 34 56 19 260 24 42 14 138 100 69 36 6 11 82 37 56 70 65 89 43 97 27 12 136 23 13 26 31 26 37 142 25 31 81 148 38 41 43 56 3 79 49 138 66 107 14 4 62 85 4 41 39 77 80 28 18 9 26 815 44 27 1 201 1 319 25 67 21 83 62 1 68 242 26 72 58 51 31 76 2 142 33 5 31 218 11 226 58 12 9 13 41 56 54 30 52 119 21 53 6 126 124 49 271 163 23 13 57 63
0 62436 314 31 5 160 125 43 82 21 34 21 38 6 75 84 166 6 88 48 158 38 90 28 30 16 33 6 70 5 510 1 45 12 40 37 40 14 24 94 118
0 62864 92 8 32 53 28 12 11 100 80 47 50
0 63075 56 26 253 338 2 7 57 29 257 117 1 18 233 75 49 6 207 20 105 4 3 4 17 68 98 3 191 9 6 211 1 10 72 78 154 43 20 41 61 76 54 52 86 93 29 11 58 114 135 32 43 1 42 54 92
0 63338 123 5 34 92 211 11 110 207 10
0 63609 37 5 104 42 108 61 39 31 177 5 174
0 63693 59 142 318 57 136 36 153 77 292 25 92 18 95 51 14 207 38
0 63999 9 58 49 53 47 22 52 26 64 49 1 6 288 8 85 128 23 52 11 111 10 4 16 33 203 22 156 5 164 64 131 17 11 99 149 39 127 21 43 129 288 10 58 14 168 35 16 1 46 50 52 51 118 26 263 6 200 69 20 36 111 298 23 98 99 3 172 75 15 44 138 36 170 33 174 11 309 84 10 12 157 36 74 101 160 15 44 108 52 8 152 4 130 62 26 43 115 23 202 65 55 13 28 24 85 80 89 44 169 19 58 31 59 28 22 143 11
0 64019 3 53 197 55 67 19 264 28 120 18 75 16 73 2 160 60 23 136 65 51 100 71 251 1 2 3 356 51 164 13 1 25 58 19 345 89 22 33 22 35 36 3 9 21 29 53 155 58 19 36 129 22 356 59 39 307 269 73 73 40 43 25 31 21 216 21 8 21 29 63 111 89 219 111 182 36 66 3 34 13 22 46 93 81 103 148 29 71 241 5 139 30 375 26 25 2 37 131 69 54 71 203 81 31 49 9 91 74 316 8 4 54 54 20 36 18 50 29 6 74 47 369 82 13 70 90 43 30 67 63 116
0 64841 373 75 18 18 198 5 44 41 27 51 397 172 511 55 6 12 2 33 363 74 57 4 264 10 61
0 65189 237 17 172 87 94 48 243 115 16 14 18 55 74 64 5 12 352 53 297 17 11 6 125 15 15 108 347 99 12 140 51 42 217 118 131 45 394 86 43 29 21
0 65239 59 136 168 18 14 76 494 90 40 7 96 60 25 123 45 9 182 78 169 52 41 145 61 1 71 56 71 62 27 19 8 11 28 28 106 34 29 34 56 61 27 60 5 55 29 1 76 33 148
0 65400 118 109 59 62 65 33 79 94 77 54 30 32 207 2 16 48 6 2 120 29 16 33 7 102 283 72 9 8 205 33 145 39 33 4 59 74 118 17 61 80 23 18 5 15 157 13 1 107 24 20 63 11 134 129 15 11 496 63 21 59 107 62 376 62 2 28 192 92 366 61 15 88 10 58 110 48 35 71 11 16 112 6 99 27 6 7 75 50 129 26 70 20 16 33 122 42 32 5 152 9 65 118 47 148 2 7 2 32 41 47 66 19 123 27 27 27 261 68 149 26 3 32 55 2 57 50 20 92 27 87 20 14 90 2 47 175 222 133 8 64 60 27 10 38 37 45 43 39 340 24 287 73 85 12 214 2 77 47 197 2 40 25 122 23 91 6 66 1 109 66 47 86 275 30 1 5 122 60 2 60 41 33 46 51 197 2 257 31 106 37 157 7 153 7 202 19 78 5 4 13 64 11 107 40 38 74 204 37 11 17 79
0 65611 110 58 61 39 35 34 29 79 68 10 74 37 135 24 37 24 39 40 210
0 65929 176 3 3 54 109
0 66089 38 176 12 75 16 8 40 116 40 33 41 44 16 15 28 14 71 83 32 25 11 6 78 39 55 8 19 26 37 50 4 62 50 92 9 18 69 5 58 70 109 7 6 22 63 20 45 78 67 28 36 77 82 3 100 8 221 53 223 98 139 38 25 17 23 11 64 21 113 79 99 25 89 31 162 30 178 12 132 81 20 21 46 50 143 91 19 40 67 102 28 21 4 4 189 83 29 85 269 1 26 32 40 157 248 12 322 99 38 66 228 36 40 118 42 152 12 14 145 14 52 65 30 3 105 58 106 6 170
0 66222 221 79 79 56 284 1 169 3 459 15 95 19 224 2 36 10 20 128 131 123 21 225 146 18 47 14 56 136 107 9 6 23 51 98 24 106 2 4 149 10 144 3 88 77 1 5 55 28 128 21 16 33 143 9 83 46 12 32 30 9 1 165 145 44 112 67 19 113 6 50 20 49 311 14 118 8 99 38 3 123 258 28 91 31 256
0 66306 4
0 66356 63 79 91 6 20 98 77 86 128 16 62 22 75 98 146 66 250 15 9 36 10 77 18 37 97 214 101 77 42 9 351 16 58 22 116 39 44 9 146 4 1 18 113 2 172 52 107 33 2 7 46 25 58 57 30 104 90 47 79 132 14 40 4 26 85 65 95 45 187 8 102 68 77 25 2 119 187 30 54 10 92 26 77 2 95 13 12 38 47 71 215 43 260 16 75 113 78 73 32 22 132 94 108 28 1 63 121 9 137 8 68 26 71 6 30 29 2 70 91 26 26 43 113 9 189 58 8 31 134 5 186 27 177 29 92 14 34 5 16 60 182
0 66491 179 24 66 66 81 16 39 60 120 188 178 7 34 134 83 9 115 1 19 81 183 13 47 71 43 71 13 37 16 57 43 33 220 34 34 70 47 99 211 122 65 27 33 20 292 20 32 5 134 47 100 7 50 1 132 34 118 76 76 41 20 23 548 5 66 115 19 6 30 248 158 106 84 143 9 8 207 63 48 14 36 29 182 76 281 18 181 140 1 38 211 41 1 6 241 80 10 64 53 8 76 66 79 17 108 35 97 27 22 3 54 30 127 35 124 35 26 29 9 6 4 286 48 69 16 3 95 5 7 75 184 58 41 23 131 180 113 62 68
0 66552 57 137 136 34 102 81 121 80 85 4 7 2 34 4 150 32 40 14 35 10 51 4 10 58 5 16 50
0 66603 142 17 20 21 153 19 204 32 95 76 26 20 233 36 74 8 18 40 63 23 581 66 58 42 209 54 173 53 211 10 40
0 66696 56 30 6 53 114 104 106 9 85 43 208 100 73 16 134 64 28 72 63 74 3 8 25 193 20 83 270 93 10 81 8 25 28 23 43 104 21 27 37 87 8 6 14 12 80 38 114 35 100 117 93 4 106 10 193 126 191 21 199 140 14 24 42 4 127 40 54 29 116 68 151 24 61
0 66745 37 67 80 21 14 50 47 35 24 84 88 25 35 25 204 17 117
0 66831 112 2 14 10 9 19 66 7 85 20 33 72 75 147 49 19 41 28 7 104 279 60 65 22 28 10 39 117 141 90 51 3 11 21 214 22 25 166 79 80 93 35 486 19 10 1 138 36 44 6 141 94 38 108 134 32 114 88 117 48 130 4 101 5 62 19 151 78 61 8 395 6 102 92 108 4 67 14 4 82 18 48 164 14 61 140 48 17 53 54 180 56 203 258 5 50 73 42 45 59 11 136 124 169 5 36 295 63 307 26 117 20 209 17 15 40 120 154 120 144 56 25 81 21 128 25 129 39 50 14 97 120 40 3 58 40 128 9 45 52 35 53 222 26 78 65 34 4 20 25 92 21 13 38 57 74 83
0 66854 44 13 79 125 41 50 49 93 20 23 82 65 62 80 8 21 80 96 54 33 63 27 134 127 8 45 5 32 110 40 71 183 50 3 68 9 79 35 136 3 79 116 48 129 102 41 82 16 129 14 103 117 63 6 55 305 147 17 41 140 4 3 7
0 66874 409 115 21 65 45 156 42 7 26 17 226 37 259 140 112 87 14 46 30 175 21 185 72
0 67096 50 34 43 22 364 186 159 51 115 37 157 74 14 3 199 10 26 94 71 17 38 117 54 30 147 41 33 12 62 41 49 142 34 36 171 28 245 14 35 69 40 11 165 96 20 99 9 61 5 71 79 2 101 23 130 30 90 11 97 79 13 178 2 15 183
0 67101 18 21 109 16 9 56 1 49 380 53 20 62 58 17 10 83 195 47 78 119 136 19 22 142 77 18 259 27 46 43 18 70 115 31 29 32 99 113 212 74 125 67 211 53 38 15 176 58 26 66 37 36 78 7 172 127 3 46 133 65 1 120 2 2 349 29 185 29 382 83 89 52 1 43 29 38 91 21 101 174 13 62 52 13 26
0 67161 28 10 41 157 30 2 96 17 79 74 216 74 33 224 40 52 196 48 154 11 81 4 95 27 42 4 3 12 226 6 10 2 13 73 15 61 61 71 69 12 16 59 97 65 203 59 30
0 67543 172 15 109 72 74 48 367 4 45 78 148 68 62 6 87 4 37 116 27 17 101 22 23 69 93 44 255 9 58 17 196 7 41 11 57 27 63 29 10
0 67677 187 3 199 90 291 41 364 2 345 73 123 291 18 128 49 15 13 32 174 21 27 46 126 37 53 174 113 7 7 58 100 24 16 33 388 41 37 12 32 14 71 44 87 13 76 56 81 7 54 1 14 107 95 29 29 78 190 57 81 43 230 20 193 23 38 55 55 36 228 39 82 129 23 21 98 1 52 175 161 43 31 57 4 99 39 12 34 21 53 23 9 22 105 141 50 34 75 32 48 10 40 47 40 32 16 53 151 5 410 30 82 15 1 6 85 39 117 19 31 3 273 113 138 2 41 103 211 33 96 14 50 149 26 3 1 77 3 119 138 138 304 124 28 56 150 169 66 2 131 21 111 60 82 13 19 16 104 2 9 46 52 19 10 46 93 116 26 49 79 24 161 142 233 76 84 4 588 36 4 176 104 2 52 25 23 36 3 3 71 30 40 49 38 92 22 6 79 50 41 7 6 38 175 68 5 46 17 47 8 34 23 31 89
0 67770 27 24 106 14 6 110 276 13 18 14 137 69 120 2 57 11 92 34 89 53 168 7 400 21 112 25 38 213 16 56 22
0 67826 30 142 57 35 229 9 103 4 94 1 96 5 12 80 22 57 79 25 86 19 117 56 39 42 74 29 6 59 25 47 92 89 226 2 81 2 9 79 225 17 152 11 28 1 32 18 71 38 7 31 22 10 57 131 54 20 136 189 93 28 35 6 57 44 187 7 188 145 693 4 26 69 96 12 95 6 9 48 105 33 132 20 62 30 411 7 123 111 130 49 67 11 57 55 15 51 227 33 4 61 6 33 73 63 42
0 67938 156 3 205 14 171 169 12 156 253 80 92 97 61 39 152 42 95 56 22 49 30 8 5
0 68079 84 72 26 14 107 27 8 54 163 10 532 94 10 22 67 125 46 82 21 5 180 160 42 25 155 11 3 6 27 32 11 81 8 8 100 113 8 37 47 162 55 24 7 12 142 5 205 29 114 49 5 55 50 27 171 1 184 50 12 60 468 16 205 31 260 81 33 90 77 45 91 28 11 10 69 28 93
0 68730 63 117 432 22 228 76 3 49 113 113 27 118 5 6 36
0 68781 10 55 118 193 30 35 19 13 4 23 5 70 19 149 10 46 41 75 63 81 48 32 47 27 5 78 105 51 30 32 35 13 28 20 41
0 69046 37 19 45 39 54 11 25 4 189 24 193 44 204 16 31 45 87 17 70 57 221 107 95 20 108 72 54 3 37 90 202 43 151 61 8 29 32 26 253 24 129 72 168 2 82 34 301 19 1 4 16
0 69309 212 11 3 173 219 29 159 41 55 13 17 10 88 65 127 24 110 50 42 3 323 121 84 7 37 28 108 6 532 23 111 74 36 24 96 8 101 67 17 8 109 14 52 13 241 76 47 178 33 42 31 36 154 4 57 58 17 35 370 4 43 7 7 11 7 109 334 16 36 27 34 19 54 23 62 28 219 6 83 57 183 33 110 95 121 38 73 24 197 119 3 20 303 85 34 40 76 21 199 71 24 8 17 51 4 44 9 42 122 34 1 15 82 179 130 155 99 145 139 52 268 8 67 11 10 94 154 10 209 59 77 40 105 25 10 43 183 28 36 32 74 30 89 57 137 3 257 9 1 65 177 97 20 45 110 71 99 43 12 33 142 146 59 38 4 115 97 9 177 14 24 229 129 12 31 27 97 128 312 91 9 52 15 12 74 128 70 261 42 31 233 25 23 4 39 16 43 28 80 238 102 54 13 22 53 4 21 180 37 6 247 14 70 54 306 77 12 61 143
0 69437 63 10 366 70 18 32 304 85 112 14 72 69 50 114 89
0 69717 9 65 15 57 119 41 7 2 234
0 69866 32 39 101 5 138 75 50 111 318 17 96 97 77 15 56 152 24 40 45 107 130 115 258 7 247 54 31 88 105 53 2 121 208 208 43 11 73 13 8 54 62 4 85 13 83 5 68 4 19 5 289 23 30 59 3 87 5 39 114 24 107 89 231 71 4 15 52 5 26 51 14 42 215 3 12 34 113 21 65 122 18 53 72 32 102 65 24 15 40 52 172 26 29 16 67 2 18 78 24 36 320 2 2 72 206 61 66 54 15 122 50 32 94 84 104 202 31 116 23 16 48 13 63 35 165 29 181 168 65 64 24 45 12 98 68 25 241 13 8 10 149 63 1 27 75 14 10 53 67 23 41 256 134 9 67 12 26 4 178 89 9 56 133 190 31 57 141 17 3 26 220 2 60 25 78 72 127 32 166 23 113 26 150 56 106 100 54 23 73 14 5 57 46 58 18 11 48 15 217 94 126 47 25 14 150 28 115 109 38 7 22 57 66
0 69894 105 10 69 19 91 50 60 90 64 51 65 18 30 10 146 36 20 9 9 49 73 5 62 86 120 36 14 51 80 22 474 23 106 30 36 77 19 46 12 65 57 169 223 2 80 81 42
0 70004 95 36 13 12 110 98 72 6 80 28 29 20 46 14 70 21 35 21 47 2 166 15 1 47 44 54 27 153 135 80 30 101 17 79 108 28 23 40 27 70 1 76 246 345 24 132 33 1 1 21 12 6 114 30 89 61 8 21 202 11 337 52 276 109 86 4 161 41 72 4 45 142 34 99 78 58 66
0 70118 133 29 262
0 70423 58 3 12 11 37 43 51 31 43 24 37 4 90 2 115 104 73 118 51 111 39 52 85 24 27
0 70425 75 16 2 74 18 15 81 20 102 3 81
0 70479 38 154 87 5 33 33 26 37 64 3 66 9 107 183 144 135 141 18 57 125 101 30 229 12 81 27 115 17 18 70 107 61 140 41 165 38 142
0 70612 103 26 178
0 70683 100 29 22 20 86 47 151
0 71008 263 34 283 55 198 11 204 96 227 98 67 10 97 18 127 7 31 97 194 94 485 4 22 125 63 39 15 75 90 96 8 56 24 29 86 46 24 42 149 12 22 30 252 6 7 17 216 56 325 2 247 92 576 81 72 15 109 42 32 36 66 4 112 16 67 99 49 11 27 37 34 5 174 1 86 73 174 97 89
0 71158 19 51 12 47 143 135 60 30 265 1 156 97 67 21 10 2 57 76 55 111 58
0 71220 103 17 62 180 93 9 43 8 40 129 10 40 124 12 63 52 212
0 71248 72 38 16 70 89 11 259 45 4 15 26 86 3
0 71279 48 17 210 65 77 58 113 10 3 133 48 11 69
0 71491 2 60 138 62 85 37 27 29 8 53 44 64 47 55 20 94 39 41 53 9 34 40 148 10 4 39 239 12 151 1 61 228 170 19 32 21 92 28 204 121 105 44 49 32 48 12 91 31 76 34 210 34 85 10 13 60 1 2 23 93 75 1 129 11 50 44 42 72 56 156 32 188 145 95 21 7 38 15 3 107 196 5 279 13 76 18 2 23 62 25 9 109 28 20 81 38 2
0 71689 90 109 7 149 23 34 9 28 129
0 71934 66 6 101 3 126 3 150 63 24 33 44 24 10 109 307 29 24 87 118 3 2 97 1 13 27 35 102 49 29 125 111 11 264 26 226 29 97 9 25 23 20 123 18 21 699 59 17 79 6 129 106 96 12 24 172 56 81 40 227 19 47 26 20 21 12 84 3 41 988 111 2 59 64 43 10 8 5
0 71981 29
0 72031 16 15 4 25 51 160 5 30 12 45 54 50 156 28 125 123 101 7 7 25 126 17 65 14 75 23 49 17 54 70 43 83 59 36 293 30 17 61 38 53 216 73 72
0 72115 117 61 141 63 91 1 100 66 158 20 81 69 118 92 104 23 41 9 1 6 236 31 81 24 100 41 13 27 84 8 137 38 69 250 11 2 146 31 131 158 10 4 51 102 94 87 47 84 35 8 32 34 69 6 76 3 181 82 129 38 379 13 5 26 122 18 235 68 114 6 49 65 99 8 42 4 42 47 47
0 72290 4 41 79 5 26 53 250 20 83 145 10 16 67 2 153 14 27 3 39 63 94 58 348 8 5 33 456 3 140 2 77 2 61 9 161 33 198 42 124 69 83 71 71 20 3 4 160 146 142 19 111 200 156 5 104 35 33 30 74 12 198 15 35 15 44 105 104 191 18 23 143 34 198 82 89 10 20 68 414 51 136 43 79 123 448 57 52 106 74 71 114 23 74 104 127 114 134 21 182
0 72575 2 76 226 8 170 50 161 45 26
0 72673 201 22 18 9 140 66 74 10 10 17 195 172 79 6 32 51 132 46 34 59 3 280 228 81 30 16 134 13 91 1 111 40 136 33 11 54 132 25 7 49 97 4 31 54 54 32 351 126 156 1 4 121 19 9 371 19 11 19 50 77 150 108 340 54 36 4 62 4 187 64 39
0 73333 53 49 98 2 154 26 352 12 34 43 1 35 186 8 188 46 240 19 116 90 5 280 70 24 175 14 46 58 385 31 40 38 7 8 36 56 76 118 496 103 264 20 215 25 40 45 48 5 33 32 181 55 105 129 249 55 53 201 109 9 10 31 20 29 195 60 38 11 55 7 100 16 140 28 20
0 73408 100 183 175 40 72 103 129 28 32 37 140 15 105 25 58 28 36 26 71 30 36
0 73521 24 56 112 62 149 60 62 43 28 265 88 92 112 16 65 46 108 74 75 42 70 78 100 3 163 21 68 1 47 82 8 26 147 10 4 102 39 1 131 3 101 24 5 190 88 45 290 102 50 34 185 152 27 122 143 23 142 3 60 156 40 97 186
0 73600 66 150 72 22 115 11 37 15 25 22 25 50 61 171 23 94 18 26 90
0 73624 34 9 5 102 18 29 129 5 97 42 59 8 58 35 11 23 22 43 43 78 24 14 25 17 122 56 16 94 133 5 41 6 561 48 47 30 9 27 61 44 101 11 3 8 4 2 239 137 78 69 99 30 151 14 141 35 9 26 26 68 190 25 16 4 36 28 65 1 10 44 324 45 16 11 25 142 122 10 37 106 261 55 48 12 126 204 155 25 45 23 10 19 32 21 79 19 207 12 36 5 113 46 71 31 12 67 34 48 13 44 54 66 123 52 190 40 59 7 56 10 239 35 22 54 52 53 68 84 69 9 83 20 40 36 127 89 10 23 36 28 8 36 68 99 212 15 236 29 110 72 2 20 37 3 19 6 12 144 74 6 23 389 66 90 20 29 49 9 66 28 292 34 24 3 181 36 43 23 216 51 19 17 5 7 93 8 146
0 73743 20 62 60 50 7 81 60
0 73856 66 19 236 87 94 90 369 60 192 1 48 28 139 16 164 24 37 44 248 60 8 17 31 16 222 10 99 74 6 35 202 7 66 48 237 157 108 42 187 197 56 26 50 152 63 43 169 26 40 25 23 28 246 98 76 125 16 23 17 14 5 57 79 12 208 2 207 169 7 25 150 44 72 2 240 26 101 1 37 116 2 21 40 14 89 13 248 84 73 69 48 13 100 15 16 5 357 42 26 11 22 22 252 38 487 72 175 6 47 37 7 30 89 105 47 93 161 78 16 149 1 83 4 14 136 33 72 24 278 3 192 111 215 82 88 59 156 5 221
0 73951 6 40 120 67 271 11 80 94 18 9 33 76 24 5 491 47 27 19 12 5 5 74 25 71 102 30 83 11 127 31 33 65 58 11 121 2 520 12 51 5 54 34 84 56 55 36 7 16 2 22 26 27 5 5 56 85 158 2 27 35 44 32 173
0 74016 225 32 88 29 69 33 92 74 161 40 214 46 74 70 49 2 42 16 50 143 14 23 28 178 44 54 169 55 121 51 28 55 183 75 520 6 5 43 21 27 147 17 360 71 194 16 20 60 114 17 2 69 293 9 63 51 1 9 24 45 33
0 74064 361 33 30 33 17 20 250 37 102 8 147 5 14 29 18 64 29 59 4 5 72 134 28 37 27 14 15 2 175 24 17 39 52 88 112 18 10 9 50 47 20 5 195 31 174 12 256 31 121 171 60 66 83 75 67 42 117 37 18 40 98 15 10 40 107 206 74 27 17 52 155 32 172 72 42 4 130 17 297 154 1 3 33 15 268 51 143 68 16 11 12 67 149 31 92 27 35 118 163 29 197 47 60 8 36 10 44 59 97 18 109 107 67 20 6 5 8 46 92 14 260 29 145 31 232 24 491 146 36 28 14 70 183 4 11
0 74133 33 181 10 44 4 135 38 35 17 17 20 83 39 11 92 82 73 34 143 163 223 46 11 109 79 1 303 122 4 136 28 10 30 8 71 52 34 66 25 22 33 102 58 40 339 42 38 32 26 18 70 1 65 37 79 38 268 27 70 29 104 189 89 100 17 62 49 54 312 2 23 36 71 85 92 65 55 7 94 14 88 2 23 15 44 53 89 14 128 47 105 92 49 55 25 31 130
0 74196 61 33 1 40 317 41 17 13 71 58 40 42 11 85 285 7 28 2 474 18 22 37 21 45 75 59 118 187 289 33 307 26 27 24 42 31 289 14 14 1 145 43 100 25 222 41 46 57 63 2 17 104 55 60 54 116 209 66 13 46 105 2 173 31 21 9 2 41 189 95 105 19 28 50 143 2 175 20 151 158 7 107 17 19 275 111 149 10 98 33 116 27 184 62 72 3 53 32 11 54 48 88 429 130 5 21 17 149 23 11 2 51 205 26 58 16 1 80 153 135 54 2 61 20 91 24 43 15 6 24 630 74 515 51 113 10 41 37 111 15 50 90 162 4 117 6 21 9 120 11 6 95 106
0 74337 300 118 73 48 3 59 8
0 74408 84 125 134 10 30 2 93 184 10 51 62 47 148 3 170 50 113 11 99 5 82 127 85 7 4 41 60 42 319 56 249 114 39 122 11 19 22 58 193 51 162 13 315 16 98 64 152 6 30 84 68 2 71 12 43 37 16 35 293 6 63 26 11 34 415 5 35 9 20 31 55 6 79 9 14 35 505 25 90 63 118 59 60 9 97 36 12 59 14 62 82 107 271
0 74508 6 14 2 25 50 47 208 7 98 102 222 10 46 9 70 7 55 69 18 9 20 43 148 4 23 67 3 59 46 43 227 2 61 22 90 11 19 12 133 40 21 5 454 30 197 29 69 6 51 31 69 26 81 59 14 36 10 164 11 48 124 66 2 12 9 9 47 55 97 14 2 19 6 68 88 25 71 136 142 146 110 13 59 67 6 16 276 12 81 46 359 40 73 80 326 101 82 11 28 50 105 124 6 34 95 22 9 103 24 45 202 69 426 3 1 15 132 9 14 228 253 8 245 5 157 20 178 27 163 4 38 61 452 10 440 22 55 28 15 46 48
0 74526 86 181 17 30 104 4 83 67 85 87 209 37 145 10 60 73 25 14 35 5 64 32 83 30 42 41 96 101 271 15 11 11 2 35 128
0 74635 46 11 116 55 109 15 3 1 54 33 163 16 41 2 169 167 86 33 59 16 17 19 35 98 78 43 33 133 37 181 41 159 66 36 224 19 34 35 259 11 12 93 1 5 43 22 25 18 25 49 91 85 31 18 8
0 74673 28 9 74 128 62 26 47 55 46 39 68 140 60 77 3 58 24
0 74951 42 57 39 54 158 59 78 13 223 69 61 21 119 9 188 44 145 48 49 35 151 81 96 164 66 60 41 15 88 105 129 92 57 26 96 30 64 20 94 18 43 35 67 38 12 37 25 2 77 38 6 76 111 7 152 22 165 136 164 27 164 26 2 6 38 88 67 69 125 22 144 41 151 36 66 21 327 32 8 70 190 1 176 103 208 15 45 36 80 41 74 4 88 38 5 19 2 24 183 1 10 11 150 82 5 44 132
0 75502 13 23 76 8 286 42 67 36 37 58 8 2 78 66 10 24 33 32 332 108 299 316 358 19 85 56 152 67 48 32 43 10 156 53 51 72 122 44 61 29 50 49 46 31 76 60 50 7 51 178 148 108 110 101 218 35 76 25 15 38 101 3 147 14 76 120 19 25 9
0 75507 115 65 54 30 44 13 4 59 107 154 6 20 8 65 39 123 146 39 124 56 138 53 71 2 14 121 65 11 109 15 7 32 14 136 123 31 36 161 34 65 72 15 22 223 46 50 192 91 322 2 65 78 19 2 14 5 245 1 37 25 5 8 29 86 47 54 200 15 168 47 149 42 181 160 23 5 85 43 68 255 135 3 356 14 15 55 72 19 231 58 63 41 344 113 322 1 277 22 75 13 92 52 117 17 108 37 184 15 96 7 252 32 186 15 102 3 169 176 148 10 310 6 211 107 28 66 475 7 113 26 54 22 377 38 53 82 43 77 116 10 7 9 237 38 105 3 406 80 183 23 327 22 14 39 38 66 100 180 494 2 56 26 47 51 85 20 10 3 42 108 30 27 210 2 269 18 276 8 152 1 8 342 168 94 66 17 99 58 164 22 30 7 278 75 123 48 31 39 78 19 14 26 49 47 59 186 11 66 317 8 67 212 128 75 118 48 28
0 75554 158
0 75668 131 28 3 48 120 16 49 15 28 92 65 68 167 111 158 82 34 73 122 46 264 51 95 40 166 13 10 19 1 9 74 151 37
0 76345 123 30 6 11 63 67 153 116 156 5 70 9 170 37 152 31 17 13 161 84 92 58 231 84 40 135 106 11 175 21 8 18 233 112 36 35 123 12 32 27 154 53 135 56 405 56 33 44 1 217 119 27 57 94 149 7 250 61 3 26 64 28 103 31 118 9 150 58 248 16 155 31 66 15 10 29 44 19 176 40 102 64 96 48 121 88 45 78 181 2 13 10 189 26 155 14 3 4 80 102 75 9 179 12 74 35 108 70 135 111 28 14 135 38 247 4 61 21 42 164 33 29 60 187 44 55 44 2 49 313 8 22 182 142 143 157 9 82 156 49 102 6 4 34 56 3 26 25 104 66 76 80 100 12 276 18 203
0 76431 78 8 202 38 36 50 23 128 249 78 57 1 75 26 91 5 214 61 90 137 6 95 141 10 35 37 118 291 86 4 106 11 130 5 70 28 135 2 171 3 18 84 256 11 53 54 156 46 141 8 98 108 52 15 64 24 52 2 146 77 44 160 158 121 245
0 76460 57 59 86 5 194 102 37 55 231 182 388 6 33 38 199 28 45 2 211 34 266 25 34 43 130
0 76629 44 21 28 20 51 36 109 54 6 144 151 1 161 7 17 89 34 78 26 66 566 19 31 5 53 17 55 8 72 20 56 38 30 12 38 11 378 12 38 3 7 119 286 11 39 8 215 62 15 26 33 81 35 79 9 20 81
0 76712 31 36 20 98 39 103 8 7 40 22 34 29 180 51 127 59 129 29 113 7 89 22 407 40 3 47 133 8 7 131 18 10 45 34 30 4 200 1 51 14 27 6 83 6 61 42 43 97 73 12 41 6 87 57 16 47 24 16 198 4 7 27 44 60 122 6 59 66 160 12 171 10 90 77 452 10 12 12 102 16 18 28 25 88 197 21 119 21 25 45 285
0 77016 30 27 161 122 142 19 98
0 77068 134 3 84 224 2 151 47 6 61 30 160 53 212 93 189 55 41 52 58 1 29 88 76 69 175 178 304 93 17 42 6 4 15 45 54 51 19 6 3 82 2 49 34 61 59 15 99 318 90 40 62 39 34 21 90 13 386 33 53 13 34
0 77157 60 50 22 19 73 121 302 10 320 43 278 42 21 2 287 46 181 1 59 3 64 68 70 20 26 132 125 249 322 40 233 66 99 77 51 27 16 65 161 47 108
0 77552 38 25 51 9 60 14 81 56 41 17 128 37 23 2 49 77 41
0 77568 57 24 114 58 75 11 136 31 128 30 2 7 29 99 54 105 18 15 64 24 34 18 173 13 165 57 39
0 77642 356 8 65 76 123 18 136 48 5 49 257 32 312 247 141 55 33 38 71 22 470 121 112 5 54 64 186 1 12 6 146 119 99 2 173 86 65 87 142 43 7 60 139 54 109 36 104 15 167 73 58 30 13 11 261 139 119 6 140 20 5 2 283 70 130 23 63 252 96 39 28 45 19 17 62 15 132 74 22 126 72 95 94 1 85 48 38 17 164 36 245 8 111 75 218 186 18 14 113 143 41 9 319 84 54 9 173 14 86 92 171 4 14 15 102 15 223 71 54 152 83 4 82 76 86 69 51 7 39 51 126 25 48 48 152 16 83 127 61 38 122 35 39 54 26 47 479 130 112 29 14 11 103 136 221 45 129 6 21 20 40 160 11 17 91 7 123 186 254 31 106 15 181 20 72 21 99 17 48 67 25 81 218 136 73 158 9 18 117 135 102 53 86 79 16 8 134 27 23 31 57 87 71 8 32 1 10 1 1 19 54 69 65 74 9 26 107 50 63 39 16 61 164 68 71 98 138 74 67 13 137 18 376 14 25 11 69 214 153 35 164 28 78 10 24 54 137 90 2 16 3
0 77776 428 55 97 46 35 28 6 77 19 55 17 192 60 64 118 2 26 60 81 23 75 9 44 27 9 35 78 58 52 5 4 22 58 48 171 54 13 42 14 22 112 10 180 13 27 36 48 38 44 149 8 21 23 2 9 207 14 70 25 114 76 22 194 78 435 13 129 20 404 1 153 35 35 65 152 122 29
0 78080 25 163 84 45 33 56 1 3 109 60 11 31 23 194 1 15 179 18 29 10 170 11 147 4 20 14 72 60 6 4 81 25 51 13 89 185 93 98 174 53 21 14 7 41 256 7 40 82 108 33 189 21 1 105 16 12 33 8 41 33 381 31 135 56 47 58 59 29 115 75 44 132 126 42 605 40 202 83 35
0 78270 9 8 148 51 89 129 108 9 5 53 48 12 1 34 27 39 56 44 136 15 16 159 240 37 6 17 70 17 3 45 21 145 31 103 166 89 298 161 95 31 143 109 53 35 192 40 130 69 38 23 118 3 30 10 7 108 5 74 5 3 179 96 149 16 32 38 17 118 119 142 76 9 37 219 2 13 155 40 123 129 108
0 78555 119 6 93 4 35 31 63 10 14 44 12
0 78609 18 33 132 22 236 28 7 95 134 15 781 117 78 45 79 120 544 64 75 101 128 5 197 93 129 32 34 20 33 36 85 26 137 39 153 6 69
0 78643 37 8 47 55 5 22 12 51 89
0 78949 435 55 186 4 165 133 242 9 60 8 41 17 20 88 166
0 78989 10 174 57 49 33 133 155 15 29 70 287 88 28 105 35 160 28 68 42 19 18 8 102 197 7 28 442 47 33 44 19 17 275 25 23 23 74 22 22 45 68 53 127 8 17 80 127 21 130 22 193 34 74 14 57 12 1 71 279 18 91 29 77 15 4 55 159 53 13 15 51 2 143 47 51
0 79088 224 16 17 22 99 134 30 85 96 26 74 150 52 163 212 75 198 22 126 83 364 22 12 1 18 24 80 88 55 8 482 23 32 6 181 89 24 54 74 21 56 133 108 219 7 22 60 11 107 91 172 11 88 20 10 78 66 40 34 23 234 30 15 16 81 16 111 2 25 40 129 72 441 27 29 32 311 5 23
0 79168 260 119 55 80 28
0 79404 8 27 7 16 334 25 154 48 65 105 71 89 59 28 89 23 51 100 89 31 459 19 22
0 79441 64 22 8 12 154 69 41 1 35 28 26 114 42 180 102
0 79521 151 17 106 51 16 28 59 144 126 32 26 2 64 3 96 74 114 17 19 2 152 19 88 29 125 40 283 64 38 34 472 26 117 1 31 24 303 98 146 4 109 25 79 7 42 89 171 18 240 19 94 1 83 132 101 20 76 15 10 7 62 46 48 18 128 84 18 29 109 13 30 125 2 61 82 35 341
0 79551 135 9 27 136 65
0 79833 1 12 51 25 15 61 159 17 242 41 42 48 198 3 130 91 112 3 120 136 172 52 23 22 210 12 68 4 41 120 247 26 45 171 106 51 424 56 50 49 56 4 543 41 186 2 57 11 90 116 2 22 28 17 98 15 247 69 5 173 29 97 98 10 24
0 79986 12 13 27 11 78 51 140 20 52 11 31
0 80138 73 155 279 133 148 22 224 53 37 7 40
0 80156 56 106 151 9 32 6 56 123 107 30 23 32 59 52 23 30 36 104 44 17 19 54 79 21 31 19 16 39 150 111 90 23 10 13 324 30 53 97 9 49 88 30 87 55 1 56 18 66 33 123 59 69 113 22 57 219 38 47 171 18 11 7 30 54 115 37 175 68 411 63 680 74 112 29 46 44 133 37 146
0 80166 342 27 97 64 29 114 51 32 10
