0 0 273 13 13
0 19 296 11 49 195 310 33 214 7 24 102 194
0 118 199 32 90 28 99
0 126 143 1 46 138 39 5 833 47 60 75 156
0 132 9 6 259 160 388
0 181 1 37 331 25 47 25 79 55 159 5 252 126 130 18 311
0 398 9 18 232
0 696 197 27 17 81 50
0 785 274 24 99 110 54 47 45 37 19 45 125 21 5 35 88 5 143 84 76 49 113
0 898 80
0 1042 18 31 404 20 124 36 36 18 117 26 32 68 213 125 75 24 260
0 1053 247
0 1088 152 29 136
0 1107 27 62 50 1 25 188 30 64 260 13 381 5 203
0 1341 176
0 1600 244 10 245 198 73 10 137 70 10
0 1607 153 27 57 21 28 8 53 1 44 131 16 28 80 21 29 9 222 3 462 90 63 9 140 24 325 182 87 2 161 37 18 36 115 6 138 52 138
0 1822 75 1 10 16 192 8 296 75 256 17 9 13 83 126 196 26 27 40 77 46 434 28 37 46 93
0 1855 152 3 28
0 1984 159 11 3
0 2246 150
0 2257 5 26 27 11 172 77 45
0 2429 63 76 230 115 61 113 62 29 287 96 93 5 210 20 15
0 2478 36 63 93 156 101 38 7 33 467 49 217 3 174 3 32 9 74 148 40
0 2511 90 11 46 97 115 7 2 39 162 29 74 67 48 27 65 2 55 1 26 154 75 47 29 17 110 82 129 101 117 39 240
0 2610 6 37 120 6 202 34 405 40 24 10 78
0 3106 31 33 3 41 56 5 68 297 213 96 101 34 16 34 75 9 27 34 71
0 3282 258 9 16 6 19 69 167
0 3481 95 19 72 23 250 15 194 9 51 9 6 20 117 21 111
0 3585 17 157 57
0 3687 54 68 3 92 70
0 3735 73 63 169 26 182 176 47 56 21
0 3852 30 21 51 92 50
0 3966 88 73 320 63 51 182 127 67 208 96 18 6 67 66 354 4 111
0 4123 87 28 104 87 41 5 51
0 4160 281 40 136 110 49
0 4572 62 49 21 1 117
0 5174 17 29 32 3 24 48 136 75 5 18 240
0 5182 18 29 183
0 5539 171 115 62
0 5620 169
0 5705 317
0 6001 9 26 71 27 112
0 6048 302 12 60 50 50 12 7 61 77 16 65
0 6201 93 88 5 11 113 20 2 81 49 33 33 73 63 183 521 4 51 10 86 6 32 90 52 6 184
0 6468 39 10 4 11 6 5 27 44 124 152 35 2 51
0 6513 168
0 6592 117
0 6606 102 47 94 39 119 35 251 3 162
0 6808 105 100 248
0 7508 344 14 89 16 5 7 8 12 180 34 1
0 8098 46 1 122 9 67 1 15 88 149
0 8100 89 59 73 3 57
0 8384 26
0 8425 27
0 8538 72 35 50 97 143 66 44 37 127 44 22 156 199
0 8546 172 5 22
0 8723 42 33 113 154 10 219 77 176 35
0 8955 149 43 233 115 10 53 16 56 94 132 63 95 13 80 89
0 8987 123 76 520
0 9041 145 123 93 181 52 82 27 147 80 5 104 54 101 47 201 40 46 132 45 37 340 15 151 18 66 7 100 42 115 104 15
0 9082 20 2 6 113 53 13 22
0 9220 56 24 67 70 94 66 68 45 221 31 134 66 57 26 6
0 9232 72 50 42 81 206 39 5 2 30 5 178 55 138 56 8 2 214 52 96 76 105 86 52
0 9330 34
0 9427 99 127 66
0 9590 85 2 46 84 67 39 37 40 8 37 36 42 440 21 51 29 217 33 11 41 42 93 85 66 142 77 328 41 29 15 1 6 549 8 68 97 114 73 137 60 36 2 150 42 123 163 27 9 7 70 5 16 64
0 9595 92 134 155 55 129 2 136 49 145 37 116 50 104 22 129 57 27 60 41
0 9775 115 11 256 7 153 31 76 18 4 67 99 82 71 31 41 76 105
0 9848 108 64 10 115 12 34 52 41 115 6 77
0 9872 32 2 122 45 43 105 229 6 74
0 10122 155 46 11 14 180 55 20
0 10158 23 232 21
0 10188 11 84 3 105 105 23 204 15 124 8 88 233 70 8 138 37 18 18 32 39 418 177 14 100 65 36 399
0 10236 61 11 26 3 1 30 160 72 81 22 512 18 142 57 39 12 47 50 74 44 38 8 189 46 56 104 86
0 10682 82 87 49 24 53 1 21
0 10739 24 25 113
0 11101 92 4 2 1 104 38 95 91 46
0 11221 78 9 15
0 11253 281 43 126 42 244 9 103
0 11315 65 25 54 5 206 25 10 20 108 49 145
0 11380 41
0 11394 128 14 95 17 145 64 381 48 87 98 113 22 104 188 22 31 5 19 38 24 79 102 27
0 11581 256 38 242 48 147 58 135
0 11610 178 5 263 63 15 108 147 54 212 11 104 14 68 16 16 21 34 65 30 11 188 175 101 42 272 38 86
0 11712 68
0 11786 133 23 21 34 6 33 52 168 104
0 11906 225 90 10
0 11956 42 5 234 43 102 48 4 28 541
0 12145 86 125 89
0 12156 246 3 45 15 277 39 27 1 3 2 19 18 17 134 9 82 74 27 11 44 22 10 232 121 9 45 119 15 9 48 148 140 72 5 4 81 72 85 179
0 12368 226 85 12 24 162 53 182 38 75 95 95 132 179 2 73 6 88
0 12389 14 130 189 89 1 14 45 4 14
0 12413 127 40 162 56 421
0 12472 28
0 12615 32 31 107 13 150
0 12749 518 37 36 13 266 23 100 41 24 34 8 5 7
0 12805 88 61 130 23 77 7 84 20 28 65 202 57 36 92 18 57 48 24 7 25 81 7 28
0 12806 81 32 161 5 4 38 127 58 250
0 13047 75 11 14
0 13238 232 39 13 246 112 14 40
0 13350 188 132 67 17 74
0 13451 92 12 80 100 4 23 41 14 47 13 38 19 141 30 50 53 240 22 235 42 83 61 10
0 13595 45 81 35 34 36 49 46 78 10 39 61
0 13656 30 5 8 3 284
0 13929 62 63 39 8 47 45 364 41 59
0 14449 14 8 14
0 14904 72 76 207 34 22 12 476 84 309 37 83 25 172 4 13 108 45 61 56 66 1 19 37 16 45 32 97 40 24 1 48 6 231 147 26 14 115 31 184 38 38 9 112
0 15240 29 21 190 63 123 19 1 51 19 3 92 38 137 60 45 70 64 27 154 13 415 259 31 46 35 222 60 22 85
0 15385 137 19 55 42 175 5 54 3 64
0 15523 102 53 13 62 28 2 128 63 124 57 3 57 31 95 66 57 84 26 535 1 368 230 114 7 42 17 41 1 110 55 304
0 15789 95
0 15856 66 46 88 30 29 63 141 43 52 30 109 18 17
0 15931 96 68 124 1 147 89 167 28 24 31 127 12 5 27 65 39 82 64 121 14 44 24 210 105 219 45 2
0 16028 38 44 65 70 122 237 2 23 17 23 69
0 16075 6 102 41
0 16202 189
0 16548 337 10 10 128 11 111 7 1 69 67 77 83 66 3 4
0 16751 76 6 26 31 109 30 159 114 182 236 234 122 54 26 61
0 16842 160 4 14 5 50
0 16875 278 4 9 63 78 305 26 68 235 1 55 70 21 3 69 28 126 21 74 97 32
0 17095 32 6 245 4 27 75 221 23 383 42 195 41 13 91 3 34 294 43 333
0 17431 180 4 126 5 282
0 17546 377 55 37 113 13 120 30 13 25 92 46 6 157 67 320 11 36 22 68 72 6
0 17799 8 46 71 6 10 14 22 44 24 15 28 9 67 98 42 21 13 41 56 79 58 25 194
0 17849 287 18 20
0 17902 31 103 47
0 17921 108 11 5 3 56 24 54 32 72 1 537 81 275 9 248 217 232 22 44 27 72 34 33 20 278 11 71 30 89 27 23 62 230 26 80 127 11 47 108 21 328 14 143 4 257 15 181 36 5 27 34
0 17987 18
0 18034 102 1 53 10 74 41 20 94 102 4 8 9 5 54 68 18 108 94 75 2 40 74 122
0 18088 11
0 18226 37 99 148 13 34
0 18260 597 35 81 79 26 39 209 82 67
0 18277 225 28 87 36 70 56 108 102 338 24 158 15 4
0 18484 21 36 217
0 18595 40 22 12 86 20 40 95
0 18779 118 229 39 69 254 5 432 52 28
0 19128 88 10 43 108 5 9 50
0 19481 10 248 104 42 299 22 9 19 113 138 101 47 64 10 87 30 129
0 19640 197 77 26 11 139 5 34 10 102 3 25 61 117
0 19927 40 19 41 46 27 92 369 51 147 42 99
0 20045 167 35 11 9 56 85 34 209 192 22 87 75 11 11 83
0 20171 43 21 63 7 134 88 62 11 303 6 366 36 64 62 225 15 162 41 50 56 38
0 20367 114 32 20 15 62
0 20484 299 35 49 31 71 44 22
0 20614 213
0 20713 42 5 63
0 20761 19 40 36
0 21097 280 70 74 109 31 47 288 37 15 53 45 11 167
0 21341 33 94 192 54 15 11 52 126 153 8 7
0 21458 104 26 43 43 67 80 198
0 21476 177 111 7 82 112 43 281 26 103 10 19 44 123
0 21648 39 138 184 20 31 2 135 127 1 82 20 76 98 19 100 125 54 22 19 24 133
0 21818 83 64 106 72 11 90 160 48 224 95 192 66 26 13 198 61 73
0 21954 93 92 191 12 41 3 53 41 46 156 46
0 21981 140
0 22212 6 50 131 53 202 4 16
0 22277 136
0 22672 2 48 31 42 164 19 132 3 87 86 13 21 47
0 22687 138 173 81 73 122 16 10 25 156
0 22698 121 27 63 126 87 130 125 13 131 189 21 6 42 88 167 124 98
0 22771 47 20 128 78 18 43 79 133 202 37 121 52 11 42 77 1 503 5 229 39 327 11 100 4 577 1 5
0 23094 82 232 19 45 125
0 23237 285 7 9
0 23845 38 1 149 100 230 13 64 1 23 36 109
0 23881 15 53 23 17 7
0 23953 201 2 89 5 139
0 24067 118 44 15 15 218 33 239 5 181 127 169 38 112 23 74 47 117 10 61 12 53 8 99 155 95 80 245 23 54 36 115
0 24097 68 16 10 37 96 127 103 111 417 151 301 35 35 45 51
0 24098 117 43 216 31 129 9 8 9 156 6 14
0 24123 1 124 105 52 97 46 172 75 61 7 366 40 132
0 24158 29 201 30
0 24180 151 152 130
0 24261 65 86 17 37 18 93 108 115 20 7 29
0 24296 70 51 108
0 24692 2 33 2 13 19 137 72 40 82 5 105 4 32 57 1 31 24 2 106 4 48 116 32 42 32 21 87
0 24809 196 23 248 73 8 14 1
0 24874 114 34 134 8 108 24 130 94 130 42 68 32 241
0 25508 36 4 169 74 118 9 52 6 129
0 25535 231 39 100 54 77 2 279 106 30 29 71 93 13
0 25600 116 57 8 54 242 39 71 81 116
0 26057 209 11 64 100 44 27 25 11 19 115 207
0 26110 53 40 4 168 114 54 23 9 292 65 176 37 10 46 100 2 3 50 81 77 4 32 260
0 26248 54 3 86 33 78 56 126 54 20 34 144 3 271 2 25
0 26286 269 74 26 54 29 199 3 251 137 74 51 7 344 178 106
0 26368 21 86 82 82 78 45 47 5 68 19 79
0 26676 232 158 86 22 34 64 63 2 173 149 286 56 52 19 7
0 26849 1
0 26862 254 113 103 7 21 95 33 80 65 103 40 28 107 85 302 4 10 13 25 32 29
0 26916 83 27 112 9 4 21 245 19 57 38 66 90 136
0 27161 46 85 350 10 128 6 53
0 27276 11 54 15 80 89 155 66 39 36 98 232 10 254 27 401 27 15 38 60 2 131
0 27319 70 93 78 114 48 18 44
0 27454 157 56 50 59 217 59 22 2 44 23 12
0 27464 137 52 24 58 96 55 162
0 27466 72 98 32 36 30 45 387 36 317 142 83 19 65 44 100 106 194 7 184 5 84 6 137
0 27776 7 16 23 32 153
0 27800 6 6 151
0 27808 29 30 339
0 28396 24 16 41 58 97 28 95
0 28668 36 48 36 2 143 8 132 8 86 58 15 29 17
0 28680 131 106 128 95 32 24 276 147 50
0 28785 31 12 154 111 7 138 25 112 359 80 118 52 164 18 33 115 23 95 127 165 148 112 32 63 122 38 127 54 58 21 37 33 63 44 32 84 301 3 15 73 52 9 224 86 40 15 165 151 55 3 55
0 28898 43 13 1 30 26 18 219
0 29244 13 25 40
0 29394 195 120 67 69 4
0 30084 33 1 121 12 68 59 71 114 48 129 66 57 333 136 132
0 30745 169
0 30947 61
0 30963 590 91 150 95 24 68 206 156 144 19 71 84 55 54 1 111 51
0 31575 33 26 201
0 31626 37 68 95 13 192
0 32159 156 40 19 72 216 29 109 1 161 55 98 64 58 83 5 3 45
0 32184 62 1 96 26 108 4 16 21 167 255 37 40 12 161 23 38 196
0 32266 368 13 38 123 217 58 214
0 32354 147 1 327 53 164 32 790 24 224 87 1 24 225 13 26 105 11 74 20
0 32505 55 38 58 160 44 23 292 80 198 47 99 59 48 9 231 130 74 136 50 3 140 22 80 9 67 3 121 20 34 26 96 5 13 37 114 23 69 20 23 75 107 15 68 101 277
0 32781 23 100 301 43 49 41 95 6 153 23 511 215 184 1 90 39 162
0 32801 6 28 12 51 24 108 69 40 64 11 119 54 44
0 33490 55 38 131 48 51 52 29 110 190 18 138 58 62 14 52 33 177
0 33575 132 3 91 29 23 71 20 104 17 18 115 12 44 32 85
0 33693 376
0 34003 51
0 34118 168 24 34 8 20 10 307 3 110 60 158 9 64 5 158 21 25 32 106 8 371 97 20 12 12 97 353
0 34300 63 18 3 24 119 57 57 1 75 140 11 23 367 24 24 84 9 40 264 48 216 253 2 98 73 230 169 122 444
0 34526 90 13 40 71 59
0 34657 9 39 12 123 83 112 33
0 34711 24 8 76 45 168 27 4 83 1 32 55 55 102
0 34819 4 44 191 25 274 8 34 44 22
0 34893 68 86 25 30 60 223 202 99 132
0 34978 128 22 100 42 15
0 34994 53 65 1 165 65 23 212 71 29 160 53 42 158 6 183 18 89 2 85 2 18 27 132 12 120 22 3 115 56 56 29
0 35007 16
0 35357 123 47 54 30 24 28 124 33 90 76 335 4 63 9 23 66 96 53 10 130 66 5 75 18 38 63 83 47 36 72 38 77 59 38 48 38 15 32 10 79 36 49 35 53 144 54 126 43 14 36 273
0 35473 127 115 250 1 34 28 33 86 12 60 203 132 126 50 46 18 80
0 35514 88 41 60 10 28
0 35523 12 29 103 100 112 1 181
0 35746 414 3 90
0 35764 170 13 145 5 15 37 341 55 143 7 418 6 81 21 108 15 2 22 7 103 42 2 119 13 13 90 53
0 35940 21
0 35960 39 380 110 27 18
0 36473 214 11 58
0 36561 27 28 109 52 65 63 128
0 36712 80 42 99 59 9
0 36860 124 9 13 27 190 11 194 201 182 60 303 20 54 166 53 15 117 20 10 199 75 24 81
0 37049 7 107 16 90 103 179 128
0 37585 28 29 114 9 63
0 37665 73 175 79 25 17 12 114 39 83 18 654 100 320 5 22 42 107 94 90 102 37 39 135 50 70
0 37680 90 151 61 110 8 74 40 94 48 83 55 3 36
0 37767 32 80 15 4 64 93 312 7 71 24 86 17 17
0 37810 142 50 99
0 38151 6
0 38438 92 13 42 97 98 65 252 33 8 10 10 27 135 10 4 35 4 6 82 41 119 40 84 70 126 49 7 17 59 6 85 95 297 29 58 23 63 22 104 53 357 5 12 14 91 24 198
0 38882 85 208 11 9 284
0 38930 203 21 110 3 11 52 388
0 39074 65 94 170 205 22
0 39187 32
0 39206 42 10 183 103 524 137 83 31 23 34 35 61 133 69 41 8 157 13 140
0 39219 133 6 160 52 17 98 73 9 140 23 305 19 20 64 49 25 117 160 25 55 80 20 272 107 83
0 39560 121 67 224
0 39861 42 88 213 229 129 10 74 46 69
0 40151 54 132 80 46 53 55 208 20 403 13 72 7 134
0 40349 4 58 124 204 628 27 110 136 89 68 30 24 142 35 114 14 87 70 226 32 2 28 71 128 53 36 88 30 104 16 244
0 40471 84 2 139
0 40548 114 172 12 81 63 36 8 104 121
0 40759 70 51 116 2 19 60 126 35 174 23 37 25 36 4 139 103 83 29 42 59 53 93 38 26 94 71 12 82 20 36 43
0 40891 233 14 229 103 59 50 31 28 95
0 40946 137 7 115 38 393 77 18 146 17 10 11 29 260
0 40959 51
0 40995 32 18 60 1 315 77 98 107 169 27 89
0 41148 3 210 77 3 23 11 74 335 28 221 69
0 41394 187 98 256 12 113
0 41417 7 11 66 54 27 189 57 30 44 40 26 131 221 43 80 10 239 94 59 22 51 53 2 10 69
0 41546 9
0 42011 147 24 79 95 229 56 145 93 68
0 42034 199 2 95
0 42062 49
0 42174 38 64 6
0 42216 5 92 261 33 6 55 19 12 57 6 256 4 6 40 162 44 40 13 104 7 34
0 42244 120 63 12 35 53 6 13 82 65 5 23 15 157 27 37 43 110
0 42269 109 95 37 2 148 25 28 61 306
0 42496 135 59 167 25 37 91 46 31 168 17 21 5 8 125 130
0 42572 9 41 103
0 42720 117 13 33
0 43069 311 42 7 18 368 2 24 40 48
0 43136 4 38 8 88 5 188 76
0 43168 31 28 171 153 24 213 60
0 43254 47 197 10 19 147 81 112 35 28 35 30 2 119 9 41 105 6 12 85 32 92 38 170 9 126
0 43494 6
0 43514 24 79 2 205 41 7 12 227 256 80 107
0 43759 76 70 42 251 24 258 53 24 5 6 27 74 17 17 129 13 223 2 210 42 125 36 67 91 52 13 211 4 12 20 39
0 43891 140 2 67 88 40 136 102 18 159 50 131 54 2 25 12 12 14 17 33 86 2 127 24 59 181 83 35 50 42 57 24 30 116 47 29 26 4 19 210 27 144 43 23 35 14
0 44211 36 37 97
0 44467 367 92 45 71 35
0 44517 292 28 91
0 44530 267 8 18 140 28 90 247
0 44538 131 1 64 73 30 42 118 5 63 85 97 114 168 46 74 19 58 145 139 54 95 21 119 6 19 13 11 3 101 8 4 38 224 5 14 174 24 5 114 163 86 9 128 18 85
0 44567 346
0 44613 138 42 277 68 51 5 122 42 99 62 221 239 32 4 75 35 211 83 7 104 22
0 45467 165 86 275 25 7 47 482 99 62 103 46
0 45527 24 27 55 46 16 101 48
0 45695 208 41 134 17 167 17 87 109 77 27 137 61 36
0 45802 6 15 12 25 121 42 109 39 30 72 18 39 16
0 45843 37 14 18 29 23
0 45991 8 12 68 45 141 4 47 21 15 32 3
0 46147 24 9 115 55 142 16 195 56 8
0 46265 309 93 1
0 46343 725
0 46759 4 26 52 17 9 82 52 25 50 81 59 30 41
0 46854 44 20 139
0 46950 87 22 87 22 114
0 47019 72 5 376 149 99 132 339 38 160 56 2 46 68 107 138 3 249 35 18 18 84 37 42 43 158
0 47048 179 58 122 22 88 9 32 191 103 12 146
0 47118 61 24 14 91 162 15 148 3 61 103 47 13 29
0 47182 362 178 30
0 47588 79 14 33 42 61 132 48
0 47672 18 38 51 29 30 34 25 20 33
0 47682 3 73 108 30 2 8 141 14 309 6 1 31 124
0 47739 245 91 80 95 179 18 227
0 47883 130 28 32 28 253 3 5 15 6 34 11
0 47926 8 9 182 40 25 22 12 120 117 4 22 75 113
0 48180 14 69 10 28 34 9 68
0 48286 44 63 126 53 1
0 48359 41 14 52
0 48568 26 4 64 7 4 119 64 10 119 52 95 3 83 82 121 39 30 25 5 39 28
0 48598 17 111 33 8 32 14 91 20 37 73 22 193 26 3 242 5 363
0 48651 76 47 95 25 17 1 108 207 110 73 4 54 213 106 65 10 56 27 97 12 77 39 34
0 48687 167 83 17 63 12 72 1 120 125 7 72 131 41 19 307 2 17 25 58 65 13 17 9 33 70 41 75 117 56 249 146 24 36 9 20
0 48808 74 19 23 78 21 37 54 28 29 57 22
0 48992 79 61 50
0 49198 76 1 141 24 194 122 12 19 4 19 25 66 17
0 49635 484 16 23 64 18 25 215 230 92 15 26 76 83 40 476
0 49890 25 47 135 183 9 33 42 9 17 13 21 75 106 18 50 37 317 131 249 62 39
0 49909 161 42 53 60 49 51 124 141 78 18 4 14 22 312 376 49 50
0 49925 37 65 43 57 11
0 50275 57 69 25 261 74 10 191 4 65 142 85 8 188 27 102 41 7 132 264 31 115
0 50404 24 58 19
0 50586 82 72 79 46 222 87 11 21 9 61 217 147 7 91 309 31 68 93 63 1 186 23 167 65 100 24 486 32 203
0 50674 296 5 33
0 50858 81 31 287 35 60 65 287 31 19 9 76 91 2 73 50 24 54 12 14
0 50889 355 5 77 12 79 175 189 38 194 26 98 30 604
0 50934 38 13 81 5 223 1 81 20 174
0 51033 115 35 107 1 53 97 9 11 4 86 175 9 136 12 31 125 36 16 56 11 78
0 51049 86
0 51124 595 134 201 25 46 23 35 42 17 94 110 23 84 32 23 32 113 4 172 39 51 14 33 39 18 18 37 73 24 17 46
0 51269 169 76 64
0 51345 4 4 47 217 10 191 17 7 109 134 13 137 109 38 9 44 5
0 51369 16
0 51373 155 63 140 20 213 34 45 58 166 4 113
0 51442 108
0 51455 322 120 57 43 48
0 51458 39 7 12
0 51579 21 149 14 17 2 13 149 66 23
0 51832 22 27 100 45 205 4 16
0 52397 24 75 17 14 200 23 179
0 52524 109 6 83
0 52554 41 141 241 22 118 40 84 114 52
0 52621 3 60 38 194 27 108 420 13 201 48 39 32 44 40 34
0 52866 34 51 96 6 158
0 52943 239 1 119 114 15 101 533 100 2
0 53197 13 102 2 68 103 67 68 7 7 23 91 83 208
0 53280 137
0 53408 3 15 125 19 39
0 53594 101 3 198 33 85
0 53599 26 6 144 78 269
0 53663 68 17 39 14 180 25 89 4 280 13 16 113 56 215 14 31 38
0 53676 199
0 53732 81 29 101 13 37 100 47
0 53736 214 47 72
0 53852 95 249 109 91 31 297 38 12 122 6 665 109 122 25 133 24 252 25 90 30 41 136 68 52 78 66 288 30 16 11 74 60 94 20 467 29 252 37 12 38 14 99 103 16 63
0 53860 31 111 49 13 232 10 468
0 54430 58 6 176
0 54564 39 9 77 114 38 92 2 60 151 107 44 47 26 14 55
0 54709 83 32 174
0 54769 134 6 10 1 71 120 180 9 1
0 54802 29 20 155 16 91 68 96 17 48 22 94 4 401 22 234 45 449 4 183 73 135
0 54993 53
0 55013 34 33 38 116 20
0 55111 149 62 14 38 84 98 84
0 55117 11
0 55644 126 70 253 47 70 63 21 10 191 19 42 34 107 33 87 46 51 6 45 23 43 23 5 86 39
0 55660 70 44 144 7 28 26 74 13 199 111 16 59 43 49 21 28 18 111 35 121 50 18 301 16 1 75 6
0 55938 2 4 37
0 56303 56 15 13 26 416 84 29 72 29
0 56383 48 11 81 77 136 1 275 49 41 24 56 4 190 27 125 58 55 116 249 197 7 73 96 90 352 52 99 28 260
0 56487 90 40 69 30 66
0 56517 80 35 44 13 1 2 59 10 22 123 203 27 80 4 148
0 56547 38 156 121
0 56672 104 116 31 4 211
0 56730 74 84 131 4 64 106 96 19 113 83 54
0 56873 37
0 56986 4
0 57045 109 19 63 19 189
0 57051 225 8 13 48 160 107 3 6 30 31 52 85 42 24 193 5 180 26 105 51 6 193 195 41 214 121 119 64 3 63 8 66 26 212 89 132 49 36 210 20 98 88 10 34 56 51 58 7 66 6 23 14 58 8 48 29 296 33 11 11 79 16 31 73 75
0 57139 104 75 117 125 24 68 18 140 187 205 5 46 61 44 7
0 57421 75 148 80 27 97 38 119 163 121
0 57541 149 9 215 66 16 24 148 24 21 59 39
0 57545 43 16 32 51 115 69 530 40 42 106 3 22 32 119 39 24 108 8 4 23 59 5 127 41 245 105 74
0 57546 26 88 4 26 24
0 57756 6 2 46 7 315 1 323 58 434 37 164 109 53 244 158 75 29 10 33 12 374 7 105 78 30 27 111 84 20
0 57884 22 18 20 18 93 10 43 3 107 17 263 41 24 36 14 2 167 54 26
0 57941 160 3 23 93 211 64 60 30 131
0 58326 120
0 58366 13 8 52
0 58680 490 2 29 24 114 1 47
0 59231 3 4 175 119 36 25 30
0 59270 34
0 59433 25
0 60043 101 7 63 109 279
0 60065 51 64 109 13 95 105 151 88 113 107 28 124 132 2 47 152 15 127 254 78 94 49 31
0 60269 76 87 29 51 129 6 143
0 60311 94 44 52 37 197 38 84 124 25 18 89 10 60 96 55 23 50
0 60496 219 41 45 10 195 61 8 114 22 22 45 46 127 1 112 21 86 18 37 105 16 52 24 5 317 15 360
0 60958 125
0 61021 111 64 27
0 61030 40 89 66 104 152 20 167 51 104
0 61075 102 3 321 94 61
0 61214 17
0 61499 110
0 61731 114 66 142 22 49 14 106 91 116 26 71 11 65 12 101 55 17 126 46
0 61775 99 78 508 122 398 10 76 163 121
0 61848 13
0 62019 26 41 240 2 114 39 51 56 140 117 152 12 137 30 166
0 62077 121 29 291 80 58 23 35 143 65
0 62172 272 32 273 78 68 13 281
0 62331 6 18 145 153 87 28 108
0 62418 210 141 18 40 49 48 124
0 62506 16
0 62551 58 26 146 45 9
0 62662 25 11 93 28 122 49 64
0 63212 100 28 71 166 55 86 312 18 70 35 78 36 3 62 29
0 63515 32 4 185
0 63636 44 16 271
0 63749 52 48 46
0 63919 231 83 154 235 32 52 182 2 26 23 62 13 114 33 56
0 64125 24 86 55 99 316
0 64209 57 83 306 99 259 12 73
0 64431 144 16 7 6 53 4 222 3 200 57 100 58 183 76 247 1 3 5 229
0 64631 96 48 103 14 197
0 64830 57 7 131
0 65348 54 1 17
0 65379 159 27 113
0 65394 21 72 166 25 346
0 65481 7 40 416 30 66
0 65526 106 4 2
0 66035 194 1 15 84 181 139 19 21 56 87 209 56 160 49 103 46 10 4 13 54 771 14 148 51 80 185 41 14 37 5 34 103 268 164 84 165 2 32 45 182 61 18 80
0 66049 52 35 1 20 144 10 133
0 66330 43 79 72 1 49
0 66542 55 39 43 25 92 129 53 96 90 17 104
0 66985 107
0 67363 169 22 10 83 163 17 11
0 67399 92
0 67709 208 62 71 67 115 14 21
0 67886 42
0 67921 82
0 67954 57 123 17 62 109 13 206
0 68100 100 16 7 137 29 78 46 76 45 15 98 123 3 168 29 100 153 58 178
0 68516 3 5 23 33 47 27 9
0 68567 1 7 11 28 79 113 278
0 68897 15 89 14 69 64 54 48
0 68992 4 8 50 55 117 16 7 13 65
0 69052 93 41 75 30 41 31 31 3 32 42 133
0 69501 138 19 43 31 94 37 97 11 37 184 47 3 78 41 2 17 257 3 82
0 69625 97 31 51 34 48 112 43 12 114 31 277 27 108 22 63 81 40 131 259
0 69789 100 55 91 5 9 65 245
0 69862 36 88 44 30 54 2 104 52 23 30 10 53 48 1 19
0 69958 42 26 183
0 70400 14 114 45 11 122 4 75 72 34 29 64 23 17 184 66 51 115 107 135 26 54 36 23 86 56 3 577 4 5 48 42 59 39 43 343 1 4 2 58 26 464 5 2 40 31 91 392 43 67 7 8 133 513 3 48
0 70477 58 34 43 38 125 116 9 2 206 69 61 67 24 37 741 8 19 19 498
0 70600 11 168 51
0 70608 11 34 25
0 70681 51 127 276 8 96 26 39
0 71048 14 5 24 9 8
0 71380 236 77 22 80 439 5 101 18 29 8 8 161 100 8 77 19 39 13 153
0 71441 74 86 18
0 71516 58 10 16 70 54 57 160 39 389 115 251 56 5 6 181 1 25 36 16 48 20
0 71544 56 2 251
0 71673 52 26 70 20 81 35 13 55 80 54 28 135 127 80 182 8 128 118 83 71 69 131 428 104 286 38 140 45 104 50 72 3 27 17 560 12 203 2 58 24 23 28 59 232 119 30 354 17 75 30 50 1 62 4 164 46 238 15 132 31 20 7 186 133 40 60 15 24 29 81 312 64 144 83 81 12 23
0 71776 74 47 15 1 59 1 22
0 71797 74 1 172 39 110 56 186 45 63 67 100
0 72164 4 113 22 1 361 220 105 39 51 29 233 26 126 17 60
0 72601 231 1 129 70 35 23 133
0 72644 161 21 81 54 131 51 16 114 81 25 179 4 60
0 72847 160 15 340 17 241
0 73389 96 41 124
0 73435 129 2 2 44 299
0 73971 62
0 74008 22 7 48 67 53 58 201 24 135 35 1 49 67
0 74076 101 97 89 48 102 27 191
0 74560 142 42 79 6 54 13 63 2 7 12 14 141 56 7 48 80 178 38 72 189 8 70 9 22 112 6 180 25 94 25 75 264 129 11 8 105 97 55 64 34 45 52 12 2 97 6 173 79 343 152 127 8 172
0 74881 226 10 27 57 28 74 91
0 75019 38 94 10 25 98 32 39 13 5 104 86 8 21 33 38
0 75091 168 7 287 4 84 53 390 52 13 38 262
0 75204 266 30 333 32 211 11 340 18 101
0 75269 199 27 90 99 66
0 75323 93 317 121 70 324 60 32 48 63 31 17 47 237
0 75328 19 72 112 2 171
0 75339 11 39 73 64 118
0 75479 128 54 91 15 54 46 6 14 247 84 90 138 27 26 15 4 53 4 55 21 2 12 128 39 92 75 17 60 81 40 67 48 34
0 75499 2 27 355
