0 0 273 13 13 52 13 148 22 25 390 155 66 107 13 12 203
0 68 66 100 64 45 56 50 107 3 143 1 46 138 39 5 833 47 60 75 156 25 4 5 12 130 320 194 142 17 1 37 331 25 47 25 79 55 159 5 252 126 130 18 311 6 145 5 35 116 48 100 197 27 17 81 50 99 60 137 48 50 220 27 94 23 73 10 90 63 41 3 69 44 10 72 168 38 97 57 3 38 80 77 96 9 61 202 40 62 72 18 35 59 51 16 136 107 249 38 48
0 75 8 124 23 12 152 29 136 57 13 14 124 25 2 13 375 15 128 130 25 191 9 102 9 78 176 41 173 122 20 123 396 37 20 69 140 5 370 3 153 27 57 21 28 8 53 1 44 131 16 28 80 21 29 9 222 3 462 90 63 9 140 24 325 182 87 2 161 37 18 36 115 6 138 52 138 124 143 38 1 5 32 96 15 148 150 128 34 5 26 42 251 98 51 14 80 39 91 217 55 19 91 47 26 11 152 3 28 11 86 80 22 2 5 88 150 34 8 3 52 14 21 86 153 23 137 58 63 76 230 115 61 113 62
0 505 191 47 9 105 39 8 180 17 36 63 93 156 101 38 7 33 467 49 217 3 174 3 32 9 74 148 40 151 22 45 22
0 796 115 7 2 39 162 29 74 67 48 27 65 2 55 1 26 154 75 47 29 17 110 82 129 101 117
0 1155 102 33 6 37 120 6 202 34 405 40 24 10 78 87 331 16 66 2 81 28 9 34 594 107 192 51 67 8 67 38 18 14 67 36 60 59 258 9 16 6 19
0 1406 148 67 95 19 72 23 250 15 194 9 51 9 6 20 117 21 111 9 69 9 313 29 50 34 54 68 3 92 70 41 32 37 126 85 51 91 352 24 111 11 48 39 30 21 51 92 50 83 76 44 146 160 126 26 363 64 133 104 191 9 11 34 131 177 7 56 70 53 87 28 104
0 1468 9 26 42 13 281 40 136 110 49 18 275 31 97 11 2 59 108 201 17 29 32 3 24 48 136 75 5 18 240 7 5 9 58 92 12 119 171 115 62 1 54 85 6 29 317 16 197 5 51 36 53 56 92 16 302 12 60 50 50 12 7 61 77 16 65 124 102 47 175 3 21 57 39 1 161 25 65 17 146 32 366 261 7 26 20 43 11 16 179
0 1486 184 63 178 20 19 2 22 3 10 14 88 62 304 18 3 26 5 15 168 1 53 59 79 5 102 47 94
0 1665 70 126 6 81 27 68 105 100 248 48 467 172 28 45 31 3 14 4 23 90 68 1 83 197 46 1 122 9 67 1 15 88 149 21 2 45 117 37 5 29 7
0 1704 4 14 27 56 75 36 69 25 194 72 132 22 73 64 88 11 312 100 29 3 172 5 22 39 118 21 65 57 307 5 438 39 351 18 135 78 149 43 233 115 10 53 16 56 94 132 63 95 13 80 89 12 22 62 151 260 300 18 145 123 93 181 52 82 27 147 80 5 104 54 101 47 201 40 46 132 45 37 340 15 151 18 66 7 100 42 115 104 15 35 27 10 4 3 225 27 25
0 1900 92 28 48 34 139 47 131 34 90 111 61
0 2096 57 26 6 109 8 36 100 21 161 103 77 3 3 15 10 89 109 69 111 4 3 107 103 48 151 53 171 26 9 33 34 7 65 50 253 33 526 55 85 2 46 84 67 39 37 40 8 37 36 42 440 21 51 29 217 33 11 41 42 93 85 66 142 77 328 41 29 15 1
0 2919 15 34 193 57 145 69 120
0 2923 150 42 123 163 27 9 7 70 5 16 64 92 3 46 267 78 109 65 4
0 3070 145 37 116 50 104 22 129 57 27 60 41 82 120 58 21 128 13 77 61 38 35 2 134 50 164 36 62 21 151 53 107 25 108 64 10 115 12 34 52 41 115 6 77 42 16 16 3 61 89 22 210 115 12 37 69 84 155 46 11 14 180 55 20 6 24 12 464 11 257 10 11
0 3074 210 53 45 102 29 62 15 44 466 35 16 69 74 9 35 16 78 209 353 7 200 33 71 200 268 16 61 11 26 3 1 30 160 72 81 22 512 18 142 57 39 12 47 50 74 44 38 8 189 46 56 104 86 34 297 41 174 25 48 27 2 11 20 19 24 25 113 44 242 46 7 1 1 52 75 48 182 23 12 40 78 9 15 30 21 141 86
0 3198 244 9 103 50 41 33 50 27 10 103 50 5 40 54 97 73 2 22 41 113 9 64 28 48 33 73 128 191 96 44 196 57 44 52 376 11 61 3 38 19 47 40 203 14 63 63 256 38 242 48 147 58 135 135 20 89 9 132 126 8 215 74 107 106 22
0 3239 68 16 16 21 34 65 30 11 188 175 101 42 272 38 86 4 68 34 85 25 133 23 21 34 6 33 52 168 104 12 80 113 180 5 77 17 42 5 234 43 102 48 4 28 541 6 126 43 250 45 378 4 246
0 3307 30 139 77 14 2
0 3311 19 18 17
0 3324 163 37 54 6 87 11 20 116 242 5 89 60 29 5 96 74 279 36 9 2 161 36 170 90 155 71 226 85 12 24 162 53 182 38 75 95 95 132 179 2 73 6 88 44 14 7 259 95 177 1 27 23 8 7 36 8 127 40 162 56 421 2 40 14 41 48 32 31 107 13 150 61 89 259 73 18 26 133 46 50 81 12 67 4 10 4 229 19 88 61 130 23 77 7 84 20 28 65 202 57 36 92 18 57 48 24 7 25 81 7 28 43 1 41 64 81 9 2 76 64 115 125 26 81 75 11 14 35 128 116 77 7 491 56 27 20 41
0 3606 263 34 34 37 227 34 92 12 80 100 4 23 41 14 47 13 38 19 141 30 50 53 240 22 235 42 83 61 10 50 96 23 162 18 67 18 97 23 156
0 3723 61 20 41 15 10 4 6
0 3843 182 31 126 20 15 24 90 182 81 30 20 174 14 8 14 213 304 36 151 104 68 11 23 238 168 155 73 42 49 86 8 7 216 23 121 28 132 1 37 19 31 23 63 49 79 12 1 24 12 116 294 13 28 58 62 92 75 19 18 56 274 112 29 21 190 63 123 19 1 51 19 3 92 38 137 60 45 70 64 27 154 13 415 259 31 46 35 222 60 22 85 38 97 69 37 28 83 88 10 27 6 32 293 46 102 53 13 62 28 2 128 63 124 57 3 57 31 95 66 57 84 26 535 1 368 230 114 7 42 17 41 1 110 55 304 2 178 48 118 23 66 46 88 30 29
0 4055 86 26 60 55 35 9 254 25 96 68 124 1 147 89 167 28 24 31 127 12 5 27 65 39 82 64 121 14 44 24 210 105 219 45 2 47 65 19 87 33 140 61 474 1 46 9 46 35 15 16 6 102 41 5 85 95 136 116 337 10 10 128 11 111 7
0 4159 134
0 4408 66 3 4 70 136 38 11 13 62 55 59 80 227 91 472 117 244 27 51 31 43 31 160 4 14 5 50 97 22 139 8 5 125 39 610 13 135 118 2 28 140
0 4416 69 28 126 21 74 97 32 94 147 16 12
0 4427 27 75 221 23 383 42 195 41 13 91 3 34 294 43 333 22 224 90 8 63 9 141 201 39 377 55 37 113 13 120 30 13 25 92 46 6 157 67 320 11 36 22 68 72 6 113 169 4 92 36 12 5 27 11 87 12 29 14 18 34 195 21 41 7 82 28 157 29 50 97 16 17 287 18 20 11 36 16 205 24 493 7 108 11 5 3 56 24 54 32 72 1 537 81 275 9 248 217 232 22 44 27 72 34 33 20 278 11 71 30 89 27 23 62 230 26 80 127 11 47 108 21 328 14 143
0 4813 29 91 72 3 54
0 4814 44 9 229 16 102 1 53 10 74 41 20 94 102 4 8 9 5 54 68
0 4975 188 38 4 20 147 61 3 18 11 23 92 19 197 74 26 17 82 12 597
0 5097 157 13 78 105 163 34 116 6 225 28 87 36 70 56 108 102 338 24 158 15 4 6 138 11 72 109 62 37 40 22 12 86 20 40 95 39 123
0 5784 39 69 254 5 432 52 28 33 233 44 19 22 215 3 17 25 155 118 10 248 104 42 299 22 9 19 113 138 101 47 64 10 87 30 129 57 106 99 154 13 21 70 10 17 20 51 6 13 121 59 101 96 40 19 41 46 27 92 369 51 147
0 5933 132 40 167 35 11 9 56 85 34 209 192 22 87 75 11 11 83 103 84 22 41 32 14 67 176 31 21 152 11 183 71 32 124 113 30 81 82 25 111 19 36 66 114
0 5963 30 31 63 39 299 35 49 31 71 44 22 1 87 107 15 33 42 5 63 11 32 10 79 18 123 112 280 70 74 109 31 47 288
0 5985 105 23 22 84 105 82 33 94 192 54 15 11 52 126 153 8 7 30 78 52 52 22 86 34 160 99 123 6 177 111 7 82 112 43 281 26 103 10 19
0 6170 201 58 39 138 184 20 31 2 135 127 1 82 20 76 98 19 100 125 54 22 19 24 133 80 114 42 128 53 143 6 180 80 95 112 189 96 132 13 26 99 121 37 109 46 93
0 6456 23 21 5 27 81 23 312 23 2 9 140 26 154 3 100 66 105 101 8 8 8 22 136 61 264 1 95 16 83 82 38 66 5 44 171 7 41 24 81 5 138 173 81 73 122 16 10 25 156 82 8 61 53 32 252 44 259 63 25 66 378 11 12 21 175 84 247 49 252 25 47 20 128 78 18 43 79 133 202 37 121 52 11 42 77 1 503 5 229 39 327 11 100 4 577
0 6464 37
0 6587 463 10 89 63 13 48 285 7 9 53 406 19 1 75 200 115 26 32 1 12 71 55 31 12 15 53 23 17 7 25 48 101 3 45 9 70 291 38 118 44 15 15 218 33 239 5 181 127 169 38 112 23 74 47 117 10 61 12 53 8 99 155 95 80 245 23 54 36 115 74 20 34 32 5 73 48 253 52 221 209 301 151 69 18 90 26 104 1 117 43 216 31 129 9 8 9 156 6 14 56 17 1 248 53 104 49 91 86 149 31 13
0 6705 132 8 24 15 402 15 12 8 151 152 130 51 54 33 171 9 74 9 186 54 229 10 13 15 27 12 70 51 108 132 264 1 66 1 26 10 273 36 79 41 10 53 7 16 113 1 61 12 4 53 7 24 231 16 83 16 42 44 68 39 196 23 248 73 8 14 1 59 43 57 67 67 16 54 47 65 188 65 83 34 63 121 88 212 36 4 169 74 118 9 52 6 129 65 18 116 78 50 107 39 3 140 212 15 58 36 186 7 86 22 116 57 8 54 242 39 71 81 116 48 305 105 22 32 199 22 54 13 22 10 229 104 223 18 53 40 4 168 114 54 23 9 292 65 176 37 10 46 100 2 3 50 81 77 4 32 260 73 92 27 5 43 66 39 111 63 108 10 68 72 5 136 4 13 147 13 269 74 26 54 29 199 3 251 137 74 51
0 7221 356 53 94 28 21 86 82 82 78
0 7292 10 34 37 40 150 103 232 158 86 22 34 64 63 2 173 149 286 56 52 19 7 4 116 1 207 5 254 113 103 7 21 95 33 80 65 103 40 28 107 85 302 4 10 13 25 32 29
0 7346 83 27 112 9 4 21 245 19 57 38 66 90 136 28 164 23 169 175 19 64 12 27 194 39 11 54 15 80 89 155 66 39 36 98 232 10 254 27 401 27 15 38 60 2 131 31 29 35 185 39 228 24 36 22 109 45 157 56 50
0 7671 118 11 4 22 46 6 55 4 137 52 24 58 96 55 162 113 1 36 196 16 71 15 89 194 72 159 283 42 38 33 87 50 212 97 13 92 10 42 12 69 43 104 7 16 23 32 153 9 16 3 11 76 28 3 29 30 339 30 392 12 31
0 7843 97 28 95 61 181 18 96 18 3 72 15 66 16 43 115 8 58 9 73 4 131
0 8035 189 16 48 138 294 25 500 35 31 12 154 111 7 138 25 112 359 80 118 52 164 18 33 115 23 95 127 165 148 112 32 63 122 38 127 54 58 21 37 33 63 44 32 84 301 3 15 73 52 9 224 86 40 15 165 151 55 3 55 33 76 22 25 1 59 13 36 110 19 116 13 25 40 17 100 98 240 34 137 2 141 230 33 1 121 12 68 59 71 114 48 129 66 57 333 136 132 3 441 85 1 68 61 82 11 295 181 75 190
0 8239 206 156 144 19 71 84 55 54 1 111 51 11 408
0 8315 201 18 34 19 136 48 25 96 157 178 156 40 19 72 216 29 109
0 8556 109
0 8746 58 83 5 3 45 76 17 31 2 48 52 54 8 8 42 84 510 19 80 6 321 12 76 98 53 28 368 13 38 123 217 58 214 91 59 74 1 164 106 82 64 395 47 112 174 1 48 113 25 13 210
0 8967 20 224 101 28 75 29 319
0 9035 292 80 198 47 99 59 48 9 231 130 74 136 50 3 140 22 80 9 67 3 121 20 34
0 9179 9 7 74 57 46 35 39 12 149 54 30 34 202 139 158 92 23 100 301 43 49 41 95 6 153 23 511
0 9455 1 45 77 81 120 7 6 28 12 51 24 108 69 40 64 11 119 54 44 82 459 28 75 66 96 26 104 15 220 95 35 69 116 31 27 26 65 89 134 29 132 3 91 29 23 71 20 104 17 18 115 12 44 32 85 1 79 188 9 104 51 126 77 84 47 17 16 10 19 154 6 55 120 79 17 32 10 79 42 13 63 53 15 186 193 10 23 6 193 177 274 61 63 18 3 24 119 57 57 1 75 140 11 23 367 24 24 84 9 40 264 48 216 253 2 98 73 230 169 122 444 20 151 45 26 20 142 30 57 44 9 39 12 123 83 112 33 61 36 12 15 38 90 84 53 2 166 1 64 28 110 51 77 36 4 44 191 25 274 8 34 44 22 44 50 34 171 13 59 30 446 101 198 66 34 29 128 22 100 42 15 150 11 27 129 1 330 33 45 106 142 15 320 27 84 79 11 92 36 45 3 43 3 9 54 66 24 60 43 2 229 28 111 15 2 5 16 251 233
0 9594 54 30 24 28 124 33 90 76 335 4 63 9 23 66 96 53 10 130 66 5 75 18 38 63 83 47 36 72 38 77 59 38 48 38 15 32 10 79 36 49 35 53 144 54 126 43 14 36 273 83 77 64 229 125 2 17 56 17 172 6 120 102 264
0 9743 46 18 80 23 28 44 81 30 19 14 57 3 12 29 103 100 112 1 181 8 149 207 5 45 260 6 170 13 145 5 15 37 341 55 143 7 418 6 81 21 108 15 2 22 7 103 42 2 119 13 13 90 53 5 118 11 48 7 39 380 110 27 18 6 342
0 9774 58 31 59 14 56 55 103 33 126 64 39 51 80 42 99 59 9 112 99 62 18 7 54 95 21 97 402 91 120 152 40 27 331 27 29 59 39 5 397 38 47 41 60 63 7 107 16 90 103 179 128 19 357 14 57 57 17 32 241 27 73 175 79 25 17 12 114 39 83 18 654 100 320 5 22 42 107 94 90 102 37 39 135 50 70 60 10 45 301 31 219 4 147 20 188 24 165 28 5 18 111 29 32 80 15 4 64 93 312
0 9880 47 43 34 9 20 15 142
0 10028 6 114 6 229 191 46 25 21 194 49 130 126 65 4 20 5 54 68 19 2 70 2 11 41 82 60 80 42 140 63 97 4 34 30 12 43 189 149 58 29 46 32 43 52 105 179 10 6 28 46 48
0 10095 296 43 415 6 18 142 60 16 203 21 110 3 11 52 388 17 96 33 187 85 410 11 9 38 32 91 13 21 19 92 205 262 274 42 62 12 68 18 122 67 137 21 15 79 25 70 232 5 133 6 160 52 17 98 73 9 140 23 305 19 20 64 49 25 117 160 25 55 80 20 272 107 83 12 227 61 134 112 83 101 42 88 213 229 129 10 74 46 69 65 194 27 263 40 92 27 110 104 40 202 25
0 10116 134 146 132 2 115 62 407 314 54 55 271 45 135 15 48 71 70 57 27 44 139 113 63 1 55 36 255 27 71 44 59 52 31 122 17 41 84
0 10325 82 26 114
0 10343 161 32 72 4 208 61 300 71 70 51 116 2 19 60 126 35 174 23 37 25 36 4 139 103 83 29 42 59 53 93 38 26 94 71 12 82 20 36 43 36 88 117 28 115 205 30 100 16 55 48 117 19 137 7 115 38 393 77 18 146 17 10 11 29 260 3 9 26 96 12 32 18 60 1 315 77 98 107 169 27 89 52 102 2 420 39 5 12 22 37 670 14 442 35 36 82 187 98 256 12 113 117 15 4 21 33 108 14 378 29 60 22 79 13 262 111 86 40 19 120 188 30 44 26 105 1 19 35 9 43 9 43 310 74 47 40 190 115 112 73 185 34 29 8 199 2 95 5 19 25 29 38 38 64 6 101 28 3 183 131 65 3 109 10 24 29 12 128 7 3 80 81 87 20 26
0 10362 34 82 19 60 126 6 69 27 11 7 163 33 9 12 29 79 54 19 85 55 80 9 109 95 37 2 148 25 28 61 306 72 152 68 117 84 49 19 182 23 62 84 33 11 9 4 250 65 13 26 9 41 103
0 10510 117 13 33 38 233 156 83
0 10563 368 2 24 40 48
0 10630 4 38 8 88 5 188 76 31 21 16 56 86 306 12 425 30 232 29 47 197 10 19 147 81 112 35 28 35 30
0 10808 17 21 210
0 10843 85 32 92
0 11098 18 63 5 80 6 55 13 12 158 1 409 21 14 6 454 128 159 54 299 82 76 70 42 251 24 258 53 24 5 6 27 74 17 17 129 13 223 2 210
0 11286 72 34 182 26 26 106 8 6 39 20 435 44 140 2 67 88 40 136 102 18 159 50 131 54 2 25 12 12 14 17 33 86 2 127 24 59 181 83 35 50 42 57 24
0 11459 93 15 51 2 37 105 54 72 85 12 70 7 23 107 36 37 97 17 171 184 183 23 142 18 16 17 292 28 91 29 9
0 11481 18 140 28 90 247 225 5 66 1 32 145 15 83 59 10 32 169 49 227 84 91 37 38 29 290 70 108 48 41 60 11 10 26 6 6 51 16 2 76 112 9 7 348 12 10 57 325 43 18 64 36 43 1 10 346 99 31 69 83 139 135 26 9 61 83 50 123 111 478 16 7 38 70 106 166 4 208 11 103 285 165 86 275 25 7 47 482 99 62 103 46 26 40 12 53 28 91 8 201 24 122 56 208 41 134 17 167 17 87 109 77 27 137 61 36 65 71 3 29 6 50 61 83 55 78 15 144 9 77 8 31 14 37 14 18 29 23
0 11629 8 12 68 45 141 4 47 21 15 32 3 36 104 12 18 58 109 71 32 98 111 4 24 40 309 93 1 1 52 363 126 139 4 26 52 17 9 82 52 25 50 81 59 30 41 14 63 22 40 70 32
0 11760 44 44 43 57 240 23 72 5 376 149 99 132 339 38 160 56 2 46 68 107 138 3 249 35 18 18 84 37 42 43 158 54 20
0 11934 122 22 88 9 32 191 103 12 146 65 47 31 47 7 182 81 29 74 5 31 206 24 26 15 30 22 362 178 30 32 271 40 28 17 84 31 263 24 87 28 18 38 51 29 30 34 25 20 33 59 7 2 146 54 60 1 15 71 28 155 11 1 62 62 61 19 245 91 80 95 179 18 227 48 96 65 55 16 56 127 6 3 29 3 67 6 117 15 8 9 182 40 25
0 11952 239 59 8 11 150 57 52 85 14 69 10 28 34 9 68 24 71 22 126 63 105 1 22
0 12014 27 26 204 70 26 4 64 7 4 119 64 10 119 52 95 3 83 82 121 39 30 25 5 39 28
0 12044 17 111 33 8 32 14 91 20 37 73 22 193 26 3 242 5 363 113 35 38 94 48 49 9 1 54 413 55 145 2 107 107 212 33 19 28 53 49 23 39 78 17 347 12 167 83 17 63 12 72 1 120 125 7 72 131 41 19 307 2 17 25 58 65 13 17 9 33 70 41 75 117 56 249 146 24 36 9 20
0 12165 74 19 23 78 21 37 54 28 29 57 22 10 123 40 122 25 116 69 76 1 141 24 194 122 12 19 4 19 25 66 17 73 291 242 32 12 128 9 50 108 459 46 29 13 152 42 80 238 201
0 12203 94 68 366 5 66 21 18 9 26 11 150 53 35 25 73 159 261 125 124 20 152 7 161 42 53 60 49 51 124 141 78 18 4 14 22 312 376 49 50 19 11 19 130 22 113 6 203 117 57 69 25 261 74 10 191 4 65 142 85 8 188 27 102 41 7 132 264 31 115 6 86 12 116 10 271 61 82 72 79 46 222 87 11 21 9 61 217
0 12213 182 155 61 34 186 32 2 93 46 84 129 50 48 243 63 102 26 30 296 5 33 95 123 41 61 144 70 30 129 144 61 10 17 38 181 1 145 25 47 27 24 7 123 11 355 5 77 12 79 175 189 38 194 26 98 30 604 38 30 19 26 41 10 112 1 41 39 87 192 33 115 35 107 1 53 97 9 11 4 86 175 9 136 12 31 125 36 16 56 11 78 2 11 43 308 25 595 134 201 25 46 23 35 42 17 94 110 23 84 32 23 32 113 4 172 39 51 14 33 39 18 18 37 73 24 17 46 7 97 85 152 32 159 26 4 4 47 217 10 191 17 7 109 134 13 137 109 38 9 44 5
0 12237 16 53 3 78 125
0 12297 213 34 45 58 166 4 113 3 46 54 40 5 322 120 57 43 48 6 2 20 13 6 83 41 21 149 14 17 2 13 149 66 23 32 169 11 53 50 90 103 8 8 67 189 24 75 17 14 200 23 179 6 85 55 11 42 72 10 41 141 241 22 118 40 84 114 52 72 45 2 120
0 12879 27 108 420 13 201 48 39 32 44 40 34 20 164 17 101 48 11 79 82 26 239
0 13058 228
0 13359 533 100 2 56 169 7 204 1 136
0 13559 68 7 7 23 91 83 208 5 56 69 44 43 3 15 125 19 39 17 124 51 6 99 66 43 42 2 26 6 144 78 269 79 43 34 33 20 27 90 50 45 8 140 26 8 226 28 429 7 62 19 1 5 199
0 13615 81 29 101 13 37 100 47 6 3 107 94 36 447 39 95 249 109 91 31 297 38 12 122 6 665 109 122 25 133 24 252
0 13749 60 21 271 34 104 39 132 144 59 8 22 37 119 47 39 234 57 126 73 6 76 7 197 52 32
0 13853 6 16 222 25 26 116 20 234 15 190 58 6 176 75 90 20 18 39 227 19 184 1 119 76 214 22 94 13 27 28 26 49 83
0 14114 75 20 134 6 10 1 71 120 180 9 1 103 22 15 39 78 31 46 136 48 33 24 43 47 7 201 44 117 89 225 8 92 145
0 14116 127 27 48 7 34 33 38 116 20 31 65 75 124 7 75 42 195 42 3 2 11 117 351 63 139 127 94 35 125 11 19 96 38 21 67 54 65 44 92 26 11 23 46 22 45 3 171 20 262 6 70 44 144 7 28 26 74 13 199 111 16 59 43 49 21 28 18 111 35
0 14191 36 151 31 1 150 3 20 93 2 4 37 39 243 28 30 7 52 208 167 15 144 15 285 27 48 11 81 77 136 1 275 49 41 24 56 4 190 27 125 58 55 116 249 197 7 73 96 90 352 52 99 28 260 21 69 45 80 35 59 33 142 10 80 35 44 13 1 2 59 10 22 123 203 27 80 4 148 15 20 19 312 61 45 42 104 116 31 4 211 51 39 37 168 66 7 32 211 48 38 57 166 27 5 48 37 1 76 2 36 20 109 19 63 19 189 316 4 113 16 7 95 80 214 2 11
0 14282 52 85 42 24 193 5 180 26 105 51 6 193 195 41 214 121 119
0 14286 126 4 131 13 423 45 264 25 71 105 40 49 175 5 67 28 102 29 13 33 11 12 28 29 15 24 58 148 66 6 21 40 32 16 146 38 135 30 104 75 117 125 24 68 18 140 187 205 5 46 61 44 7 38 188 38 296 40 53 49 76 60 326 61 100
0 14510 17 108 132 8 47 74 47 11 118 20 260 2 43 16 32 51 115 69 530 40 42 106 3 22 32 119 39 24 108 8 4 23 59 5 127 41 245 105 74 24 1
0 14774 4 26 24 139 140 3 3 23 13 158 1 162 115 217 73
0 15101 53 244 158 75 29 10 33 12 374 7 105 78 30 27 111 84 20 88 86 11 36 10 35 47 19 22 6 54 34 132 81 12 71 7 3 84 107 13 79 19 160 3 23 93 211 64 60 30 131 5 257 60 30 14 13 8 52 29 210 245 4 15 48 57 2 24 52 184 3 4 175 119 36 25 30 2 26 17 8 55 25 16 407 51 13
0 15428 279 114 15 26 127 55 25 48 210 76 176 57 213 14 247 66 4 24 303 8 254 127 155 47 98 16 63 68 76 87 29 51 129
0 15643 168 14 94 44 52 37 197
0 15769 248 13 35 45 19 30 191 28 45 25 269 62 219 41 45 10 195 61 8 114 22 22 45 46 127 1 112 21 86 18 37 105 16 52 24 5 317 15 360
0 16231 125 10 42 56 128
0 16337 6 20 177 33 207 76 40 84 102 52 39 15 102 3 321
0 16428 3 47 17 5 190 55 185 78 114 66 142 22 49 14 106 91 116 26 71 11 65 12 101 55 17 126 46 41 29 50 156 254 243 199 19 38 326 61 7 25 13 73 114 13 82 120 3 57 77 26 111 70 233 76 24 69 60 83 79 20 121 29 291 80 58 23 35 143 65 32 64 136 63 137 156 34 26 141 67 53 6 18 145 153 87 28 108 29 58 105 281 9 80 25 95 62 5
0 16452 50 15 58 26 146 45 9 28 74 13 21 47 55 61 98 32 140 184 100 28 71 166 55 86 312 18 70 35 78 36 3
0 16495 20 101 32 4 185 14 81 22 32 136 16 38 52 48 46 70 114 116 165 77 470 16 104 91 4 13 46 31 25 57 65 28 50 69 24 86 55 99 316 28 56 29 166 153 197 130 23 37 171 74 144 16 7 6 53 4 222 3 200 57 100 58 183
0 16865 1 2 10 115 36 67 96 48 103 14 197 15 133 29 13 66 20 173 54 1 17 13 21 80 53 57 42 5 21 72 166 25 346 23 58 4 80 208 60 33 30 15 106 4 2 215 340 97 1 8 167 91 278 10 42 28 173 105 111 80 98 52 92 5 7 7 107 386 27 74 101 40 369 21 28 19 9 17 206
0 17357 84 165 2 32 45 182 61 18 80 26 9 26 69 1 39 72 20 67 49 94 43 79 72 1 49 46 141 28 78 22 49 46 258 27 191 45 34 52 2 148 107 29 252 85 44 5 166 82 34 6 8 12 92 32 207 104 123 36 133 58 28 11 1 59 42 4 24 41 54 11 57 123 17 62 109 13 206 88 97 50 31 4 274 15 155 23 152 23 30 49 245 2 335 15 199 77 115 89 61 139 3 5 23 33 47 27 9 32 34 1 14 6 56 40 225 139 63 110 15 89 14 69 64 54 48 42 64 2 15 25 110 59 32 4 26 33 96
0 17497 81 38 60 21 61 16 6 16 83 67 183 150 138 19 43 31 94 37 97 11 37
0 17567 5 39 82 1 33 129 5 41 179 42 97 31 51 34 48 112 43 12 114 31 277 27 108 22 63 81 40 131 259 30 110 50 110 46 9 5 129 123 150 25 36 88 44 30 54 2 104 52 23 30 10 53 48 1 19 11 64 21 52 92 543 148 14 114 45 11 122 4 75 72 34 29 64 23 17 184 66 51 115 107 135 26 54 36 23 86 56 3 577 4 5 48 42 59 39 43 343 1 4 2 58 26 464 5 2 40 31 91 392 43 67 7 8 133 513 3 48 87 52 29 67 22 76 63 232 5 3 103 137 31 133 12 74 371 15 10 38 249 13 41 11 168 51 6 5 6 68 13 65 25 51 127 276 8 96 26 39 22 245 7 9 12 18 4 175 111 236 77 22 80 439 5 101 18 29 8 8 161 100 8 77 19 39 13 153 14 41 37 172
0 17870 50 29 19 8 139 27 114 80 78
0 18215 251 56 5 6 181 1 25 36 16 48 20 7 19 28 3 126 767 43 52 26 70 20 81 35 13 55 80 54 28 135 127 80 182 8 128 118 83 71 69 131 428 104 286 38 140 45 104 50 72 3 27 17 560 12 203 2 58 24 23 28 59 232 119 30 354 17 75 30 50 1 62 4 164 46 238 15 132 31 20 7 186 133 40 60 15 24 29 81 312 64 144 83 81 12 23 28 69 37 93 8 2 30 2 11 103 7 74 1 172 39 110 56 186 45 63 67 100 71 245 2 225 11 2 181 440 53 77 26 57 117 52 63 34 30 68 146 231 1 129 70 35 23 133 64 29 81 41 41 107 66 102 8 227 41 50 90 7 30 32 68 160 15 340 17 241 9 361 48 81 62 34 16 129 2 2 44 299 3 357 31 111 13 22 7 48 67 53 58 201 24 135 35 1 49 67 29 46 51 193
0 18358 102 27 191 263 323 71 83 40 12 27 26 32 4 4 24 7 281 28 13 24 159 89 75 36 378 4 139 5 43 56 11 90 49 47 50 38 527 65 22 4 209 49 109 32 68 23 104
0 18363 97 6 173 79 343 152 127
0 18620 69 107 226 10 27 57 28 74 91
0 18758 38 94 10 25 98 32 39 13 5 104 86 8 21 33 38 48 48 84 13 144 7 42 106 195 104 7 76 131 78 38 266 30 333 32 211 11 340 18 101 18 43 100 53 45 197 33 117 18 93 317 121 70 324 60 32 48 63 31 17 47 237 23 3 10 143 56 4 86 43 4 11 39 73
0 18934 316 47 128 54 91 15 54 46 6 14 247 84 90 138 27 26 15 4 53 4 55 21 2 12 128 39 92 75 17 60 81 40 67 48 34 9 13 1 54 178 63 15 29 139 27 24 123 12 81 35 49 41 15 1 84 7 27 43 46 48 77 10 88 14 127
0 18956 365 72 256 31 22 111 37 56 96 19 49 52 129 98 45 125 31 4 16 56 213 140 14 52 38 27 157 35 63 21 221 70 90 21 191 3 25 168 15
0 18960 36 34 166 108 395 4 38 12 85 84 3 31 23 12 157 21 16 58 8 2 43
0 18965 43 35 34 127 26 70 128 136 140 98 237 61 4 3 16 44 187 52 111 182 64 405 5 97 29 21 20 1 90 25 76 27 142 119 39 26 83 55 45 43 25 36 101 38 264 115 39 62 114 11 8 2 30 259 36 25 28 58 4 6 159 25 44 18 20 46 263 8 187 56 246 40 41 52 149 31 282 79 222 8 218 44 65 66 9 87 57 39 314 4 180 36 93 32 63 53 105 60 62 2 48 66 46 56 67 64 12 5 73 30 41 45 48 25 8 46 124 57 50 23 78 118 138 29 214 2 355 122 1 17 54 24 170 32 92 53 111 69 234 10 223 18 15 2 3 33 111
0 18989 12 37 54 145 126 28 381 13 13 2 18 15 77 29 31 2 15 32 185 130 409 449 113 4 299 128 447 8 30 84 34 58 11 66 89 34 1 13 24
0 19008 4 32 23 12 87
0 19065 145 3 21 3 288 7 227 167 396 75 570 13 20 11 35 10 47 126 18 53 42
0 19191 554 40 20 42 40 12 168 42 121 53 24 26 65 44 62 3 421 123 205 29 356 46 27 67 77 149 95 9 17 58 374 30 43 14 10 65 192 41 154 50 117 1 48 30 73 77 64 128 101 32 38
0 19305 137 4 156 41 356 117 259 13 1 24 9 3 114 102 226 10 72 89 17 6 268 46 28 68 7 181 307 37 10 14 75 147 3 41 26 112 145
0 19699 23 8 282 50 122 58 33 6 62 1 26 32 31 40 171 47 116 43 62 25 84 52 18 26 278 40 141 10 45 8 117 102 37 91 20 40 248 13 29 7 64 18 119 36 44 34 54 30 144
0 19860 150 32 66 47 58 108 238 37 19 29 415 113 689 60 16 68 21
0 19981 89 18 142 89 21 2 11 44 1 14 64 29 46 71 51 53 268 21 8 14 46 34 8 2 124 60 160 234 43 57 32 51 379 64 343 32 195 136 109 73 64 67 157 23 75 206 399 26 56 31 19 32 111 55 115 172 68 18 183 2 360 2 25 64 20 56 69 91 44 4 153 17 30 106 230 21 75 26 71 158 119 23 2 95 361 16 56 64 237 11 109 69 39 35 140 14 72 9 42 2 36 2 21 8 241 3 8 98 153 60 46 33 27 39 79
0 20148 2 69 4 43 10 76 145 35 17 21 239 48 258 12 66 4 56 13 151 100 71 113 12 43 8 82 46 17 59 6 144 104 1 7 31 1 123 59 68 154 160 62 17 24 65 135 15 81 31 72 503 33 8 53 108 6 24 93 123 141 152 101 154 40 34 8 64 69 70 26 273 61 5 233 119 12 82
0 20440 100
0 20512 19 22 13 2 65 78 69 37 7 38 447 55 147 112 114 60 124 82 154 17 159 70 119 1 56 30 142 42 9 14 71 64 114 85 137 6 10 111 76 21 60 9 3 116 50 216 157
0 20652 37 4 9 86 164 20 191 41 23 26 46 68 81 13 15 46 150 14 46 6 36 94 340 48 97 24 189 6 107 21 21 9 57 46 30 26 22 10 154 205 26 63 34
0 20923 79 51 97 64 165 22 249 47 230 14 72 30 42 6 56 48 109 54 162 41 28 35 52 6 25
0 21275 22 10 195 49 203 45 483 16 1 33 17 52 57 19 42
0 21331 70 24 63
0 21460 3 69 111 38 86 17 1 45 32 62 16 12 20 71 70 48 17 18 58 21 61 25 1 21 28 7 89 41 54 63 34 23 167 36 6 170 47 26 38 6 488 6 31 277 704 63 52 15 217 30 1 285 112 62 307 47 66 96 28 17 39 3 85 7 145 66 22 56 21 54 53 14 78 31 168 66 14 11 6 138 121 18 319 16 48 17 56 8 6 3 218 89 568 5 42 14 253 16 252 9 36
0 21679 8 6 67 24 240 323 4 3 74 179 78 5 14 318 292 23 76 56 580
0 21717 237 46 69 18 190 33 201 27 144 3 60
0 21768 9 20 3 46 310 38 30 22 43 17 270 69 213 6 64 13 67 30 15 4 54 121 2 11 160 6 31 34 50 74 47 54 61 44 58 39 48 2 295 26 12 15 190 77 9 11 63 28 577 26 236 17 49 16 98 28 77 2 241 35 30 15 11 49 69 39 77 30 105 31 46 38 41 56 88 56 8 27 181 107 29 29 166 52 113 12 45 120 314 52 156
0 22006 185 3 71 28 43 6 83 25 32 129 11 105 51 20 4 119 24 135 26 128 175 42 33 19 124 19 13 46 165 51 231 33 38 16 202 53 42 196 104 13 15 49 192
0 22008 265 36 42 9 103 46 116 26 11 21 269 70 51 13 175 2 177 21 68 1 54 6 231
0 22454 6 44 80 10 81 79 106 28 230 22 186 6 45 29 52 45 29 103 17 73 157 50 37 143 79 16 146 47 36 47 287 103 14 191 268 36 208 58 2 55 101 82 218 64 8 75 76 57 19 25 132 14 236 63 44 46 96 23 11 43 32 37 8 5 167 21 193 20 87 3 105 19 57 33 39 23 112 84 45 3 152 14 116 11 44
0 23021 78 104 82 56 312 158 85 9 6 37 115 40 15 106 265 38 2 14 29 6 197 179 13 122 19 16 57 13 79 11 24 67 316 136 23 194 386 169 5 34 26 15 2 56 46 7 10 78 221 26 83 1 151 22 602 35 33 38 32 30 8 37 95 105 8 221 150 18 31 28 224 58 24 150 72 19 160 55 290 86 26 6 18 51 42
0 23719 194 60 129 52 67 237 68 10 68 157 48 75 222 175 9 28 251 10 17 115 26 15 3 63 75 27 6 4 137 63 117 48 62 20 346 39 229 61 94 90 259 50 52 77 56 7 94 7 49 30 171 7 54 34 38 123 206 9 51 71 185 32 19
0 23744 51 22 182 16 208 13 181 31 44 22 176 60 32 13 170 2 57 33 32 81 53 88 2 56 292
0 23923 1 19 245 1 451 39 21 22 14 66 38 46 24 16 184 165 85 18 69 2 82 71 87 60 34 30 476 24 100 70 52 1 265 4 88 179 43 176 64 6 6 45 79 69 35 9 43 7 20 40 64 49 91 53 14 31 454 15 70 31 102 170 66 31 33 232 257 14 31 5 109 86 11 59 68 28 30 43 3 13 41 13 366 53 28 46 76 137 150 52 126 15 37 49 47 59 27 6 27 16 6 11 109 81 47 12 23 105 129 8 137 34 35 134 24 36 131
0 24121 161 263 135 18 278 71 183 10 108 20 8 5 24
0 24228 6 97 336 39 275 14 39 9 57
0 24378 92 45 36
0 24461 87 6 70 26 15 104 108 39 31 25 68 6 32 36 22 32 89 53 7 127 28 47 183 26 89 82 68 40 186 30 24 76 57
0 24811 214 32 140 38 47 189 272 28 28 1 85 30 22 154 25 20 18 9 47 53 25 6 70 1 207 21 91 43 20 2 12 5 166 19 4 16 355 39 84 7 150 32 162 19 39 69 128 40 122 90 147 24 194 22 10 197 6 51 132 68 131 53 235 167 35 5 111 139 44 15 35 62 7
0 25093 28 160 126 38 73 137 22 57 156 3 56 18 213 78 54 39 61 103 50 29 66 23 75 281 172
0 25467 80 37 63 3 10 89 440 16 62 9 131 3 120 277 164 70 70 235 17 31 5 14 161 109 290 107 120 86 316 60 6 39 18 26 89 46 56 8 84 11 41 111 28 20 64 92 84 102 162 105 246 3 67 101 9
0 25515 24 30 2 38 49 3 23
0 25572 144 26 26 23 226 58 138 21 319 48 27 43 60 34 47 5 18 43 59 6 81 35 149 5 69 58 52 40 166 20 47 7 164 72 94 43 29 40 12 6 733 136 97 72 214
0 25582 7 10 32 12 117 33 46 33 111 92 158 141 122 158 2 105 115 190 261 149 291 12 128 122 2 54 135 71 62 27 8 13 52 35 57 27 76 134 64 35 524 16 204 22 80 34 178 14 18 14 33 48 4 14 1 17 51 12 27 40 99 78 40 96 29 24 103 130 25 27 230 55 53 18 52 7 64 222 99 48 91 60 153 185 49 25 8
0 25832 259 94 29 78 35 41 192 289 29 29 258 68 150 12 62 23 38 34 131 22 8 81 89 69 53 66 104 27 40 57 39 98 58 4 33 139 37 127 124 16 136 5 40 31 45 66 19 27 5 64 82 46 13 59 368 7 36 56 497 33 107 10 103 23 27 25 34 66 19 22 34 4 112 68 52
0 25902 35 17 65 10 45 5 62 10 31 67 45 30 103 111 31 23 34 57 131 30 113
0 26215 25 22 290 15 63 59 97 23 75 187 16 23 41 65 46 38 25 3 23 63 72 49 123 21 95 2 53 44 280 48 10 82 18
0 26526 27
0 26529 166 30 320 19 212 35 22 86 104 41 82 19 87 183 79 15 85 3 151 287 223 56 91 37 51 46 93 25 118 127 23 27 75 10 42 48 79 154 336 16 43 33 86 36 95 31 244 74 200 50 118 109 75 156 191 23 83 7 273 230 35 110 118 14 109 12 35 47 73 62 2
0 26575 133 56 248 46 48 41 33 178 68 9 20 46 5 35 2 5 72 23 97 132 199 48 243 22 108 1 33 11 17 84 230 176 143
0 26722 93 25 66 8 34 114 137 9 6 81 130 84 35 65 30 28 86 26 73 31 7 105 16 2 172 87 13 133 78 85 22
0 27072 56 33 141 32 149 71 20 39 25 30 38 13 84 67 23 36 166 136 44 256 51 242 4 72 63 23 88 31 2 42 68 67 142 7 60 120 175 40 11 59 85 85 38 50 156 35 289 9 53 38 95 62 20 94 166 84 28
0 27273 171 47 82 46 28 20 454 70 79 108 517 6 101 80 3 8 37 38 206 54 23 124 59 7 470
0 27424 17 109 31 14 76
0 27540 118 35 128 19 21 89 159 37 38 50 165 7 50 7 111 170 21 28 234 9 220 16 369 44 180 13 281 21 78 237 24 12 65 117 6 137 2 11 196 100 4 51 352 165 93 33 83 15 39 55 126 3 4 58 76 76 92 114 12 1 134 159 116 39 13 7 65 43 4 56 21 74 34 6 67 2 35
0 27598 105 40 145 7 134 6 56 110 88 9 59 7 147
0 27634 101 16 64 80 69 2 26 48 29 6 36 72 203 63 188 33 7 187 89 85 130 4 140 17 71 14 61 19 319 46 46 107 151 29 28 69 17 7 76 24 74 24 23 6 78 74 57 3 37 15 437 62 95 21 100 19 22 206 4 21 143 62 62 6 187 15 55 14 63 42 83 181 143 48 469 44 220 9 36 7 127 47 106 27 252 7 35 72 73 7 21 1 370 42 46 107 67
0 27641 45 9 247 46 14 32 52
0 27672 77 9 43 21 26 32 117 43 121 44 36 6 48 9 43 10 153 9 7 19 64 84 9 66 99 1 166 26 118 19 100 6 209 80 216 3 37 188 70 16 2 99 82 25 273 22 130 113 133 31 27 115 14 12 113 27 21 33 137 63 353 29 99 67 191 33 127 96 83 48 10 5 30 78 300 83 119 24 24 36 112 13 47 16 4 135 92 6 65 44 9 1 99 18 91 184 447 86 56
0 27785 17 56 56 78 171 11 83 122 43 34 5 107 2 16 1 151 58 148 84 15 34 45 30
0 28158 3 55 115 95 245 12 131 88 62 5 135 15 235 138 23
0 28257 186 35 54
0 28583 1 19 10 18 40 40 48 51 59 9 102 21 130 22 24 24 1 62 148 1 14 50 7 50 54 18 259 26 18 40 11 11 14 84 212 34 145 162 49 2 194 24 20 14 10 35 72 50 9 27 46 26 24 35 72
0 28813 268 19 72 139 207 16 56 76 99 7 16 24 69 6 114 25 26 28 79 162 145 34 51
0 29534 1 195 5 19 216 56 32 35 575 47 61 8 27 9 177 153 26 46 63 50 86 13 123
0 29619 195 1 2 87 125 180 11 17 85 24 100 58 6 12 104 51 51 20 126 13 25 77 147 15 14 65 98 49 177 2 181 4 337 183 290 2 77 9 55 65 223 61 87 55 30 10 83 73 137 83 699 38 7 13 47 1 241 39 15 19 130 6 108 81 172 22 107 30 30 73 39 5 99
0 29736 55 115 12 60 141 70 116 16 110 31 62 10 94 12 50 1 136 102 54 56 109 76 67 44 99 31 8 73 273 62 62 6 32 16 131 70 228 9 61 54 163 21 73 70 8 70 98 24 372 129 143
0 29861 13 108 93 77 481 107 68 39 228 3 27 22 62 5 224 91 295 64 50 29 624 18 11 23 75 24 270 19 63 157 438 79 135 57 58 55 21 80 55 95 85 120 147 165 105 35 28 11 24 98 41
0 29953 612 13 79 45 175 40 129 31 190 32 147 12 60 16 83 27 166 19 245
0 30056 9 14 136 55 91 31 33 120 124 45 15 100 205 16 37 54 9 56 275 43 265 5 308 14 104 49 185 6 117 26 84 105 3 123 20 1 53 7 8 69 17 17 127 3 101 31 152 74 58 1 1 2 65 73 161 97 87 25 69 9 2 32 72 39 15 39 2 24 1 6 134 33 269 133 44 106 21
0 30167 30 115 32 2 108 78 141 57 49 176 94 34 303 4 162
0 30267 10 70 34 82 9 23 69 7 65 34 2 12 200 12 48 49 121 8 10 30 140 66 103 186 25 16 83 55 112 187 340 45 48 140 82 72 57 77 154 33 14
0 30294 21 27 171 65 30 93 16 65 18 18 10 5 220 6 224 102 50 39 3 90 20 17 9 81 59 109 41 47 38 8 134 52 16 4 15 111 14 9 133 93 180 34 26
0 30506 307 7 405 15 67 16 57 106 3 98 61 29 90 30 17 74 384 23 177
0 30781 142 90 161 54 58 211 83 117 3 4 14 165 60 11 122 86 51 7 130 16 2 72 84 30 116 57 1 75 52 3 139 1 4 5 97 4 47 72 63 13 115 109 29 112 43 286 7 2 154 24 70 79 460 24 7 104 93 47 13 6 95 11 2 172 74 116 21 57 376 42 307 4 107 229 11 124 66 126 48 55 9 7 37 26 132 9 241
0 31130 238 16 5 204 99 8 29 57 135 5 51 1 78 14 14 206 347 53 146 20 68 30 81 3 30 29 20 94 43 32 102 86 129 8 41 27 50 16 162 89 228 94 9 75 151 3 70 74 65 30 13 138 82 9 18 50 62 33 242 152 152 22 40 75 25 43 355 48 74 55 77
0 31224 19 6 91 83 110 19 331 13 41 13 392 76 3 17 32 16 96 73 33 43 85 33 29
0 31309 270 18 136 21 13 11 69 26 21 42 33 11 74 24 24 37 153 4 55 3 341 36 47 16 32 38 235 117 106 151 2 90 21 46 46 1 2 29 59 13 59 39 279 176 9 146 30 97 10 16 47 66 110 85 18 113 65 296 16 36 73 10 14
0 31780 136 28 35 72 52 94 112 67 42 93 58 15 29 62 46 29 271 28 53 53 104 40 16 28 271 9 164 21 65 227 62 13 317 6 16 38 163
0 31838 25 17 170 3 27 17 57 2 114 67 150 86 114 76 469
0 32128 15 117 94 56 77 63 222 35 113
0 32244 236 9 46 70 20 105 18 41 345 30 9 81 24 162 188 121 246 129 193 6 12
0 32291 69 28 38 103 44 82 266 64 53 125 74 43 36 5 174 49 74 19 195 44 248 2 7 16 239 5 70 123 25 24 137 9 59 164 59 9 15 166 5 70 191 22 64 37 456 134 31 47 5 21 181 97 53 9 60 9 97 126 141 10 113 6 78 88 115 61 208 14 304 6 76 6 76 16 31 5 156 81 27 48 158 134 112 91 217 15 82 54 1
0 32304 336 4 118 22 67 96 143 69 210 90 47 19 38 27 157 19 88 3 117 29 1 12 121 53 123 44 67 7 129 1 78 45 19 145 69 56 12 22 352 41 35 17 4 4 131 52 22 106 17 15 82 12 238 3 2 20 49 50 130 65 12 41 239 144 187 59 286 32 77 196 10 38 156 57 99
0 32444 166 7 6 31 280 58 131 31 16 26 910 17 87 99 98 57 322 54 59 1 91 2 80 85 166 19 32 49 292 41 114 38 39 10 273 50 424 12 84 15 40 7 81 16 23 32 147 110 56 26 43 60 25 1 17 76 37 127 108 6 63 79 30 3 14 58 9 27 3 180 46 5 151 1 52 140 71 57 12 49 207 30 59 14 294 21 170 111 125 23 366 269 23 127 202 46 102 73 26 53 22 44 181 92 65 53 158 7 4 21 17 9 1 1 242 104 231 91 70 19 112 26 38 6 16 24 40 52 259 44 27 121 10 66 2 81 279 52 39 45 49 23 131 31 97 49 44 35 356 12 266 16 11 52 23 9 304 181 2 3 18 126 37 29 491 72 129 2 31 14 113 3 1 25 10 66 20 70 19 71 22 53 25 49 38 12 72 133 191 51 12 73 34 140 56 21 42 36 40 8 42 12 118 27 21 51 18 9 94 75 11 20 41 112 123 60 54 75 89 45 166 28 294 64 478 15 6 1 58 22 118 12 47 129 87 17 54 4 13 127 49 6 8 35 135 19 12 24 234 72 105 22 259 83 128 144 196 10 12 88 59 38 60 1 100 64 63 57 180 78 20 37 170 48 36 144 56 27 190 31 82 86 55 18 11 8 54 1 175 20 18 3 86 71 63 33 58 35 17 3 8 47 96 15 103 20 82 85 56 38 110 12 83 41 3 39 288 30 337 51 205 21 195 2 87 199 86 30 57 44 14 37 30 214 13 232 168 16 168 1 49 74 66 12 215 37 16 43 253 27 114 51 291 144 113 47 62 35 86 39 8 76 184 22 35 10 36 15 87 62 3 77 53 12 75 32 230 27 48 111 145 54 245 1 19 17 186 99 58 16 60
0 32512 171 13 122 27 76 35 55 79 76 15 64 8 37 57 130 16 90 126 182 8 28 416 55 16 54 41 299 10 62 105 45
0 32812 58 55 272 14 173 18 64 116 273 47 16 55 8 4 6 74 54 71 80 27 54 70 31 5 54 22 32 19 268 61 7 28 240 28 39 8 63 94 96 11 74 13 58 126 389 64 13 1 14 21 63 51 22 4 50 92 19 17 244 10 11 4 90 29 89 89 58 106 28 17 31 9 33 26 53 166 241 11 128 179 39 15 155 88 99 77 39 13 96 24 256 91 69 30 29 47 64 5 11 16 48 17 170 18 44 2 196 25 328 43 54 20 244 1 59 105 17
0 32943 50 94 88 134 12 23 109 114 4 22 144 95 326 44 74 46 95 8 307 23 19 30 14 9 77 21 5 21 53 42 14 14 210 59 55 99 101 78 16 62 6 95 6 225 38 19 66 55 55 88 22 104 100 66 16 65 183 66 19 35 157 25 299 99 95 27 42 53 313 62 167 56 42 59 30 99 72 23 58 103 91 14 83 41 99 24 2 16 59 16 12 33 48 46 93 55 28 54 56 12 194 8 43 23 30 11 70 25 335 48 141 10 283 120 54 100 535 32 85 15 2 93 52 226 6 38 5 307 109 58 43 51 234 52 100 121 63 3 146 89 293 8 51 13 212 28 139 139 30 15 108 42 54 176 74 103 278 2 117 449 157 82 72 68 35 6 61 17 144 23 13 100 62 27 124 9 44 209 70 8 79 171 1 104 110 110 28 11 60 118 40 41 100 4 72 58 247
0 33042 147 12 199 10 170 25 436 30 98 210 29 5 301 86 421 16 32 11 361 15 116 39 87 14 63 40 28 78 539 55 547 32 133 31 66 125 27 101 18 3 22 37 49 13 1 20 17 28 16 17 48 1 49 10 3 53 240
0 33044 89 78 2 75 132 48 46 4 92 49 252 7 18 90 60 31 358 35 26 26 35 18 180 136 258 41 19 143 38 7 47 28 14 13 206 27 175 11 194 31 6 39 44 9 49 73 330 132 5 70 102 48 54 21 37 16 95 89 12 9 60 18 297 45 1 13 88 3 79 3 571 57 16 82 210 19 42 36 11 41 48 2 148
0 33067 37 181 23 49 103 55 39 115 207 15 112 133 62 20 147 7 46 24 73 40 12 35 10 139 23 9 56 125 119 24 17 143 73 25 56 14 188 5 167 36 191 46 4 48 81 46 14 56 238 61 32 62 129 8 78 102 19 23 39 57 72 32 28 1 128 7 42 53 110 137 270
0 33193 91 68 298 40 18 88 264 16 101 69 12 45 76 41 53 68 160 15 7 14 29 18 14 33 120 14 29 85 18 19 135 46 38 14 65 54 341 73 23 23 247 41 136 42 47 28 58 17 76 20 51 36 36 46 112 76 238 56 38 136 35 44 22 150 62 19 3 10 91 13 86 12 122 46 215
0 33356 94 62 84 4 176 70 216 4 172 3 224 11 11 98 25 183 36 232 73 261 35 56 149 72 48 25 222 10 207 3 47 24 167 23 32 1 71 1 24 35 86 11 78 29 152 65 46 64 16 73 135 108 74 113 229 9 2 125 184 27 61 16 94 20 31 68 177 160 23 6 28 3 39 34 28 119 266 234 113 127 35 79 86 8 4 2 77 39 78 25 39 28 145 41 8 18 34 23 71 56 105 59 57 88 62 75 276 35 9 41 75 7 15 9 106 9 77 158 19 258 22 7 22 47 13 56 32 31 7 13 114 36 81 91 10 5 120 71 222 12 140 2 329 35 21 9 134 9 87 197 433 44 80 3 215 16 63 6 79 161 124 18 55 4 280 9 112 107 105 38 158 102 39 89 109 54 26
0 33437 9 2 7 24 13 14 57 58 65 26 36 9 177 42 49 19 12 63 8 27 5 63 59 8 13 10 89 3 90 78 47 2 87 86 29 49 27 129 141 13 28 30 23 43 13 69 3 33 136 36 49 8 44 9 25 99 96 7 125 68 423 74 32 89 35 77 37 104 132 45 651 11 151 44 282 152 31 131 198 152 160 67 11 25 1 37 25 12 81 175 38 9 123 25 135 36 55 238 123 26 14 174 10 27 18 167 194 168 135 26 13 12 74 141 57 70 37 9 10 97 44 35 33 30 82 22 171 74 69 7 150 1 66 18 92 2 17
0 33636 170
0 33709 49 172 68 24 20 32 92 10 87 18 104 41 109 62 36 14 53 24 55 11 14 87 65 17 128 3 40 43 37 38 38 40 108 17 147 86 23 15 67 35 98 32 74 29 36 17 223 16 54 14 146 38 46 10 136 26 63 3 51 43 352 31 127 85 91 87 39 56 35 25 28 13 114 49 418 41 112 33 3 7 14 150 39 127 353 120 52 18 15 13 183 54 173 6 11 30 6 33 117 15 24 7 81 15 39 29 119 22 3 34 204 9 229 25 186 8 77 79 245 44 4 46 135 18 197 8 42 16 181 8 218 29 339 12 57 8 8 28 268 22 138 37 7 97 3 64 18
0 33734 30 8 163 28 82 110 389 35 103 27 35 73 153 45 53 27 133 28 24 34 75 91 110 174 22 1 58 112 79 26 32 7 49 58 107 69 89 8 163 20 123 74 64 122 140
0 33987 2 18 5 135 71 1 211 41 60 15 41 92 51 23 82 2 187 5 53 35 8 16 2 11 3 10 288 72 16 23 21 2 269 16 68 34 2 46 90 22 113
0 34174 197 43 29 18 395 4 91 19 8 89 76 40 230 68 109 32 52 109 115 54 166 20 60 45 112
0 34418 79 46 30 33 175 45 69 79 419 9 28 12 90 35 135 9 51 22 62 107 387 35 18 49 201 1 217 94 325 194 17 48 84 28 73 137 100 4 59 17 290 42 31 13 267 35 7 41 22 5 162 8 102 75 194 13 310 81 111 91 72 198 18
0 34460 25 24 52 104 30 18 20 3 38 23 19 6 211 2 123 9 74 1 13 66 113
0 34503 327 101 15 32 10 129 39 62 95 35 62 53 193 7 17
0 34601 12 18 31 79 35 42 61 109 6 12 299 41 95 66 318 65 9 31 10 31 91 109 38 10 4 34 121 28 18 17 370 75 266 77 17 51 23 16 2 43 26 96 59 45 77 165 24 4 36 4 16 34 58 92 19 5 36 103 35 15 1 13 261 7 1 12 216
0 34618 92 60 30 18 72 53 174 68 2 72 17 27 72 18 88 111 26 51 122 3 87 34 40 22 27 181 217 1 68 6 57 3 41 126 62 1 186 52 57 113 308 86 30 65 55
0 34696 3 71 71 11 27 16 99 65 17 109 92 28 70 21 79 57 43 19 63 4 89 97 77 52 44 47 203 43 72 110 8 79 52 49 55 51 18 54 56 48 7 1 37 5 109 47 130 43 84 24 355 24 513 24 148 103 117 43 133 31 173 250 67 224 17 47 62 10 199 7 58 35 5 85 168 41 25 3 304 30 142 41 119 35 67 79 111
0 34804 77 109 149 48 96 40 6
0 34881 5 37 138 44 114 73 42 19 68 22 108 11 71 17 316 46 69 126 44 5 21 42 70 68 2
0 34885 67 11 90 66 22 3 110 34 97 41 53 53 279 3 95 59 76 8 74 122 99 6 51 138 5 146 72 62 160 90 30 270 69 27 112 17 78 10 217 9 181 1 4 37 66 32 20 131 645 73 19 4 12
0 34890 229 65 81 32 11 61 16 8 9 15 6 2 108 25 89 143 106 33 233 9 3 12 23 93 209 45 62 4 152 5 23 47 137 17 10 42 46 6 18 37 73 108 346 41 45 33 155
0 34939 35 69 115 67 34 47 241 6 39 55 76 97 101 14 28 44 189 128 18 165 171 4 364 43 10 19 237 25 210 66 25 57 115 37 104 87 51 52 384 66 54 54 10 14 79
0 34972 16 115 125 70 52 53 163 24 14 32 16 38 14 100 24 205 453 1 226 16 75 57 154 208 9
0 35021 103 240 38 11 568 2 105 64 8 84 43 11 5 32 4 20 167 28 370 34 232 11 37 46 21 82 185 14 68 59 44 103 121 45 47 94 151 18 183 19 78 65 282 10 18 27 5 39 84 148 46 9 47 80 3 6 321 17 91 23 26 33 141
0 35024 40 36 16 114 11 65 155 84 15 13 62 32 95 5 110 59 182 25 34 123 116 15 69 92 52 16 46 107 27 65 110 25 14 44 143 75 184 20 43 64 157 39 29
0 35046 40 26 14 37 58 72 14
0 35058 120 76 187 67 29 8 31 128 60 61 64 38 128 1 44 104 57 26 135
0 35127 199 18 10 5 8 96 2 153 278 244 11 80 113 13 81 187 317 26 81 4 38 53 77 11 121 30 102 13 108 7 188 39 77 69 113 71 52 30 11 43 6 64 61 72 232 233 43 133 17 11 33 93 81 17 70 32 12 53 189 30 95 15 148 180 95 77 52 43 49 20 121 78 125 104 162 19 5 48 68 45 13 22 52 51 92 221 142 11 60
0 35621 46 43 202 116 18 11 275 130 43 47 137 64 100 52 64 73 12
0 36304 445 34 290 28 36 54 74 29 5 121 2 53 18 7 23 60 126 162 16 83 147 27 22 19 3 44 38 37 74 8 221 8 95 23 102 86 12 26 92 38 123 78 82 48 10 12 184 16 16 104 75 8 17 63 28 24 164 34 48 55 114 23 24 7 40 52 124 162 105 96 254 135 17 48 185 21 197 19 24 149 10 53 27 9 5 9 74 43 13 52 57 5 51 56 407 11 258 6 276 70 92 203 20 74 83 4 75 19 31 16 28 15 25 4 279 6 59 12 54 75 147 13 394 51 139 164 4 14 255 78 55 16 291 31 133 52 215 10 31 44 35 29 29
0 36708 4 15 16 226 123 7 13 24 182 55 26 21 101 15 58 64 31 102 142 52 90 195 183
0 36730 6 21 224 8 33 145 127 94 11 24 121 2 9 27 129 33 130 34 20 10 1 13 456 237 15 74 84 47 203 90 25 15 175 50 251 39 148 13 95 83 61 12 9 20 131 67 39 47 148 51 153 8 2 26 42 3 1 57 110 3 140 1 375 13 41 23 53 42 57 12 1 1 23 105 51 15 46 17 30 37 124 50 87 11 32 47 23 4 30 21 54 43 61 58 160 51 24 53 7 17 45 19 110 27 38 23 29 56 52 37 36 1 555 41 68 54 40 182 400 27 251 5 68 91 88 16 72 58 45 14 427 26 60 7 439 8 32 26 47 103 159 32 24 12 13 17 166 4 165 3 62 46 181 120 121 80 13 94 124 14 76 19 121 2 1 30 79 3 130 86 117 87 135 26 42 68 37 20 40 8 20 186 60 2 60 108 18 7 24 85 63 1 20 37 45 65 102 47 197 42 55 9 96 86 96 53 64 5 76 2 119 98 131 113 112 128 180 135 129 125 31 152 34 8 89 13 31 82 49 244 54 62 41 30 99 19 22 62 216 12 123 121 5 161 191 52 289 30 683 67 114 70 32 46 39 106 21 2 90 89 13 102 268 30 15 19 5 371 8 51 131 26 21 22 186 40 78 56 78 14 54 159 108 83 44 9 194 51 20 41 51 27 17 27 242 13 164 20 12 10 46 51 88 33 68 28 5 289 17 12 201 1 169 58 180 24 98 96 373 11 50 26 192 15 15 225 49 82 86 36 33 19 110 130 36 6 32 7 55 8 56 54 42 43 26 8 41 45 23 57 84 14 46 35 136 25 22 71 322 18 11 17 150 142 28 92 9 26 81 58 23 53 127 22 84 143 30 52 291 25 93 52 70 5 128 42 23 80 39 27 8 37 181 26 55 61 62 12 194 114 23 13 264 61 78 25 123 94 109 77 2 60 28 17 14 67 140 101 128 5 342 16 75 35 142 28 107 63 73 131 164 43 105 59 90 106 34 93 16 23 11 128 108 185 37 24 296 1 34 18 47 47 398 37 31 23 27 10 203 10 44 108 29 18 218 162 417 21 32 11 51 112 21 97 20 101 164 114 95 11 148 41 40 56 123 88 51 21 23 55 275 10 202 1 126 26 114 14 39 13 367 216 27 20 154 79 132 12 215
0 36747 116 54 140 42 16 25 11 33 10 45 11 3 175 22 106 16 94 3 115 6 33
0 36956 11 35 82 39 35 12 53 3 27 2 356 7 224 10 145 41 575 17 361 16 135 46 24 13 13 7 398 22 32 87 86 11 143 98 133 197 163 186 159 11 36
0 36986 3 11 31 2 361 12 49 36 6 13 229
0 37585 58 1 60 17 70 100 10 44 22 28 18 70 97 12 6 34 13 262 34 18 213 38 196 18 13 72 7 21 253 133 2 15 60 89 92 119 228 36 173 32 139 157 93 13 21 7 13 47 19 163 22 52 120 13 243 28 144 154 109 2 33 76 443 56 148 39 28 63 172 48 126 45 79 28 31 57 340 70 61 48 12 14 38 37 108 41 47 12 136 15 16 26 180 74 79 110 2 39 85 6 2 68 114 2 11
0 37719 155 51 47 88 118 30 203 25 10 20 120 104 156 235 76 5 119 35 6 70 47 45 17 10 83 182 29 47 100 16 40 18 36 34 25 26 14 37 39 50 67 17 7 49 20 81 32 121 248 7 59 11 79 85 19 12 3
0 37918 98 65 43 4 115 1 17 32 5 41 127 11 4 23 219 97 160 213 11 120 52 136 39 38 59 8 31 73 260 39 221 59 92 219 75 1 16 136 64 29 297 30 271
0 37921 105 16 179 9 72 173 51 18 162 35 499 64 152 20 94 24 16
0 38001 246 54 66 23 360 83 133 6 47 93 31 60 30 38 85 22 288 2 55 223 23 21 19 15 202 121 4
0 38072 3 19 16 31 279 19 59 27 141 5 140 76 40 202 85
0 38287 54 54 2 20 57 21 158 170 73 15 78 91 25 65 147 108 11 34 224 57 115 86 252 15 21 1 13 17 145 49 45 10 118 24 24 40 23 78 25 74 22 43 102 7 143 33 206 47 77 5 18 17 25 72 131 21 21 3 56 21 13 15 5 28 73 23 2 10 115 141 133 95 47 87 3 10 27 28 25
0 38456 66 15 227 8 238 51 5
0 38458 97 10 15 71 9 1 68 58 55 24 46 33 113 106 7 9 60 8 128 24 74 46 33 20 21 93 24 14 2 9 14 78 89 28 54 98 401 44 22 114 7 37 35 13 83 149 107 10 143 254 231 53 266 72 55 66 38 16 176 15 18 6 79 170 70 173 36 29 212 26 256 48 93 273 40 29 82 51 138 1 43 111 50 135 65 45 46 373 152 3 60 23 144 11 62 3 51 27 39 39 15 6 113 16 48 16 117 26 12
0 38486 100 94 155 20 57 83 22 57 62 20 7 15 115 70 6 3 224 183 151 136 92 12 171
0 38508 32 9 132 14 213 103 37 36 6 19 24 13 22 154 87 55 29 30 2 95 38 23 166 36 120 41 62 1 121
0 38627 102 92 47 155 299 113 29 56 50 9 187 207 250 62 237 45 151 63 58
0 38680 20 74 22 147 10 113 36 82 158 33 111 102 125 22 34 67 347
0 38846 60 11 255 25 66 70 51 25 30 13 21 67 107 9 14 44 83 21 10 27 113 76 44 42 45 12 31 45 87 24 70 58 89 55 162 36 52 67 327 127 132 27 356 111 60 162 245 30 64 4 42 272 29 145 168 29 15 15 43 33 5 70 79 25 8 46 44 54 7 5 66 76 20 217 96 145 5 11 391 78 32 30 125
0 38972 113 3 54 180 61 29 36 20 32 9 32 20 108 9 59 22 71 41 165 20 9 9 330 84 119 32 158 1 70 25 135 91 162 210 34
0 39093 141 29 89 2 116 32 9 49 209 5 81 22 17 240 36 59 152 16 91 2 2 81 57 60 16 36 58 11 13 35 29 1 392 78 76 79 292 81 114 4 180 4 61 30 75 41 80 31 357 4 49 19 29 31 50 66 11 9 20 50 64 27 13 111 76 48 18 79 151 6 117 22 248 96 137 4 36 21 466 57 327 25 29 14 57 9 95 50 113 47 148 110 218 69 27 3 12 36 247 196 212 69 137 68 108 6 97 5 238 27 56 43 49 13 77 24 63 63 110 3 193 42 98 6 80 25 20 28 71 57 252 28 223 33 104 139 95 184 115 39 26 163 20 72 24 108 38 57 7 19 18 112 107 185 164 23 137 21 30 77 109
0 39227 282 65 63 57 126 147 99 3 35 31 47 2 7 118 123 3 39 14 112 14 5 105 135 20 88 101 348 36 71 138 22 28 6 8 86
0 39554 40 10 123 3 30 49 42 34 203 130 77 63 268 32 30 39 7
0 39686 85 61 76 235 146 58 5 5 16 41 340 63 71 1 117 12 92 9 232 36 66 6 173 7 160 5 4 85 168 74 125 12 52 135 198 20 250 2 64 57 183 11 218 29 36 11 90 32 25 11 65 43 59 6 14 5 86
0 39737 263 19 2 25 340 2 246 28 62 6 243 54 47 63 35 63 21 24 106 12 292 32 159 79 17 35 14 56 53 122 82 114 72 18 6 40 8 8 115 36 126 11 57 19 18 11 176 16 127 10 95 49 392 10 255 101 89 35 64 17 100 43 64 66 11 123 38 15 114 12 25
0 39749 177 21 113 141 116 13 48 46 102 80 130 30 86 31 221 24 33 16 308 5 72 56 75 85 78 58 11 45 236 218 197 58 219 97 167 92 8 34 113 19 118 94 99 49 243 104 11 76 16 24 22 21 53 87 173 47 37 158 89 20 116 55 101 56 9 65 13 74 38 38 107
0 40115 242 10 36 4 9 114 151 56 68 67 179 32 67 8 110 192 90 98 38 49 23 10 17 92 73 7 27 22 136 177 9 34 69 80 21 46 94 13 25 60 109 25 234 31 180 27 26
0 40290 115 29 77 2 53 39 63 8 65 26 41 90 1 4 56 46 104 36 236 167 17 10 85 120 27 112 389 49 114 31 129 13 104 70 38 56 162 2 66 61 29 26 395 110 115 55 314 3 202 120 149 19 160 61 111 8 332 49 4 23 433 66 24 37 96 35 80 25 46 30 37 34 62 139 31 64 67 6 33 7 26 41 7 19 51 51 17 24 91 5 168 79 93 4 175 2 62 23 46 18 251 13 11 19 176 2 40 29 162 26 67 27 264 36 118 21 123 84 369 6 39 24 122 47 56 113 53 15 1297 160 78 45 80 60 272 2 167 7 106 16 63 6 137 126 127 26 205 77 90 32 17 1 117 104 96 22 111 143 87 3 27 47 180 3 47 53 15 24 219 26 63 53 82 32 150 29 24 12 86 72 248 108 30 92 396 59 73 59 161
0 40348 7 76 37 48 178 38 11 153 297 4 38 26 84 32 133 38 16 31 73 17 382 53 37 10 110 104 43 11 167 62 4 76 60 47 463 61 65 27 38 29 88
0 40440 55 6 23 81 14 32 184 72 244 104 30 5 15 12 42 66 40 9 16 41 46 132 575 3 62 10 22 5 77 92 42 42 623 18 268 1 7 11 10 151 14 1 31 7 287 42 155 17 148 22 51 128 4 169 134 4 19
0 40550 36 41 178 23 195 35 21 79 27 57 188 54 67 65 132 12 63
0 40571 63 25 9 32 27 135 223 16 92 79 98 5 78 57 122 16 14 48 195 11 338 17 162 16 39 20 57 2 107 15 97 68 13 9 37 26 7 78 1
0 40579 62 157 169 8 173 3 132 135 315 37 103 160 59 68 65 175 37 95 120 56 226 104 16 105 33 3 99 25 170 32 55 11 27 78 274 27 74 46 33 2 292
0 40729 19 22 62 89 137 97 117 65 46 29 5 48 53 14 132 7 60 32 134 76 3 162 78 50 63 15 131 9 202 102 13 5 121 3 4 20 42 76 28 147 155
0 40834 263 19 141 9 96 12 71 10 18 95 24 4 89
0 41301 151 156 97 85 12 8 51 24 42 13 92 29 13 118 5 83 4 36 160 35 33 186 69
0 41633 77 1 66 32 1 18 14 164 157 175 67 3 89 10 83 1 311 23 12 13 3 55 19 86 183 39 434 15 382 29 69 89 33 97 133
0 41941 33 1 67 139 15 16 36 112 76 2 89 9 81 49 355
0 41980 2 59 20 95 153 64 25 7 10 4 52 149 14 51 64 60 27 141 91 8 74 29 13 28 73 4 10 33 25 77 44 12 71 53 57 5 304 23 43 49 74 23 7 38 2 10 17 26 65 135 285 21 20 126 41 16 57 33 26 32 114 81 74 6 18 50 45 18 132 58 65 2 28 2 31 12 25 42 43 111 91 173 55 10 76 3 17 16 56 127 12 59 129 101 156 91 383 34 485 6 67 2 293 1 86 560 199 174 70 98 181 105 200 45 37 13 35 3 94 131 30 61 64 13 95 70 157 20 215 18 35 94 204 120 27 29 125 5 166 21 41 58 32 168 72 69 67 33 280 46 20 142 188 87 89 27 3 51 15 23 45 83 9 2 36 37 19 18 274 50 96 102 222 137 258 57 72 30 73 96 28 24 17 10 117 52 226 31 22 88 32 70 48 15 26
0 42124 77 25 229 4 31 6 190 19 90 66 117 47 103 130 317 5 6 12 1 25 196 92 25 17 141 55 111 37 38 3 72 2 18 4 40 13 2 23 31 11 181 38 39 44 41 69 14 43 57 13 201 38 109 1 43 1 21 10 32 27 55 296 79 20 50 79 9 63 101 3 2 20 49 46 34 87 400 20 123 16 193 22 6 74 26 29 93 35 119 59 85 25 28 44 6 16 92 107 2 24 14 80 43 64 12 27 113 5 16 23 81 83 220 25 151 10 46 19 57 31 53 1 81 25 55 38 298 20 33 69 76 132 97 1 96 97 212 55 24 36 41 14 178
0 42163 36 35 181 37 139 85 71 198 5 40 9 50 25 116 83 6 100 1 145 25 154 12 18 58 72 67 265 10 70 2 57 99 11 28 113 120 263 22 178 82 12 90 42 78 44 37 226 13 85 32 219 13 27 74 157 148 16 144 51 75 132 13 113 33 221
0 42296 2 32 91 2 70 54 77 91 94 110 137 33 159 43 76 9 364 115 110 46 19 33 51 149 46
0 42438 327 9 24 87 137 15 2 53 36 53 13 63 470 19 21 35 51 78 12 42 123 23 71 57 53 72 28 70 109 11 251 19 59 15 98 8 25 149 15 202 126
0 42447 133 6 113 31 83 50 1 75 16 69 10 155 1 36 16 11 30 128 93 62 43 159 90 37 32 83 67 24 78 156 72 42 243 75 32 28 145 12 45 17 127 31 12 42 54 27 10 55 68 156 75 32 269 23 183 12 52 8 158 58 8 7 23 116 44 41 415 14 44 59 65 49 78 15 29
0 42668 183 24 39 24 96 293 73 1 7 13 29 8 4 2 346 62 202 36 49 4 197 71 108 54 168 26 88 93 26 211 123 61 414 44 19 24 55 7 20 251 201
0 42677 126 2 79 195 171 81 60 39 52 7 95 35 325 31 124 25 35 104 82 38 86 1 23 89 5 84 17
0 42969 3 57 109 50 43 2 56 4 9 46 63 40 22 120 32 61 164 69 110 53 10 15 35 62 163
0 42979 139 65 255
0 43041 77 22 201 26 192 286 39 83 38 46 71 35 3 95 9 85 177 12 120 59 45 1 103 91 331 64 73 50 41 31 11
0 43241 54 37 95 34 70 46 87 55 187 8 15 38 28 110 57 134 212 86 54 13 21 17 172 4 113 71 228 6 178 91 68 5 70 7 33 98 4
0 43247 29 36 9 47 158 34 180 69 235 69 16 31 4 63 337 46 20 7 78 17 10 23 53 45 32 311 105 21 4 71 9 182 135 64 134 128 60 109 376 10 13 13 75 76 205 22 141 28 81 33 37 80 53 136 106 31 60 33 98 34 113 123 147 60 31 5 159 96 40 5 21 67 318 64 140 45 171 16 65 17 123 144 348 68 10 57 72 56 222 25 62 14 50 42 145 45 73 24 15 1 52 119 41 72 72 28 701 38 51 106 63 55 95 25 249 126 8 84 48 34 137 133 3 14 36 37 74 154 14 39 405 17 230 17 119 65 70 21 78 5 34 137 84 33 25 25 35 8 69 87 90 116 12 14 68 74 221 36 40 7 37 123 32 23 136 41 101 28 67 46 119 22 39 79 44 17 25 51 68 237 25 84 33 103 46 80 49 48 14 56 106 67 128 60 37 57 22 1 78 25 35 168 4 80 110
0 43388 139
0 43506 307
0 43654 16 23 216 62 13 132 10 76 26 78 53 45 119 53 69 70 83 168 67 62 109 97 101 21 25 5 44 1 5 9 160 51 40 112 124 206 103 52 42 2 53 58 71 6 31 17 34 21 189 5 223 26 49 90 13 111 9 30 46 4 136 115 190 1 18 44 56 70 219 8 251 16 122 3 29 1 89
0 43717 110 28 42 10 16 45 4 16 48 64 83 3 36 14 162 147 191 5 93 60 87 114 24 42 35 15 147 3 71 6 167 52 278 17 50 64 23 4 10 88 96 14 295 7 5 74 10 20 54 102 97 19 103 109 22 18 79 42 56 6 51 17 54 212 127 55 30 25 9 58 105 26 93 41 71 33 14 1 91 54 13 29 14 126 67 9 67 53 144 34 28 14 53 39 131 21 13 197 145 26 57 33 10 107 32 32 77 7 45 11 4 49 196 1 283 6 16 16 56 21 169 22 15 161 199 39 88 32 19 8 23 36 25 107 64 11 59 189 270 28 33
0 43830 80 35 87 4 94 27 61 22 287 78 63 7 184 38 92 19 158 37 6 16 44 12 41 68 16 4 195 62 76 10 98 22 66 56 50 55 238
0 43879 273 4 43 76 216 4 147 34 103 39 38 20 23 9 92 1 21 56 106 34 123 7 37 47 290 26 180 146 58
0 43972 80 71 83 18 198 55 35 110 41 87 6 23 46 15 91 3 230 8 25 2 228 45 46 30 459 14 119 36 9 6 19 3 71 7 17 33 7 23 129 76 247 3 65 41 81 21 351 69 9 141 60 20 14 4 11 44 15 4 294 92 49 12 173 11 24 12 20 84 375 116 62 82 9 2 84 35 166 130 89 146 31 6 20 5 148 29 38 171 188 3 222 24 156 14 58 3 23 15 124 56 17 84 8 113 77 1 188 27 40 17 53 48 88 87 76 113 159 12 202 20 21 38 112 5 68 91 104 50 64 19 162 33 837 8 58 157 141 75 313 22 89 89 357 23 99 53 51
0 44120 21 30 49 50 193 21 110 4 46 10 301 39 273 5 75 2 70 97 65 16 12 17 77 48 192 37 109 68 59 5 28 32 116 75 96 23 243 42 6 107 140 6 35 152 41 40 11 18 71 21 52 6 58 82 6 34 53 25 30 42 89 18 58 98 439 4 27 147 217 58 25 55 68 32 160 111 113 47 167 3 38 14 34 38 123 15 144 6 72 60 210 82 58 15 108 37 11 71 59 6 32 119 19 32 316 146 29 7 115 28 21 62 72 3 97 2 75 30 56 9 76 12 16 19 3 8 9 25 130 30 326 100 15 82 35 66 309 129 19 7 57 28 73 5 27 39 71 36 84 115 16 32 231 37 160 21 1 97 228 218 74 7 134 121 109 4 171 66 72 74 12 41 64 7 304 78 75 2 73 87 22 66 1 27 2 25 11 5 222 89 81 154 81 49 364 10 210 37 107 9 261 22 26 102 13 12 193 146 261 3 158 31 45
0 44662 129 26 65 41 71 31 34 12 213 4 41 24 117 59 36 25 5 4 163 5 31 3 164 24 15 22 13 32 70 70 170 5 67 9 19 83 38 34 104 33 49 28 20 54 119 10 52 44 185 146 86 70 172 8 4 20 89 12 172 16 271 10 73 84 54 48 152 108 39
0 44696 48 28 53 80 31 221 3 29 35 108 60 58 5 139 74 95 25 51 137 13 50 2 25 155 141 20 32 123 88 131 1 4 81 105 101 2 53 38 53 43 214 148 60 14 18 232 265 4 120 27 104 24 94 9 11 131 76 152 317 8 22 156 191 21 137
0 44758 98 18 36 128 161 1 20 5 27 32 28 17 110 3 151 131 25 59 109 94 30 132 217
0 45063 53 54 6 39 74 17 40 11 111 24 205 29 337 13 38
0 45182 2 33 49 6 78 2 91 1 23 58 59 20 219 8 76 41 3 54 34 14 25 15 58 33 40 79 206 8 82 55 29 40 10 39 63 19 224 8 108 24 17
0 45284 45 24 2 146 351 20 23 14 28 26 7 45 320 74 25 38 181 13 44 5 121 27 203 74 5 6 240 27 30 23 74 4 152 11 131 258 141 100 14 17 49 49 133 8 193 17 118 8 42 50 79 17 22 150 211
0 45334 65 11 85
0 45352 277 96 115
0 45373 71 56 8 36 232 62 27 18 157 119 53 2 27 8 119 115 84 9 227 80 67 24 75 11 101 74 46 77 16 96 70 53 53 21 151 1 322 27 77 2 115 50 15 106 194
0 45421 48 28 7 5 140 41 21 30 232 14 254 14 189 69 62 6 34 8 112 64 6 40 9 17 379 90 33 26 50 46 22 67 36 52 26
0 45439 4 27 153 46 129 46 117 62 9 145 66 69 33 46 48 20 22 11 85 52 207 8 349 21 169 50 241 47 8 49 188 2 38 10 54 74 416 111 89 105 85 11 119 100 61 139 377 31 35 67 186
0 46089 581
0 46145 13 2 18 31 109 212 65 22 323 117 127 13 82 33 182 10 24 122 3 18 69 54 167 145 160 19 31 79 15 124 18 18 16 1 165 180 130 6 1 41 77 24 2
0 46602 77 130 53 35 42 33 57 90 29 71 55 7 30 15 194 38 24 56 46 36 48 69 43 32 48 25 29
0 46619 35 3 28 93 96 13 71 6 83 41 16 32 9 3 47 8 41 1 38 62 132 76 9 8 41 5 141 50 316 48 19 122 14 3 217 9 279 15 32 26 32 18 29 14 63 16 122 34 22 221 79
0 46874 20 32 156 37 89 9 21 43 37 230 152 111 72 95 206 27 77
0 46952 46 16 33 94 37 62 7 74 653 52 53 37 95 8 139 87 28 136 22 10 6 36 101 149 22 11 239
0 47069 17 143 228 99 3 2 53 15 59 5 88 196 67 57 172 46 291 34 83 3 268 112 9 89 33 26 29 44 3 15 73 35 8 38 26 81 25 57 74 1 52 20 16 14 48 28 92 122 85 160 17 197 55 38 95 101 12 51 126 34 4 19 50 9 44 62 53 16 681 49 24 20 11 45 2 89 78 152 151 31 433 51 189 63 168 55 116 87 140 21 53
0 47162 192 38 32 35 86 44 95 68 110 8 48 42 131 2 8 76 8 41 25 52 325 42 272 113 58 79 64 20 259
0 47238 6 20 71 257 13 53 101 2 247 26 2 13 84 34 92 8 394 37 50 132 32 19 105 205 209 4 79 23 100 17 148 58 141 27 70 43 155 199 13 13 34
0 47295 93 4 133 4 193 90 104 18 199 95 29 113 132 58 102 35 130 62 9 102 123 35 231 59 43 14 76 26 71 21 59 11 5 130 196 40 151 86 59 16 341 135 3 98 126 36 12 12 112 60 46 34 28 24 149 105 304 61 150 5 609 123 1 54 10 88 64 81 76 31 124 7 24 7 40 23 73 49 94 39 83 119 37 20 219 160 73 21 181 45 88 59 17 12 37 5 185 37 40 35 45 74 73 27 20
0 47335 35 27 49 145 27 61 15 17 52 68 242 64 1 150 44 21 65 38 187 53 161 77 30 36 117 154 5 137 135 137 44 36 98 14 88 25 133 15 30 11 126 23 203 125 145 68 107 17 117 75 51 79 12 78 68 101 73 38 159 221 26 7 7 3 126 38 326 62 27 24 6 201 5 142 77 57 18 24 133 9 260 123 462 3 57 29 189 56 20 8 1 101 33
0 47892 109 86 245 1 51 227 120 18 70 4 154 3 265 12 28 4 12 82 180
0 48107 141 37 38 43 18 14 96 25 88 47 68 3 215 67 5
0 48447 236 3 69 58 386 47 81 43 96 14 119 98 6 33 208
0 48769 121 73 122 39 31 61 43 34 57 3 86 136 63 8 35 64 32 174 105 22 32
0 49114 124 6 47 62 130 4 222 46 53 21 57 36 4
0 49164 173 133 34 6 83 11 38 172 3 2 109 60 47 54 16 34 64
0 49194 5 31 242 10 620 25 43 2 53 65 46 87 10 3 141 68 6 3 40 6 5 72 38 61 7 2 5 61 12 4 1 16 338 22 7 57 63 22 177 16 15 9 43 44 8 84 25 30 9 42 208 91 77 41 39 1 10 152 128 26 104 5 56 24 174 60 165 16 37 53 115 60 162 71 175 18 201 221 199 2 424 190 5 18 30 55 338 123 149 7 269 39 36 176 132 80 16 1 282
0 49220 231 31 150 87 37 67 171 72 307 53 44 55 155 78 95 62 95 34 30 46 11 8 45 252 135 3 91 106 53 60 122 30 43 60 152 34 54 28 50 114 48 16 5 97 110 14 7 22 66 119 75 25 13 31 61 63 301 41 19 19 37 14 45 78 40 38 354 111 132 13 9 69 26 75 31 8 26 18 12 7 71 50 15 20 45 25 36 5 155 8 21 7 33 30 170 51 253 26 7 8 55 15 73 84 585 28 121 9 6 41 117 11 213 26 4 16 101 61 21 14 58 28 116 79 30 113 61 9 267 9 291 72 200 38 240 46 26 78 204 9 2 26 151 2 163 34 72 21 18 64 35 91 132 2 73 15 225 8 158
0 49228 36 46 48 54 28 15 165 14 9 47 113 70 54 11 109 83 4 19 112 60 115 3 71 338 278 151 107 16 20
0 49451 34 42 38 55 161 24 169 88 19 80 180 41 66 276 93 9 39 80 231 35 201 33 145 20 24 21 86 47 148 18 27
0 49625 115 11 70 11 66 113 55 10 77 45 24 2 31 109 60 33 495 8 64 72 95 31 126 22 77 30 57 14 389 60 108 14 56 69 56
0 49848 154 60 311 7 36 5 14 10 97 23 21 37 620 10 154 22 564 38 5 12 61
0 49922 28 58 49 6 229 185 35 18 62 1 38 38 268 15 52 115 235 123 193 28 41 70 365 70 23 30 46 28 183 1 288 33 10 19 15 210 9 33 27 181 34 90 335 10 79 29 23 61 69 30 82 94 15 13 5 13 98 59 19 16 78 123 344 12 39 8 50 113 100 153 165 35 48 152 6 73 79 32 72 6 132 72 80 39 32 24 121 6 279 15 6 22 250 32 6 99 68 46 88 3 217 105 59 1 39 37 121 10 104 150 232
0 49970 175 25 13 125 24 123 71 39 63 29 14 24 227
0 50165 23 49 24 2 21 33 15 47 57 24 234 6 5 130 21 11 5 83 47 3 65 69 18 81 44 77 33 39 83 1 67 72 94 50 30 21 55 135 42 39 52 35 5 2 3 55 58 360 193 8 7 11 28 27 59 1 72
0 50401 20 6 7 38 67 9 109 85 231 76 172 11 127 3 154 43 70 83 113 14 69 19 179 5 102 20 95 49 45
0 50433 20 55 84 107 81 9 99 81 3 11 177 87 240 29 63 1 455 49 102 230 15
0 50776 359 7 128 89 82 164 19 29 103 75 29 67 38 48 13 22 201 11 34 79 118 35 34 15 9 2 152 9 106 30 23 29 85 11 51 13 40 131 251 20 50 22 130 2 163 211 86 71 38 11 48 5 57 54 61 8 66
0 50946 2 35 19 14 109 45 23 74 6 13 29
0 51380 139 66 74 15 42 15 48 6 57 8 60 5 149 181 14 87 7 18 84 60 21 19 49 6 27 59 238 89 41 14 28 66 88 48 9 46 81 60 28 36 134 16 20 15 205
0 51424 646 198 113 71 96 29 38 4 33 37 194 122 23 23 36 135 134 28 104 37 180 8 209
0 51455 113 3 18 17 29 60 64 62 349
0 51523 73 42 192 1 495 3 193 14 49 62 166
0 51542 164 77 63 81 67 40 590 185 76 60 41 76 3 90 47 109 161 67 38 2 30 77 478 3 6 18 27 80 166 6 13 84 254 106 22 8 82 68 72 5 89 58 117 202 42 61 321 12 3 4 90 41 82 27 340 4 140 2 457 223 121 92 76 35 58 34 2 16 7
0 51618 15 44 134 10 165 5 149 21 18
0 51757 133 21 18 168 31 58 165 11 47 85 193 33 28 74 102 225 228 47 166 71 140 22 41 143 216 8 176 69 128 20 282 69 91 91 249 24 17 106 22 29 42 95 30 10 60 49 143 117 40 3 48 54 127 6 125 9 80 26 6 32 99 1 147 18 42 21 94 13 98 53 24 32 76 2 134 70 97 6 96 34 60 66 1 14 51 68 157 56 19 18 90 6 46 220 66 9 119 71 307 1 56 98 158 100 6 46 80 6 9 17 62 42 60 129 127 35 543 30 31 4 337 106 39 48 135 57 39 23 59 88 212 53 42 26 7 3 79 15 22 52 195 30 9 49 18 22 126 60 29 53 12 28 89 92 15 23 4 23 334 11 22 24 4 12 121 41 13
0 51866 80 37 21 79 80 10 15 157 92 3 24 3 55 41 109 38 5 8 11 13 170 2 117 23 279 44 235 12 110 5 103 106 95 271 366 98 224 172 18 100 237 30 100
0 51920 23 15 179 20 14 8 56 7 170 26 57 55 16 20 283 171 52 145 153 319 48 226 150 5 5 11 296
0 52043 20 38 33 33 5
0 52151 27 77 113
0 52190 31 32 44 10 280 50 142 26 88 56 219 31 70 96 31 32 23 139 140 14 34 19 6 18 66 17 134 130 339 90 141 5 221 87 189 24 197 12 149 4 53 45 68 11 214 4 60 11 2 6 208 14 62 131 82 365 323 128 335 13 29 91 98 43 363 11 98
0 52434 87 86 12 39 147 65 404 54 57 23 81 109 44 27 14 30 149 59 67 35 3 77 11 160 18 84 419 2 187 51 71 22 114 53 31 6 52 6 42 85 87
0 52484 43 56 42 22 77 48 44 59 99 29 59 15 100 41 330 60 46 6 57
0 52567 122 7 165 19 139 151 94 23 91 19 68 15 116 104 130 14 603 58 24 38 231 9 450 58 372 12 55 16 13 36 67 4 121
0 52644 122 28 138 7 12 8 133 5 22 43 268 222 10 112 90 16 65 39 100 33 45 96 117 56 60 105 232 13 49 19 44 6 109 169 194 37 145 69 155 26 472
0 52951 138 97 96 34 176 28 71 93 23 115 73
0 53059 185 28 4 1 183 81 306 58 24 53 52 16 25 34 88 180 93 23 64 46 167 214 40 6 310 170 12 48 345 155 75 40 62
0 53334 5 62 49 108 18 2 83 31 82 5 145 19 143 11 123 9 73 27 129 87 15 27 30 23 18
0 53541 10 8 113 59 11 1 182 64 22 50 125 111 60 25 76 26 105 28 58 18 62 37 17
0 53542 162 19 38 58 57 96 38
0 53933 106 53 6 62 102 60 6 15 42 36 167 86 40 1 75
0 53961 238 76 73 56 237 136 242 140 52 6 105 38 47 67 68 4 11 14 25 20 62 59 94 11 158 127 101 9 87 1 93 9 44 21 71 7 67 70 116 21 1 49 42 4 105 1 57 4 509 46 4 27 132 32 27 82 107 15 13 7 42 37 188 14 14 26 249 90 32 117 53 25 7 40 38 34 202 41 76 35 9 97 117 32 35 17 49 15 221 79 17 55 173 17 216 49 32 73 33 5 47 55 43 13 46 172 201 5 318 37 34 22 335 5 58 4 164 14 15 57 128 62 80 33 24 3 21 33 68 36 12 21 68 120 272 112 31 46 25 46 75 32 91 29 39 45 39 6 168 33 99 1 97 16 97 126 327 155 45 85 83 133 4 36 10 5 20 15 96 79 27 50 87 31 165 31 53
0 54045 21 3 40 54 4 23 365 1 76 49 181 16 74 131 155 13 104 82 73 22 14 152 183 23 42 33 56 115 10 87 73 26 70 144 125 30 124 22 4 78 178 138 89 25 125 44 157 179 141 4 209 110 110 138 71 96 49 11 110 215 76 35 156 11 121 30 142 63 89 11 397 71 51 11 221 27 41 11 38 55 352 5 324 46 6 3 169 12 9 65 130 4 20 143 65 6 24 270 117 146 112 30 91 2 16 84 18 7 396 35 49 96 206 107 122 4 46 34 12 111 182 104 58 174 94 72 67 3 113 104 307 167 53 76 10 109 229 11 133 34 806 120 227 57 15 90 55 17 134 29 39 15 191 10 31 53 146 26 40 5 141 57 96 64 365 13 70 88 23 85 40 2 167 25 11 36 47
0 54105 108 71 56 36 146 2 12 91 96 30 14 57 11 4 16
0 54167 151 72 47 125 46 42 128 31 71 47 39 87 34 15 36 7 12 4 111 33 16 51 171 60 454 19 30 140 67 8 70 27 31 6 106 22 148 23 122 31 113 15 302 24 2 4 206 44 68 174 142 62 39 92 285 2 31 125 260 47 81 1 204 43 236 78 212 18 56 164 35 117 72 64 108 40 132 15 73 42 139 134 485 192 110 137 43 15 199 14 4 81 38 1 58 14 74 35 87 161 148 5 16 7 13 193 209 2 84 36 13 10 33 25 48 16 26 33 17 4 84 136 4 55 28 12 182 67 141 45 282 132 139 73 33 43 15 55 76 58 112 33 151 14 113 5 72 27 18 98 30 110 7 13 37 86 74 25 204 37 209 157 129 68 10 113 2 54 77 34 1 64 98 165 152 70 102 4 95 98 17 170 59 116 220 30 37 51 72 33 99 75 161 2 57 64 212 8 19 105 136 92 50 2 2 20 205 39 13 71 168 44 15 13 114 15 115 75 212
0 54279 272 112 22 23 17 63 5 22 305 35 17 149 115 141 232 22 14 74 20 60 73 62 36 11 145 58 79 47 27 103 131 75 101 71 3 86 10 3 10 185 2 26 62 63 108 85 182 8 5 130 18 17 31 8 271 61 250 74 88 4 294 252 41 56 191 37 47
0 54626 110 1 125 71 191 57 161 34 5 71 36 1 72 21 369 28 26 19 206 129 222 22 115 50 244 38 30 41 168 70 112 142 104 39 95 12 98 62 29 45 151 22 122 57 124 43 23 8 110 7 38 119 375 16 73 22 94 6 1
0 55219 203 3 25 28 11 47 16 62 170 64 271 66 131 8 436 11 120 9 108 17 11 2 10 36 92 35 78 196 68 74 26 65 117 5 293 27 14 41 46 1 32 6 22 136 42 23 17 122 101 27 12 77 72 42 33 20 38 9 23 59 111 3 104 189 128 108 42 114 101 43 42 21 22 20 12 62 7 36 155 4 191 95 42 95 181 32 82 60 320 44 64 16 75 36 148 3 83 26 125 14 6 40 3 37 102 29 14 113 107 52 36 27 4 82 19 24 129 158 33 57 330 52 39 32 40 50 4 214 127 58 141 17 39 409 350 141 1 176 30 19 42 65 85 64 2 29 170 3 24
0 55268 100 5 57 44 215 35 173 34 28 49 56 7 556 10 10 54 18 47 74 12 73 65 103 99 86 122 53 43 13 9 126 21 8 9 425 11 144 49 86 105 77 150 134 13 52 74 276 6 263 41 84 76 138 171 98 148 44 45 152 71 56 173 48 118 138 6 31 57 16 69 1 106 363 10 17 20 141 35 23 59 38 100 87 29 20 6 188 41 73 19 16 109 128 39 76
0 55692 13 20 316 12 189
0 55858 64 20 271 87 275 3 189 17 23 80 42 16 49 75 36 251 9 55 5 8 22 29 116 86 6 11 169 17 196 53 7 57 45 5 83 90 14 75 28 39 336 35 78
0 55869 3
0 55882 51 70 94 1 29 27 45 26 56 84 116 38 89 45 213 52 32 5 79 237 132 13 53 41 56 90 94 38 5 35 242 18 20 44 62 17 85 3 72 10 51 1 14 55 88 7 70 110 33 25 53 37 75 241 105 52 4 37 168 23 61 95 59 10 125 74 200 12 50 69 23 32 104 40 162 38 9 14 24 89 34 24 513 38 9 87 34 34 41 33 87 52 31 20 60 203 53 30 13 119 4 114 79 112 136 25 37 86 280 12 13 81 104 65 406 48 57 119 144 33 101 29 10 12 356
0 56100 95 39 55 13 15 65 48 107 136 217 67 101 44 40 84 26 6 3 141 54 103 243 63 124 29 201 150 7 343 46 57 37 138 15 103 70 17 47 26 12 138 32 128 20 83 99 67 74 5 58 282 130 169 62 89 42 94 21 121 7 82 120 350 64 31
0 56361 3 126 3 46 182 2 49 9 39 14 173 11 30 208 82 65 96 223 67 19 34 42 5 38 83 10 222 35 15 109 30 26 69 44 13 215 49 22 100 39 153 39 235 72 17 46 24 44 385 14 189 143 67 64 67 22 68 72 66 74 56 6 159 60 53 6 77 55 216 38 91 1 100 14 687 9 39 10 75 16 64 58 196 52 125 86 10 91 55 18 81 16 68 21 26 20 119 16 75
0 56408 24 15 9 64 26 36 65 47 185 127 56 76 73 17 29 11 100 31 57 24 75 7 83 5 34 150 206
0 56625 26 22 2 83 66 124 9
0 56803 62 52 10 60 45 6 44 201 46 51 4 100 98 15 136 93 3
0 56970 86 99 111 70 18 26 11 68 96 74 47 1 34 17 186 42 115 3 103 75 99 57 40 22 269 48 49 172 134 52 147 6 100 97 28 32 11 31 19 108 36 69 83 11 41 42 91 6 13 38 58 9 85 41 49 136 87 9 50 20 18 12 146 11 92 134 70 9 3
0 57460 37 37 150 145 23 19 93 81 2 76 41 21 119 1 190 22 7
0 57634 33 48 3 59 15 4 19 20 5 22 67 21 2
0 58155 197 19 149 30 278 46 90 26 47 17 157 32 518 165 336
0 58304 136 17 38 103 1 128 132 25 166 10 9
0 58427 32 44 79 28 4 23 10
0 58817 28 162 197 40 42 21 31 13 64 4 156 32 136 16 36 177 19 60 125 8 34 30 134 94 47
0 59018 136 129 90 157 241 2 10 3 91 129 115 93 40 51 92 41 49 82 27 10 96 91 82 40 5 34 44 420 392 35 37 21 143 18 27 11 79 4 2 15 22 38 21 29 79 2 51 26 1 162 50 41 179 88 96
0 59047 33 108 169 12 94 6 21 92 40
0 59185 60 51 3 42 70 112 49 65 691 13 95 13 194 7 26 5 182 34 166 73 125 165 47 43 186 23 105 39 95 11 185 29 108 44 65 20 18 99 74 23 4 60 424 5 26 25 4 10 538
0 59297 135 31 50 112 162 26 36 16 124 89 16
0 59631 107 16 17 94 12 17 17 21 153 80 116 2 64 1 2 28 351 17 4 26 140 195 280 40 41 114 911 220 215 68 89 47 104 51 135 34 100 13 361 30 4 147 56 10 119 48 115 11 15 27 19 10 109 258 53
0 59639 205 91 208 39 10 40 51
0 59805 113 108 120 17 207
0 59864 8 92 1 44 130 36 73 14 4 13 5 29 11
0 60246 5 75 22 39 285 37 80 16 66 148 19 36 70 25 35 77 31 18 8 2 80 28 179 11 36 6 16 10 20 9 88 76 58 82 110 37 211 25 142 54 52 45 73 28 34 45 149 29 17 127 106 43 13 25 300 7 146 10 316 74 151 15 11 14 112 107 508 63 31 12 131 115 154 22 99 18 52
0 60508 282 83 82 46 230 40 7 41 5 132 83 28 37 7 352 20 34 34 313 19 80
0 60509 301 292 58 2 189 66 100 65 357 35 117 51 147 34 112 11 47 14 85 137 364 96 77 187 17 20 13 46 95 34 61 120 89 47 191 6 492 61 132 28 10 68 23 5 70 59 9 36 2 73 219 2 212 73 55 74 184 17 163 84 75 61 147 1 73 17 24 42 104 27 32 20 1 2 39 14 58 36 64 65 21 81 99 59 113 44 31 70 126 7 63 6 30 4 36 31 87 149 112 7 122 15 115 96 34 3 55 5 111 66 29 72 516
0 60617 7 89 16 75 66 7 57 62 152 93 43 110 164 6 118
0 60741 21 8 84 23 44 43 50 59 6 13 59 13 113 42 216 11 112 3 43 14 105 30 3 45 105 57 151 52 114 61 384 21 33 220 33 77 164 40 287 118 211 41 170 8 56 347 98 63 82 13 132 92 77 8 32 32 8 16 186 27 17 40 12 38 98 35 126 38 394 24 29 17 112 83 28 116 85 88 35 112 37 112 1 47 57 69 47 53 85 21 12 39 245 52 31 116 202 12 52 58 163 35 141 19 44 58 39 39 281 3 84 105 188 63 126 66 37 23 39 192 188 26 66 72 53 2 68 22 64 61 160 27 195 11 34 90 81 89 33 9 76
0 61029 23 10 17 23 143 58 261 24 64 24 105 73 140
0 61088 165 35 140 14 186 48 124 43 50 71 31 28 6 62 47 46 28 40 73 7 5 28 9 24 75 9 14 60 244 171 65 1 18 46 19 28 161 93 69 1 297 238 114 2 135 133 122 35 98 73 124 158 58 53 123 5 26 8 79 41 74 67 44 106 135 52 235 17 35 33 140 44 411 54 36 51 14 44 39 109 15 6 283 31 321 104 57 43 46 119 153 89 86 49 43 84 74 78 95 40 104 8 67 133 156 38 37 4 105 136 30 19 149 73 99 25 25
0 61786 45 33 265 11 19 32 4 55 146 2 282 36 15 27 44 36 35 15 122 9 69 32 67 53 263 22 93 46 4 58 2 28 26 12 61 4 646 14 7 125 681 24 114
0 62284 26 29 2 91 67 46 65 21 200 155 232 191 91 11 75 11 106 25 150 46 6 46 95 34 8 45 49 44 79 23 67 169 183 63 54 11 91 6 13 19 205 33 5 19 99 2 89 15 55 1 10 16 37 51 22
0 62293 106 38 15 128 79 54 44 30 231 27 28 102 7 42 148 7 15 28 38 41 11 25 101 63 217 43 32 19 99 83 27 10 3 74 177 4 82 2 16 14 146 19 29 3 245 37 36 2 95 38 438 27 91 9 51 26 78 3 12 101 20 91 100 41 9 35 93
0 62384 5 150 26 4 108 4 366 62 155 40 11 14 24 22 37 144 15 12 51 1 112 9 4 41 2 48 2 114 40 60 46 6 19 208 37 58 426 71 49 15 44 20 87 11 547 2 178 3 32 25 229 8 251 23 5 177 117 11 136 48 104 22 11 42 154 22 84 5 313 25 6 44 144 132 46 167 159 8 130 85 14
0 62612 16 64 19 38 23 15 10 21 2 21 181 7 153 12 78 93 259 55 6 5 104 67 134 5 11 70 55 75 237 4 91
0 62685 365 57 722 23 328 40 6 26 181 58 57 26 355 15 81 2 25 14 92
0 62689 4 36 21 25 84 162 135 60 134 3 53 13 13 43 586
0 62720 39 59 47 10 12 123 48 25 135 34 88 21 59 16 69 7 15 3 4 100 222 73 66 44 12 15 88 33 244 28 301 17 60 71 70 4 272 6 38 19 52 9 100 29 53 5 79 48 11 15 51 4 58 152 127 3 73 142 4 35 68 14 231 13 112 3 193 49 11 43 33 26 4 13 70 27 71 15 107 4 36 95 79 37 104 43 118 129 299 22 155 75 3
0 62836 21 25 54 10 193 18 139 60 168 34 22 9 29 45 73
0 63093 141 18 315 33 229 10 11 69 108 9 2 16 23 25 317 9 106 16 82
0 63582 245 30 74 153 6 14 77 10 283 244 2 14 136 223 163 20 237 64 335 54 27 83 266 56 25 67 7 128 188 1 17 85 103 59 83 23 103 6 37 44 49 68 2 9 63 32 146 30 272 21 43 9 9 26 106 13 41 27 39 5 237 9 80 55 56 108 86 116 43 11 12 13 21 42 270 56 99 47 22 6 33 123 95 16 114 45 59 18 36 13 66 56 72 21 72 26 80 6 89 87 2 45 35 13 15 26 73 4 27 7 181 42 150 2 41 120 77 31 209 58 110 6 26 26 18 73 10 20 27 43 3 39 12 108 80 18 102 13 21 29 46 58 365 2 47 35 11 3 286 21 135 36 38 103 87 111 17 10 148 49 1 34 367 113 16 10 141 72 19 24 55 29 113 32 36 9 94
0 63944 9 38 360 245 55 1 160 21 115 9 59 33 25 23 5 69 151 20 69 408 370 256 22 18 76 4 13
0 63957 47 7 164
0 63968 3 138 10 13 31 90 66 4 139 84 135 47 126 47 226 32 37 115 202 5 197 22 37 71 200 16 77 146 213 79 15 33 142 52 268 13 157 94 111 11 136 39 184
0 64257 179 95 23
0 64282 164 20 77 58 13 25 244 51 27 13 43 197 117 9 338 51 5 25 30 96 4 28 10 21 129 16 59
0 64374 38 105 43 60 329 58 30 153 91 5 14 39 25 44 426 92 66 13 179 32 147 24 62 81 7 14 163 123 271 10 46 18 65 49 2 19 38 66 70 43 128 67 27 27 207 13 86 47 101 18 123 50 239 32 16 98 68 32 112 18 74 60 271 41 15 72 279 116 112 99 19 100 144 93 37 34 2 99 86 20 99 105 131 3 262 26 21 16 46 5 40 28 72 15 21 2 116 37 120 2 83 11 50 35 96 30 22 43 104 76 1 109 87 38 6 22 181 94 230 1 288 230 76 194 154 25 73 39 202 22 68 57 14 5 3 77 82 16 10 14 55 88 68 7 33 110 57 30 12 77 11 211 120 31 56 52 28 2 121 23 60 10 20 43 204 80 30 79 318 46 105 71 57 47 250 35 298 6 54 3 69
0 64606 36 9 13 79 8 55 180 58 19 8 7 46 155
0 64660 54 69 33 33 46 14 26 115 38 7 39 45 142 19 13 5 16 62 1 13 69 11 234 50 98 1 136 189 13 46 71 28 8 51 34 2 23 3 3 21 1 94 219 118 14
0 64878 118 64 51 32 21 18 138 12 37 7 106 45 238 27 87 104 23 24 12 38 14 29 68 17 39 2 135 33 3 1 11 32 454 117 418 94 42 74 5 113 181 82 17 11 19 45 245 35 65 50 82 4 38 75 112 24 23 69 154 1 140 129 54 21 54 51 148 31 290 48 4 12 81 2 106 9 478 27 4 79 148 9 81 31 231 71 116 63 121 83 166 42 62 80 20 48 199 24 27 54 64 6 81 32 128 181 61 22 44 122 59
0 64957 42 29 349 24 42 1 219 42 26 56 111 1 121 44 2 116 35 78 29 5 189 106 63 20 202 21 41 3 20 81 31 91 3 10 9 4 153 8 31 38 181 61 166 147 140 93 32 17 144 73 6 33 148 35 6 6 78 6 411 3 53 18 14 17 4 40 20 177 137 44 116 29 229 25 30 2 37 69 470 52 5 61 153 80 48 9 9 122 20 27 61 1 24 12 114 42 5 31 82 201 115 111 74 64 4 20 9 89 47 19 117 40 30 81 13 181 26 7 71 9 46 91 40 10 20 78 14
0 65132 94 51 25 30 19 119 3 23 46 31 148 19 147 8 107 46 123
0 65172 112 63 142 58 43
0 65173 58 57 39 11 2 93 42 30 112
0 65343 29 9 208 8 24 17 146 80 241 15 161
0 65493 179 108 14 27 168 41 309 26 105 116 66 74 20 15 153 21 15 21 144 218 28 8 101 42 33 87 382 15 365 91 351 38 12 4 52 2 93
0 65574 188 12 22 139 278 54 49 13 517 19 27 1 96 10 16 14 29 94 62 37 10 76 226 3 56
0 65979 141 21 57 13 49 16 203 45 21 5 5 30 132 49 24 34 102 130 32 34 181 66 24 13 28 25 24 44 105 12 26 36 10 44 150 64 117 42 214 50 108 26 266 76 4 30 155 233 20 37 19 70 40 77 289 8 139 67 187 24 92 48 123 5 156 10 30 19 119
0 66024 51 2 78 44 60 50 58 98 349 24 87 3 17 15 31 26 319 176 13 4 43
0 66040 296 28 130 39 319 169 14 62 46 99 223 47 134 3 24 18 24 26 38 96 5 32 158 9 58 34 171 2 3 9 46 112 97 21 87 20 309 17 13 47 156 25 67 20 145 82 24 52 3 45 208 140 206 8 213 115 45 23 21 77 217 10 7 27 161 25 42 63 13 61 81 4 46 44 227 33 590 121 148 41 64 4 46 75 165 68 124 91 14 125 19 5 36 4 103 84 141 92 11 5 17 2 92 238 78 19 43 52 43 6 156 15 107 61 57 27 179 40 49 6 171 25 74 88 18 25 50 102 308 208 9 122 270 16 77 215 282
0 66287 8 10 80
0 66303 131 3 23 1 7 33 210 45 39 23 49 12 85 47 173 4 40 43 293 99 451 42 169
0 66337 51 90 360 25 184 18 154 17 449 63 11 28 31 12 37 17 54 15 3 5 40 24 321 77 85 17 23 23 79 24 94 3 238 56 208 84 54 10 201 1 90 42 12 41 164
0 66632 39 4 24 14 22 64 59 74 496 10 52 31 92 82 25 118 93 7 89 24 156 6 35 30 75 14 176 5 4 94 78 16 71 1 45 85 7 14 99 15 49 2 54 13 13 62 20 11 3 133 65 4 6 261 17 11 102 154 20 70 128 99 3 240 1 26 89 76 72 44 25 69 55 70 61 23 120 25 5 15 33 2 119 71 172 32 5 37 97 5 43 64 70 13 52 15 10 64 72 40 31 137 309
0 66650 96 13 51 17 5 89 43 13 173 10 195 10 89 122 10 114 17 65 3 10 86 38 77 19 83 60 67 26 50 3 160 76 94 82 8 4 60 23 234 155 56 68 16 54 111 36 79 152 237 20 208
0 66757 105 26 337 108 16 72 16 57 47 49 10 51 109 19 140 65 10 24 52 289 133 58 14 6 144 34 59 75 221 57 32 30 53 37 160 28 374 24 154 8 6 228 38 3 281 18 13 24 14 33 13
0 67024 540 117 63 25 115 47 59 21 31 62 160 224 308 146 45 31 69
0 67359 16 57 164 21 416 117 172 42 88 37 48 23 17 41 8 89 156 42 231 66 53 29 105 22 87 65 18 17 17 3 17 24 108 143 179 10 15 18 54 49 16 8 74 96 95 30 15 24 17 146 215 62 78 59 10 123 5 43 29 20 61 39 45 195 172 26 80 47 139 86 117 87 189 12 69 5 68 20 210 13 197 1 47 4 8 16 130 15 202 308 153 53 33 4 15 3 81 6 32 49 68 8 21 30 20 143 131 56 38 47 58 33 9 35 174 63 102 23 107 12 44 44 5 5 1 68 166 5 29 109 2 84 199 51 2 232 44 26 19 24 242 134 119 53 110 16 385 60 161 55 31 5 6 34 27 4 143 9 383 13 142 1 25 27 379 1 219 69 257 4 104 8 154 95 220 10 32
0 67570 31 189 13 27 44 29 34 149 174 87 31 13 221 50 361 82 77 47 19 28 80 40 188 28 40 61 139 31 31 67 230 25 30 47 260 98 64 106 340 92 167 26 64 7 197 52 99 28 109 30 55 62 165 5 16 2 49 37 10 9 1 61 82 84 132 39 155 155 11 81 28 47 49 39 216 32 48 39 76 171 50 54 147 4 149 103 44 26 88 19 164 29 114 34 156 20 170 61 58 38 64 7 8 11 136 26 313 65 113 229 82 22 53 54 93 6 9 22 66 5 8 57 5 257 48 14 111 33 185 256 51 4 6 170 70 11 9 60 31 93 103
0 67774 75 75 15 42 10 35 165 4 268 13 47 5 131 83 31 31 18 60 64 161 22 30 87 51 104 3 56 44 18 88 360 24 130 24 44 59 47 190 68 25 213 8 14 41 145 26 116 91 10 31 126 34 27 36 75 169 257 29 176 13 117 50 25 25 2 58 104 76 32 119 225 81 4 34 141 90 195 52 39 22 48 14 76 113 27 79 14 122 288 3 96 48 87 72 27 113 2 70 28 3 11 53 42 31 1 43 67 84 485 52 154 11 57 22 173 27 11 9 17 46 103 271 60 4 201 156 34 6 419 31 31 209 60 19 148
0 67869 89 43 156 14 2 116 10 7 94 73 88 2 128
0 68222 107 205 100 127 59 149 218 28 2 194 5 38 144 73 184 82 2 13 14 60 217 117 34 56 19 260 24 42 14 138 100 69 36 6 11 82 37 56 70 65 89 43 97 27 12 136 23 13 26 31 26 37 142 25 31 81 148 38 41 43 56 3 79 49 138 66 107 14 4 62 85
0 68283 77 39 160 14 36
0 68360 815 44 27 1 201
0 68839 49
0 68902 83 62 1 68 242 26 72 58 51 31 76 2 142 33 5 31 218 11 226 58 12 9 13 41 56 54 30 52 119 21 53 6 126 124 49
0 69146 46 7 113 32 63 1 314 31 5 160 125 43 82 21 34 21 38 6 75 84 166 6 88 48 158 38 90 28 30 16 33 6 70 5 510 1 45 12 40 37 40 14 24 94 118 9 285 46 16 16 106 14 24 6 199 40 93 25 91 71 56 26 253 338 2 7 57 29 257 117 1 18 233 75 49 6 207 20 105 4 3 4 17 68 98 3 191 9 6 211 1 10 72 78 154 43 20 41 61 76 54 52 86 93 29 11 58 114 135 32 43 1 42 54 92 7 176 62 10 17 184 106 22 55 414 5 16 91 37 5 104 42 108 61 39 31 177 5 174 14 56 30 283 159 113 68 71 77 153 146 50 46 35 48 102 7 413 19 195 102 9 58 49 53 47 22 52 26 64 49 1 6 288 8 85 128 23 52 11 111 10 4 16 33 203 22 156 5 164 64 131 17 11 99 149 39 127 21 43 129 288 10 58 14 168 35 16 1 46 50 52 51 118 26 263 6 200 69 20 36 111 298 23 98 99 3 172 75 15 44 138 36 170 33 174 11 309 84 10 12 157 36 74 101 160 15 44 108 52 8 152 4 130 62 26 43 115 23 202 65 55 13 28 24 85 80 89 44 169 19 58 31 59 28 22 143 11
0 69166 3 53 197 55 67 19 264 28 120 18 75 16 73 2 160 60 23 136 65 51 100 71 251 1 2 3 356 51 164 13 1 25 58 19 345 89 22 33 22 35 36 3 9 21 29 53 155 58 19 36 129 22 356 59 39 307 269 73 73 40 43 25 31 21 216 21 8 21 29 63 111 89 219 111 182 36 66 3 34 13 22 46 93 81 103 148 29 71 241 5 139 30 375 26 25 2 37 131 69 54 71 203 81 31 49 9 91 74 316 8 4 54 54
0 69220 35 25 58 3 148 24 738 41 25 35 180 22 60 34 125 58 42 274 373 75 18
0 69517 9 22 82 14 102 199 344 256 110 3 23 1 65 182 148 29 7 132 20
0 69617 232 119 34 86 174 47 96 122 230 8 28 9 109 37 127 3 24 176 106 149 33 6 11 63 29 8 216 174 197 6 280
0 69743 217 118 131 45 394 86 43 29 21 40 33 30 272 84 35 7 152 247 179 20 14 48 119 13 245 23 17
0 69976 169 52 41 145 61 1 71 56 71 62 27 19 8 11 28 28 106 34 29 34 56 61 27 60 5 55 29 1 76 33 148 175 108 59 217 30 123 33 65 40 188 39 108 15 63 104 4 8 96 3 3 60 57 8 65 4 203 142 144 5 16 103 65 73 77 17 7 30 148 59 33 31 159 12 36 3 29 79 25 1 213 12 40 32 22 67 257 8 22 248 126 11 117
0 70160 376 62 2 28 192 92 366 61 15 88 10 58 110 48 35 71 11 16 112 6 99 27 6 7 75 50 129 26 70 20 16 33 122 42 32 5 152 9 65 118 47 148 2 7 2 32 41 47 66 19 123 27 27 27 261
0 70383 52 2 64 28 4 29 100 10 184 14 174 10 27 45 4 24 350 111 265 4 127 30 54 5 75 19 89 22 77 170 47 144 146 43 23 107 4 39 93 99 4 20 50 61 46 46 11 33 1 55 132 24 171 138 60 1 9 61 119 1 119 21 66 23 102 99 3 129 62
0 70494 157 7 153 7 202 19 78 5 4 13 64 11 107 40 38 74 204 37 11 17 79 15 141 55 116 31 77 18 67 15 157 34 20 37 73 68 48 19 48 20 79 105 8 106 176 3 3 54 109 108 107 19 352 6 150
0 70517 40 116 40 33 41 44 16 15 28
0 70623 165 16 49 6 12 39 78 28 16 10 52 19 100 2 123
0 70897 9 18 69 5 58 70 109 7 6 22 63 20 45 78 67 28 36 77 82 3 100 8 221 53 223
0 71106 75 13 34 12 22 32 41 57 157 50 50 45 61 81 60 89 24 66 162 10 42 23 99 72 182 10 80 34 204 14 42 2 8 95 165 15 169 135 2 13 64 20 313 124 23 161 198 19 131 114 72 20 235 21 304 6 28 73 28 26 130 15 5 53 115 53 12 85 141 45 221 79 79 56 284 1 169 3 459 15 95 19 224 2 36 10 20 128 131 123 21 225 146 18 47 14 56 136 107 9 6
0 71183 196 12 211 1 8 75 19 72 6 44 153 1 10 28 55 64 42 8 66 72 17 42 92
0 71277 30 9 1 165 145 44 112
0 71305 226 3 100 10 98 156 27 59 16 50 75 2 245 129 56 46 62 128 2 28 4 117 33 32 158 46 11 10 195 39 172 64 32 31 43 38 196 73 131 125 29 5 72 5 154 9 73 49 428 51 153 21 18 176 32 29 43 58 78 22 17 73 7 1 36 57 3 86 103
0 71402 2 7 46 25 58 57 30 104 90 47 79 132 14 40 4 26 85 65 95 45 187 8 102 68 77 25 2 119 187 30 54 10 92 26 77 2 95 13 12 38 47 71 215 43 260 16 75 113 78 73 32 22 132 94 108
0 71403 125 61 18 69 16 34 51 36 11 15 58 1 139 46 52 13 85 57 17 95 116 4 62 67 10 93 53 89 58
0 71444 34 5 16 60 182 116 90 90 47 33 132 41 32 20 120 60 375 89 14 17 267 42 17 58 1 10 161 92 26 24 142 22 141 7 74 8 113 22 66 110 68 17 140 24 198 106 244
0 71524 33 20 292 20 32 5 134 47 100 7 50 1 132 34 118 76 76 41 20 23 548 5 66 115 19 6 30 248 158 106 84 143 9 8 207
0 71596 28 18 57 91 152 141 36 91 279 1 76 106 82 1 11 121 160 5 128 27 16 38 131 40 33 54 70 49 53 11 5 27 60 64 70 62 69 13 58 5 11 2 571 24 137 8 6 48 9 4 149 92 116 21 45 66 359 57 124 34 45 21 57 137 136
0 71749 161 61 160 43 7 4 4 17 7 75 64 20 28 18 20 26 7 5 116 3 31 25 51 17 142 17 20 21 153 19 204 32 95 76 26
0 72098 72 37 16 9 80 32 46 291 132 29 84 105 107 87 106 106 20 20 121 31 56
0 72107 106 57 208 53 18 43 86 104 200 37 31 67 128 14 144 32 147 2 16 13 386 10 165 135 186 5 162 4 50 14 45
0 72417 21 27 37 87 8 6 14 12 80 38 114 35 100 117 93 4 106 10 193 126 191 21 199
0 72438 48 21 7 64 79 27 58 58 136 76 47 31 27 17 37 67 80 21 14 50 47 35 24 84 88 25 35 25 204 17 117 130 58 56 4 7 19 5 38 33 14 43 39 17 144 38 293 25 37 21 55 4 208 140 119 33 43 14 19 20 233 71 180 26 5 6 42 107 43 13 331 40 159 47 69 243 38 5 1 69 71 22 11 71 187 19 216 67 64 57 175 59 96 65 7 51 9 31 38 76 155 31 16 198 11 51 184 54 8 34 27 2 163 9 95 82 28 31 279 24 33 27 107 90 112 102 515 3 99 37 83 23 118 6 271 62 337 3 71 148 125 154 52
0 72498 209 17 15 40 120 154 120 144 56 25 81 21 128 25 129 39 50 14 97 120 40 3 58 40 128 9 45 52 35 53 222 26 78 65 34 4 20 25 92 21 13 38 57 74 83 52 15 22 25 40 249 21 99 25 185 10 46 41 129 31 160
0 72561 80 96 54 33 63
0 72762 253 4 90 3 64 55 79 36 366 25 5 34 17 40 69 68 6 40 232 24 258 51 82 41 31 65 28
0 73111 63 6 55 305 147 17 41 140 4 3 7 19 14 205 230 11 129 23 311 21 14 13 33 113 74 130 280 56 174 7 91 15 350 11 370 36 109 74 50 34 43 22 364 186 159 51 115 37 157 74 14 3 199
0 73149 188 36 33 19 233 27 59 74 82 17 23
0 73271 49 142 34 36 171 28 245 14 35 69 40 11 165 96 20 99 9 61 5 71 79 2 101 23 130 30 90 11 97 79 13 178 2
0 73546 139 2 18 21 109 16 9 56 1 49 380 53 20 62 58
0 73561 166 98 93 39 238 68 37 11 284 39 35 130 53 23 86 9 140 58 61
0 73657 99 113 212 74 125 67 211 53 38 15 176 58 26 66 37
0 73774 13 86 253 2 92 67 130 1 240 1 4 175 57 93 57 191 166 45 104 1 86 15 75 46 42 51 347 7 124 26 26 13 78 20 28 10 41
0 73818 3 48 34 40 147 108 147 17 448 20 103 98 96 77 21 41 7 48 53 21 7 2 24 113 11 5 3 7 146 8 122 31 142 35 24 8 118 49 130 102 117 15 64 128 172 15 109 72 74 48 367 4 45 78 148 68 62 6 87 4 37 116 27 17 101 22 23 69 93 44 255 9 58 17 196 7 41 11 57 27 63 29 10 178 89 94 6 100 180 146 81 182 3 173 145 62 582 9 255 25 29 7 63 87 42 14 92 63 73 27 348 57 13 4 116 50 47 8 65 194 81 19 23 16 28 36 88 44 25 38 111 41 13 27 2 7 214 48 58 15 155 95 114 41 86 115 39 97 46 19 110 28 71 114 77 41 257 12 42 49 2
0 74343 161 43 31 57 4 99 39 12 34 21 53 23 9 22 105 141 50 34 75 32 48 10 40 47 40 32 16
0 74569 10 205 59 41 30 1 12 43 77 59 38 16 5 137 225 69 3 21 206 106 66 48 27 25 298 13 5 1 153 2 238 69 276 152 248 14 111 75 338 33 3 66 42 56 119 41 25 10 32 52 4 5 91 26 38
0 74706 93 116 26 49 79
0 74947 284 117 152 42 8 294 71 2 351 52 3 26 49 12 72 2 5 36 60 20 98 19 184 11 12
0 75095 41 7 6 38 175 68 5 46 17 47 8 34 23 31 89 25 62 14 48 53 28 3 220 138 26 9 28 69 137 60 3 29 22 46 67 45 105 84 14 200 42
0 75168 38 213 16 56 22 88 38 15 284 29 70 115 17 52 8 47 1 48 9 6 160 11 113 40 50 43 38 59 112 20 83 37 58 3 118 13 93 46 177 113 3 41 3 5 158 113 33 76 22 14 2 16 35 36 75 4 62
0 75197 57 131 54 20 136 189 93 28 35 6 57 44 187
0 75479 290 347 8 13 137 48 24
0 75496 9 48 105 33 132 20 62 30 411 7 123 111 130 49 67 11 57 55 15 51 227 33 4 61 6 33 73 63 42 19 75 78 6 103 27 86 337 6 311 127 159 46 193 31 77 76 84 48 111
0 75643 30 8 5 64 94 42 143 13 27 54 53 4 107
0 75671 532 94 10 22 67 125 46 82 21 5 180 160 42 25 155 11 3 6 27 32 11 81 8 8 100 113 8 37 47 162 55 24 7 12 142 5 205 29 114 49 5 55 50 27 171 1 184 50 12 60 468 16 205 31 260 81 33 90 77 45 91 28 11 10 69 28 93 12 434 32 234 216 43 114 152 2 98 57 225 14 236 3 12
0 75756 34 5 110 59 386 15 70 10 26 2 45 3 140 10 297 5 91 21 149
0 75997 48 32 47 27 5 78 105 51 30 32 35 13 28 20 41 42 177 19 37 23 77 27 22 13 7 95 48 97 87 102 32 16 89
0 76047 70 57 221 107 95 20 108 72 54 3 37 90 202 43 151 61 8 29 32 26 253 24 129 72 168 2 82 34 301 19 1 4 16 181 176 106 22 2 345 110 57 80 81 28 25
0 76075 88 65 127 24 110 50 42 3 323
0 76200 13 19 55 54 11 266 45 56 147 18 48 48 15 51 133 9 16 55 28 26 25 121 152 24 355 17 83 16 71 77 8 29 116 9 69 185 7 22 14 4 22 4 217 167 31 18 54 17 37 27 46 31 56 110 12 42 114 92 65 55 189 61 76 37 48 99 238 2 40 152 169 17 79 38 41 100 142 12 16 9 101 2 88 5 84 61 68 1 30 41 357 65 309 50 289 70 103 134 16 34 22 5 187 77 19 105 118 39 80 53 49 5 85 92 56 18 63 37 59 45 114 69 5 129 18
0 76395 177
0 76424 90 55 141 50 85 6 66 71 292 30 75 2 229 49 17 89 27 12 458 65 24 16 54 49 255 156 182 5 103 8 23 37 256 35 521 21 61 117 50 12 7 20 31 22 56 40 476 51 107 7 44 27 7 11 360 19 11 124 28 35 107 153 154 6 122 72 24 43 63 10 366 70 18 32 304 85 112 14 72 69 50 114 89 7 187 5 129 8 114 60 82 4 3 117 353 50 32 39 101
0 76631 150 25 221 159 34
0 76922 77 15 56 152 24 40 45 107 130 115 258 7 247 54 31 88 105 53 2 121 208 208 43 11 73 13 8 54 62 4 85 13 83 5 68 4 19 5 289 23 30 59 3 87 5 39 114 24 107
0 77268 141 2 30 26 9 13 101 7 84 108 6 6 67 57 41 33 243 9 105 36 63 51 129 12 30 20 103 86 52 15 32 34 3 9 155 12 71 160 4 1 143 103 122 33 108 8 243 25 64 47 167 52 403 16 232 12 32 24 25 32 69 83 57 91 335 33 128 12 90 6 195 34 50 121 26 4 19 75 126 1 53 38 27 5 105 34 46 21 511 67 17
