0 0 156 22 32 3 11 34 10 24 197 15 126 57 46 20 87 53 43 11 14 41 9 29 182 149 70 78 266 25 129 112 86 59 1 55 57 55 85
0 197 113 42 248 40 28 29 12 41 26 89 129 14 5 79 51 62 11 72 16 1 117 13 44
0 632 164 56 29 28 4 7 232 3 94 6 50 74 63 62 10 43 5 81 329 49 211 7 131 40 184 18 20
0 920 50 62 43 2 237 47 84 1 213 31 55 3 200 1 97 3 151 8 54 16 351 28 404 15 102 50 12 5 241 3 6 47 97 144 114 3 115 55 15 5 75 1 25 51 162 23 82 81 213 95 99 39 23 1 15 19 125 23 24 50 2 91 7 89 125 39 92 1 118 59 44 33 233 60 212 82 2 13 52 89 11 1 2 34 15 118 50 10 120 31 380 4 90 46 69
0 1063 14 5 45 115 15 9 9 26 13 43 6 18 6 130 59 98 234 26 76 45 109
0 1095 119 55 95 29 40 72 36 51 2 118 9 39 106 139 5 33 122 44 21 31 74 11 340 6 4 21 177 8 34 14 32 82 362 63 425 17 133 100 81
0 1103 43 28 342 3 12 8 51 88 83 38 59 25 15 92 104 17 250 13 76 101 16 170 62 49 69 35 21 27 83 32 96 17 7 2 43 47 74 35 44 25 56 98 228 19 30 163 126 51 85 5 65 8 222 42 293 28 46 10 53 54 219
0 1322 268 1 34 5 4 1 139 38 18 28 88 29 104 50 136 36 41 22 91 31 83 61 150 108 7 71 5 84 23 70 82 8 35 95 130 3 63 54 180 132 172 112 29 151 7 11 127 60 255 33 219
0 1323 58 43 71 33 3 68 4 23 121 28 220 35 109 154 89 71 50 8 147 195 132 74 57 17 9 153 108 46 94 45 36 65 153 93 115 39 83 21 246 15 246 4 26 30 176 87 132 8 150 86 15 34 15 123 1 1 43 54 250 81 47 48 12 52 120 24 21 146 12 31 22 29 65 18 56 4 21 90 122 6 11 20 209 139 86 2 29 6 133 5 205 2 20 13 164 87 14 1 24 24 51 57 52 54 194 23 28 68 62 86 103 31 113 18 128 31 414 2 122 186 209 58 132 210 27 19 158 13 229 11 16 119 326 4 9 167 117 66 53 1 238 98 95 81 56 43 127 63 34 50 134 22 106 31 139 90 177 126 11 56 346 37 90 52 32 6 20 179 143 6 78 49 28 30 174 3 114 44 189 14 7 85 80 8 176 47 106 105 214 5 29 10 175 89 103 52 4 62 124 30 32 60 19 50 152 115 15 22 30 94 275 113 88 44 68 54 247 31 47 21 128 101 47 20 22 21 49 3 202 58 136 6 43 59 12 141 207 3 159 14 154 101 156 64 409 122 94 3 40 40 514 34 13
0 1445 15 213 10 60 74 3 32 38 110 74 8 1 2 40 17 26 284 15 19 46 228 71 2 31 312 68 3 159 320 45 60 35 363 33 112 14 194 65 2 127 23 2 89 14 168
0 1453 21 2 175 51 86 4 64 84 17 33 134 20 76 22 237 18 39 95 144 9 143 124 16 106 11 52 70
0 1765 4 101 87
0 1820 308 4 192 98 146 51 102 22 110 217 71 4 230 52 130 107 59 17 84 75 45 44 63 48 6 80 17 42 59 17 54 119 101
0 1973 101 40 29
0 2041 159 104 18 26 68 1 42 4 85 178 42 6 2 14 158 36 122 38 335
0 2149 32 1 115 1 369 45 81 32 7 60 6
0 2251 63 117 440 29 40 16 178 146 17 105 61 10 128 69 118 15 128 47 22 30 38 84 21 26 67 91 107 48 115 55 158 56 79 128 91 16 31 29 1 65 120 11 9 3 47 27 121 41 58 41 68 107 290 59 33 46 11 18 121
0 2410 33 26 56 25 69 14 25 14 21 52 176 99 71 183 30 19 377 23 20
0 2478 132 36 171
0 2690 56 22 11
0 2760 13 19 126 6 157 27 79 55 28 30 2 11 62 215 115 31 120 30 5 61 4 49 24 2 14 15 531 23 122 93 72 7 73 8 27 80 88 40 24 11 137 37 36 120 32 10 47 32 137 44 167 45 22 10 12 6 93 5 10 92 175 72 280 28 28 6 52 127 9 35 59 22 89 19 4 9 38 129 17 25 47 39 121 31 145 17 107 64 403 34 289 87 61 19 29 29 339
0 2862 18 76 46 89 150 5 158 82 50 21 67 61 253 7 97 14 90 71 20 37 258 70 118 41 100 42 275 49 87 10 87 62 87 21 215 19 51 27 181 10 170 50 393 4 2
0 2932 19 58 74 58 72 61 17 51 92 2 144 4 146 74 381 16 92 1 148 69 75 2 20 7 227
0 2936 1 82 115 74 196
0 3243 91 15 60 9 50 43 31 38 242 32 112 118 19 294 107 63 232 11 33 11 40 28 42 12 17 42 38 8 165 16 109 188 150 9 42
0 3271 263 18 346 3 112 41 92 35 64 13 24 5 213 25 6 13 12 12 178 256 24 30 16 106 110 10 5 31 254 85 194 24 60 18 47 39 176 5 18 17 18 44 68 8 263 57 192 3 212 28 92 50 59 20 94 25 12 15 10 13 11 68 255 7 78 22 337 28 124 111 168 6 3 27 45 49 35 19 44 24 146 25 249 15 47 33 59 11 247 105 12 51 24 10 49 126 247 77 82 8 466 14 22 1 49 20 7 10 41 16 112 4 49 27 210 33 95 10 118 15 29 3 42 26 263 34 26 15 62
0 3283 40 75 3 5 108 11 163 13 40 60 21 19 51 27 42 31 162
0 3284 193 49 237 15 162 50 92 87 162 16 43 7 54 3 48 1 45 203 45 20 267 29 42 22 64 23 45 46 429 29 28
0 3395 82 26 35 1 58 131 123 74 133 28 216 35 20 21 37 17 277 42 133 9 194 144 3 41 42 41 35 87 34 3 75 12 379 15 24 4 158 138 488 15 43 82 12 49 347 67 4 119 85 5 197 24 57 30 275 1 307 26 124 20 27 42 464 34 15 43 94 78 91 12 1 17 20
0 3492 1 3 111 23 220 20 3 27 64 11 250 7 45 9 187 230 3 55 30 6 38 39 170 5 48 1 36 192 55 28 271 4 96 36 8 63 52 43 141 7 196 20 101 113 62 52 18 4 13 14 150 99 103 8 259 5 10 1 80 56 128 26 64 181 33 20 128 14 54 31 89 5 210 22 56 12 9
0 3902 196 8 204 46 66 19 138 43 149 15 36 146 38 106 144 111 7 189 307 38 71 7 207 61 54 28 97
0 3923 122 52 35 65 226 5 304 58 11 65 135 29 82 19 51 74 106
0 4200 11 27 38
0 4318 145 98 42
0 4618 468 7 104 39 195 27 17 62 60
0 4677 15 108 79 107 82 42 21 129 77 16 27 1 206 96 36 1 68 4 30 19 14 84 3 62 177 13 36 56 175 26 304 13 61 60 33 13 55 17 117 23 112 9 98 36 30 200 133 54 118 51 44 24 13 6 54 37 54 11 126 6 17 13 43 17 225 60 126 119 339 9 39 16 3 10 178 96 57 62 83 7 56 10 112 84 49 3 141 3 70 23 69 134 18 24 39 88 20 9 120 133 234 37 155 48 164 3 165 165 168 39 30 86 19 6 80 2 276 55 43 89 124 49 629 4 17 162 8 12 34 3 247 24 45 44 73 37 13
0 4896 124 10 96 22 27 80 25 3 62 30 155 29 3 24 60 107 144 51 71 12 98 2 21 194 17 51 10 26 367 126 135 41 68 60 14 28 42 84 60 55 579 48 32 39 111 5 88 5 141 5 1
0 4943 428 51 133 1 26 7 132 61 15 33 30 3 47 132 61 22 173 156 25 42 151 29 6 12 65
0 4953 157 100 20 14 102 34 59 83 150 4 22 31 42 7 121 6 74 35 63 16 127 17 51 6 2 97 164 4 40 18 47 20 31 28 334 37 17 5 78 29 210 4 82 49 188 20 148 39 162 40 237 24 34 32 68 53 34 29 4 36 279 54 133 8 20 72 43 34 423 5 227 34 10 101 168 4 20 10 76 55 7 12 76 177 176 60 183 105 140 12 13 26 68 49 162 42 42 7 41 43 21 30 401
0 5073 174 67 56 10 37 39 159 44 142 24 23 69 181 145 47 99 77 104 75 37 324 33 106 76 274 13 37 275 212 28 196 210 39 22 43 64 236 42 46 92 93 10 131 3 2 39 70 1 54 51 29 24 27 95 498 32 5 10 53 34 20 132 32 15 27 17 241 11 60 23 5 79 12 26 67 43 95 6 194 61 88 12 86 23 5 39 57 16 12 114 33 25 196
0 5104 8 68 39 26 11 44 89 7 64 58 161 61 60 33 130 118 212 109 7 39 232 50 41 5 10 23 142 41 20 221 143 28 5 18 31
0 5552 35 6 7 78 11 121 23 92 59 5 303 45 296 94 138
0 5688 3 41 44 36 465 6 56 19 159 4 210
0 6308 23 35 44 28 72 47 7 2 230 119 737 85 39 98 5 1 32 86 2 41 64 59 338 14 15 30 92 130 35 135 102 80 226 5 307 34 33 3 5 24 97 2 42 298 147 84 28 100 117 3 120 23 24 102 34 21 83 4 30 159 47 154 52 1 64 20 105 52 155 6 46 24 10 19 80 1 23 3 148 57 62 115 133 175 227 1 202 18 133 79 19 46 6 4 282 72 89 2 74 94 113 22 68 29 28 12 11 43 90 20 122 13 68 66 35 126 105
0 6666 98 18 13 90 15 5 9 6 13 49 46 44 23 56 16 52 160 62 106 45 1 9 38 80 61 1 8 54 169 5 18 46 156 22 15 59 42 1 230 21 53 9 25 32 114 62 190 47 100 54 15 62 186 80 222 53 60 48 99 39 131 3 38 44 5 99 52 68 116 17 49 34 149 54 257 21 11 19 59 78 70 71 32 33 91 79 50 6 103 51 87 46 159 53 172 51 54 17 484 26 134 34 34 83 5 32 15 4 47 12 40 45 324 36 63 67 163 66 35 98 32 70 11 15 10 31 13 52 366 37 231 47 189 194 75 10 158 3 551 49 2 12 48 129 67 64 263 99 45 57 10 23 8 76 16 63 129 2 46 78 47 1 93 10 9 56 121 49 115 22 81 76 190 18 34 5 92 22 208 71 5 52 54 152 34 82 74 18 27 53 56 207 93 12 263
0 6739 8 90 18 2 111 28 2 1 7 7 171 16 63 1 10 21 26 28 32 78 69 7 253 11 42 2 94
0 6764 15
0 6767 100 24 123 59 65 56 112 12 31 8 94 40 88 14 140 29 89 30 189 49 128 36 349 1 10 13 57 47 57 16 201 13 29 32 50 3 126 2 53 8 135 100 35 33 17 54 97 48 94 83 5 55 46 54 33 11 43 3 168 36 39 76 10 10 15 29 7 30 29 15 177 23 71 23 217 15 44 74 71 69 40 2 15 45 59 2 63 36 161 40 19 80 18 21 233 8 185 43 6 65 84 81 56 7 16 110 100 44 14 154 55 5 101 8 144 5 54 86 57 83 40 100 110 33 6 174 215 106 90 6 22 2 143 76 137 71 53
0 6830 41 30 22 2 41 12 51 35 40 81 80 13 131 17 135 9 149 68 45 183 49 83 61 3 297 66 5 80 3 7 155 174 64 97 5 25 422 61 6 80 99 1 160 197 219 193 23 26 108
0 6933 191 70 324 77 65 84 109 55 132 175 32 153 59 9 26 105 285 81 16 42 11 32 53 15 43 13 56 36 72 46 159 34 75 24 90 61 43 17 132 38 147 95 50 46 129 10 160 20 134 55 113 166 25 53 133 2 238 51 42 19 101 45 67 56 23 25 104 17 89
0 6946 39 22 50 12 259 8 81 33 2 121 97
0 7037 1 80 92 8 6 81 51 7 261 29 16 183 47 20 3 23 56 42 3 50 78 17 58 147 388 33 42 42 55
0 7271 40 12 3 24 44 193 40 61 5 67 27
0 7374 25 2 51
0 7744 13 37 50 71 207 2 153 16 59 26 150 2 171 65 6 45 239 18 21 1 11 42 95 4 22 62 44 8 227 16 11 58 104 108 75 50 29 26 27 121 94 57 12 37 236 43 129 27 128 70 23 9 256 33 9 17 101 60 162 58 24 14 168 154 346 73 200 12 49 11 94 144 69 29 58 13 98 115 93 146 190 140 77 87 42 25 180 1 27 25 83 48 216 56 44 84 389 22 37 19 114 2 146 10 194 69 409 58 41 67 7 30 76 53 123 185 148 9 6 28 91 13 55 17 47 23 135 63 454 83 28 21 113 59 64 164 167 13 85 59 14 190 122 16 157 25 99 22 223 22 120 47 352 1 11
0 8024 130 33 28 19 8 10 2 4 71 125 39 16 12
0 8125 90 5 125 13 113
0 8464 1 13 21 57 39 19 126 21 456 47 2 48 14 3 131 60 118 130 267 45 27 39 68 11 31 126 5 37 34 57 187 22 19 1 181 18 233 40 25 13 42 74 290 130 71 18 35 43 123 11 60 18 24 16 208 20 211 9 62 53 49 33 56 88 24
0 8775 311 37 7 43 175 35 24 30 66 30 38 49 26 3 52 57 68 9 80
0 9127 187 76 13 113 104 108 126 13 390 26 6 4 83 35 45 2 172 65 148 23 117 13 114 22 41 64 141 103 53 22 90 80 84 35 84 52 120 2 204 70 44 24 36 19 50 81 43 52 97 30 150 59 113 86 65 86 209 7 286 9 7 6 23 4 162 19 11 40 44 103 81 37 661 258 276 166 30 28 54 62 35 39 67 101 164 49 34 112 23 129 74 11 88 61 19 123 56 73 289 25 64 91 150 16 59 80 25 65 74 110 111 9 112 6 252 5 295 13 12 45 113 35 221 12 88 37 114 139 47 44 109 12 14 92 349 31 45 34 5 41 9 43 225 47 99
0 9147 7 12 234 28 43 27 34 158 61 136 225 72 87 122 50 100 113 179 62 22 68 6 78 215 282 6 121
0 9252 253 13 69 6 289 27 8 150 61
0 9459 456
0 9669 73 97 9 88 15
0 9975 51 36 40 38 7 35 32 143 94 71 58 20 91 22 33 1 8 44 118 13 20 17 136 44 69 61 41 32 158 12 76 82 23 13 21 280 234 29 86 23 36 21 144 149 124 65 595 19 16 39 148 6 177 63 178 1 17 32 46 8 6 29 51 1 23 44 109 62 4
0 10069 475 10 36 29 232 5 55 63 66 21 43 166 66 36 107 8 397 73 51 38 241 1 54 25 42 68 38 147 25 8 165 18 401 5 69 6 10 1 42 159 2 68 23 38 164 38 194 7 59 3 159 26 175 67 361 91 280 49 45 26 28 34 271 53 1 43 8 32 44 13 3 44 59 80 33 23 7 26 4 103 40 17 25 32 203 21 41
0 10086 166 71 40 62 10 51 381 30 59 55 240 87 157 34 31
0 10281 25 30 56 57 3 33 38 31 25 27 309 30 81 26 58 26 115 1 4 186 397 46 173 32 151 16 71 23 29 16 119 4 183 31 23 86 15 37 306 51 56 40 18 3 22 82 24 86 175 2 112 111 112 93 73 30 62 1 20 38 105 30 138 34 10 60 301 40 145 143 291 57 152 41 25 39 33 13 4 18 333 62 257 7 34 39 123 33 22 37 59 40 56 34 53 140 35
0 10760 28 18 12 70 5 5 60 13 425 30 105 66 78 84 2 162 91
0 10915 88 30 4 70 16 13 73 31 23 125 87 35 203 67 23 6 51 1 146 86 102 71 59 23 63 69 12 38 14 18 28 16 157 97 5 3 242 8 11 32 78 5 96 39 96 18 54 20 84 2 268 17 70 14 133 24 15 71 291 65 69 91 196 78 13 75 283 13 8 3 264 80 129 5 89 20 89
0 11401 30 117 48 48 24 135 298 34 2 2 79 25 81 50 39 12 44 32 19 170 310 65 78 108 5 14 107 25 139 3 64 89 94 47 8 20 126 96 164 67 157 55 241 18 20 56 65 64 76 3 47 5 44 6 448 74 124 12 240 6 3 90 15 5 83 15 439 86 206 160 118 90 91 1 61 26 5 44 3 29 32 82 243 22 172 10 133 26 216 13 329 65 50 12 121
0 11473 194 16 14 10 356 15 13 1 152 73 113 9 138 17 2
0 11500 65 45 14 38 69
0 11555 37 71 10 330 7 8 255 12 24 203 181 17 11 143 195 183 14 115 245 45 128 1 314 39 271 12 33 81 57 3 19 45 27 7 17 4 51 4 104 8 63 228 95 177 154 22 56 54 75 4 83 21 34 42 15 94 79 14 129 59 28 10 252 67 294 9 49 21 212 27 4 42 269 6 431 24 112 62 138 44 214 48 171 16 144 13 71 121 64 28 59 88 314 74 71 109 55 69 79 57 182 30 17 55 20
0 11627 62 96 139 198 2 157 22 194 65 38 186 8 62 148 53 86 75 7 48 22 41 48 59 48 1 27 7 6 40 21 48 24 129 21 122 30 87
0 11675 2 81 174 56 54 36 251 96 3 66 233 76 63 73 135 39 1 36 298 10 406 7 125 68 30 12 155 51 163 9 80 82 56 43 163 35 92 3 26 230 16 49 61 155 34 78 167 25 9 184 130 37 211 59 82 60 150 56 70 238 73 1 143 11 40 64 171 1 74 217 8 23 94 29 74 15 122 54 46 1 159 35 170 53 43 16 22 73 22 7 104 25 71 9 91 37 149 213 322 28 91 21 130 110 178 47 37 85 52 18 68 106 125 24 33 8 446 35 38 40 82 35 131 54 11 185 85 165 50 37 200 18 8 58 59 4 12 5 85 17 53 40 10 5 24 17 87 4 41 42 80 47 24 55 43 11 24 9 96 40 19 48 137 60 78 90 119 42 155 130 389 53 209 59 53 44 268 56 30 92 289 26 40 50 89 47 16 30 147 71 23 5 89 77 118 39 105
0 11818 273 53 21 65 77 11 20 72 169 37 58 92 6 87 48 117 169 14 288 4 150 29 97 72 46 141 5 13 25 8 283 59 116 45 371 24 78 15 107 43 82 42 172 2 174 259 1 66 75 7 98 90 61 33 545 17 107 134 52 3 59 3 67 62 70 34 174 176 291 2 22 50 391 94 87 4 30 27 12
0 11847 9 118 110 358 3 28 26 23 73 64 19 24 29 9 397 83 49 17 53 53 48 87 95 194 147 26 72 10 5 2 66 23 126 45 32 65 58 97 110 2 405 57 12 1 21 7 144 36 225 71 3 20 12 16 173 75 11 40 3 5 35 21 92 19 37 33 7 39 5 3 105 35 38 6 71 64 188 12 343 1 174 51 60 104 35 161 26 66 246 79 101 37 83 34 142 30 18 7 117 192 5 9 202 28 139 33 210 12 5 20 14 38 11 47 132 3 164 18 119 31 185 41 14 23 20 2 230 23 14 68 115 39 118 59 73 154 108 77 113 43 212 12 85 40 268 16 115 33 17 7 79 6 71 21 118 64 67 79 45 138 44 38 74 12 142 41 62 55 92 30 89 54 75 15 221 55 20 213 65 62 74 37 32 221 29 21 221 106 24 46 247 59 43 4 169 16 21 34 87 82 116 62 7 64 23 86 103 38 5 222 76 72 11 81 87 27 9 31 149 36 13 162 14 35 24 3 159 22 5 56 63 68 18 6 14 14 52 49 33 11 285 61 89 67 102 66 102 67 302 21 42 11 189 11 239 30 27 16 6 72 123 48 29 54 29 16 51 4 61 28 48 40 117 23 9 68 27 5 90 62 15 99 19 8 6 69 43 163 90 107 75 201 31 16 155 38 27 1 55 77 22 185 7 11 204 101 134 6 53 23 42 4 1 80 48 10 153 67 153 16 60 82 122
0 11892 61 1 39 84 71 10 35 1 27 65 45 37 190 30 141 28 176 38 49 225 114 72 3 4 162 8 333 10 66 8 251 42 54 46 59 58 291
0 12080 9 75 320 15 1 4 46 152 191 63 166 5 144 294 27 66 191 8 69 168 281 101 18 6 94 75 173 31 49 14 1 33 196 35 150 37 22 167 27 10 41 75 50 94 133 46 62 31 5 91 232 49 54 49 204 118 160 48 134 3 48 4 119 63 174 44 5 4 189 39 6 17 116 2 140 10 146 22 178 28 275 30 63 8 192 45 44 97 22 101 75 13 52 13 14 85 68 51 21
0 12133 57 111 591 12 142
0 12163 13 4 87 11 176 75 111 11 46 42 19 16 59 172 17 74 6 3 58 23 104 11 16 10 36 18 438 40 23 68 85 70 118 47 27 7 205 208 315 91 58 11 12 34 538 61 29 166 102 21 123 12 184 24 84 8 29 23 16
0 12442 167 88 163 32 47 15 17 12 224 41 115 59 29 7 78 35 45 16 74 15 28 17 173 9 180 16 69 38 36 18 49 11 82 69 238 14 270 1 129 22 78 38 28 147 11
0 12694 68 6 179 87 13 58 36 157 20 153 247 54 22 22 49 15 74 23 66 6 82 119 202 4 148 1 15 45 66 28 173 11 45 44 54 23 24 83 69 31 31 17 521 6 210 50 67
0 12992 103 17 3 1 19 57 122 87 67 26 34 41 18
0 13051 73 99 22 29 3 82 28 28 2 14 703 288 264 67 13 141 183 23 6 8 85 13 53 8 173 46 223 33 23 80 171 11 159 35 25 8 146 131 182 39 6 2 217 93 170 47 218 126 123 77 8 31 60 116 9 100 57 165 205 21 30 73 71 119 23
0 13277 83 46 158 4 113 473 208 74 94 80 101 20 216 56 64 2 28 161 28 134 103 17 1 41 112 48 26 34 137 76 23 2 24 18 245 158 174 65 58 108 271 80 393 220 69 30 78 20 21 74 112 86 282 103 2 68 188 74 1 40 65 99 102 137 143 2 65 108 14 96 70 74 116 45 22 98 31 3 20 31 117 24 52 129 118 50 75 44 245 49 179 33 225 30 20 20 594 41 50 82 37 34 253 66 121 10 7 113 130 124 48 160 65 81 12 51 34 21 151 61 1 31 174 23 100 126 107 21 3 28 82 91 27 14 177 39 178 31 120 125 201 6 386 16 51 43 166 67 159 68 101
0 13279 30 11 6 12 356 30 7 66 109 28 4 84 61 4 45 11 15 115 125 82 398 103 5 38 260 4 173 34 53 44 133 27 24 12 200
0 13514 45 25 64 47 150 31 11 61 194 1 123 91 134 25 127 128 78 63 75
0 13589 349 42 202 6 44 33 71 30 87 27 68 69 19 3 293 66 54 54 81
0 13648 191 42 55 162 2 30 166 10 17 252 192 53 11 165 19 40 113 23 32 59 64 82 219 48 285 7 7 5 19 40 462 139 118 19 47 15 149 32 182 86 19 12 7 117 42 35 16 5 29 18 75 100 8 1 103 114 123 107 139 14 40 31 79 10 17 253 91 197 50 134 49 95 49 13 34 70 21 4 161
0 13675 100 37 112 58 11 18 10 65 13 63 36 114 147 13 35 39 85 16 8 40 76 20 130 339 168 103 212 112 32 50 515 15 40 15 90 14 33 66 28 10 415 110 116 7 60 27 222 17 65 45 41 22 180 22 317 11 8 125 78 5 276 30 29 43 309 112 24 105 81 70 179 10 25 36 35 22 276 17 106 1 30 107 32 79 84 3 13 125 36 10 129 1 223 9 5 7 2 35 133 5 139 73 43 19 128 49 39 87 47 17 32 75 69 133 25 25 20 8 12 4 26 11 91 1 138 120 129 51 62 1 119 123 105 52 25 21 59 113 37
0 13695 152 51 88 140 90 53 14 54 253 54 129 36 139 8 29 3 36 24 182 28 50 145 91 30 183 121 9 28 106 27 38 35 4 21 20 119 103 98 109 42 9 5 149 28 78 6 126 50 3 167 142 21 29 111 36 28 154 23 121 8 17 1 214 77 48 18 6 160 201 67 125 25 124 21 142 87 2 8 65 16 111 51 53 6 52 172 23 108 72 45 13 9 12 25 35 31 108 73 125 78 55 138 137 3 71 13 251 25 98 15 16 39 150
0 13864 137 192 47 82 42 38 85 70 215 37 228 15 118 141 73 13 48 28 23
0 14074 40 131 84 3 16 28 97 119 18 28 64 4 81 3 61 159 369 27 58 62 104 11 200 7 57 16 257 25 155 187 24 3 246 84 104 68 55 45 10 9 64 10 13 70 111 121 17 13 326 61 114 21 46 73 25 89 118 28 76 97 45 16 269 5 255 24 84 22 25 76 33 166 4 60 1 50 79 21 103 107 27 10 8 25 103 73 31 42 7 381 41 2 27 72 38 16 17 41 35 134 54 37 224 82 220 54 62 11 6 106 106 8 3 45 4 13 45 2 255 17 47 86 140
0 14142 15 34 294 4 24 56 18 26 75 26 6 7 16 138 49 134 34 35 7 13 199 70 2 21 50 31 214 98 382 6 381 26 132 52 90 40 246 2 9 67 97 1 45 30 118
0 14287 33 56 192 19 119 32 48 9 93 11 9 10 49 39 96 9 165 22 61 2 218 139 428 3 9
0 14672 33 201 100 94 7 16 8 87 2 196 5 37 158 186 13 88 20 104 66 60 52 12 52 75 1 4 77 40 315 21 13 75 15 22 103 34 18 6 12 13 4 7 41 125 109 81 23 53 82 203 230 31 74 144 28 39 5 14 60 29 114 3 56 28 18 1 90 45 58 15 1 9 37 89 32 28 25 1 19 85 56 4 61 36 27 1 145 140 63 34 110 57 173 7 28 145 177 71 95 3 66 180 168 76 89 87 52 12 300 27 247
0 14727 48 5 255 92 5 18 224 60 191 29 56 55 105 27 168 37 99 28 348 16 273 117 53 24 68 36 20 206 25 23 92 25 65 127 82
0 14959 115 56 193 40 80 4 48
0 15126 60 24 235 113 87 52 33 56 146
0 15349 68 69 244 84 60 209 5
0 15467 82 29 87 49 183 38 69 84 73 36 222 16 275 27 62 117 48 9 158 39 84 40 31 37 145 114 183 33 128 38 40 24 13 15 33 19 61 95 8 94 181 55 116 123 1 113 37 23 74 2 55 11 36 38 99 26 123 271 58 48 140 3 40 29 74 55 41 17 62 86 14 4 6 36 111 143 33 222 59 47 64 35 310 1 36 93 21 16 18 74 160 62 142 120 28 13 49 24 14 36 51 93 22 1 27 152 75 65 144 45 223 109 223 16 3 120 3 32 180 25 74 6 301 20 30 7 105 204 24 92 90 72 36 40 6 70 182 52 215 22 89
0 15472 33 82 46 20 21 50 295 9 45 147 42 80 5 193 10 23 14 7 100 3 25 107 190 29 135 17 108 228 72 233 99
0 15658 335 6 8 98 145 8 170 33 86
0 15735 532 33 89 50 259 132 16 19 40 203 30 5 155 79 68 47 131 41 325 18 35 37 55 70 8 48 10 9 51 193 19 36 111 1 6 40 65 21 61 314 231
0 15815 265 21 61 15 20 65 126 5 35 113 228 21 7
0 15849 32 7 358 101 197 23 288 45 8 72 222 39 72 12 65 121 301 58 314 45 16 14 13 32 64 7 470 165 167 10 27 158 327 21 58 3 80 63 50 31 11 30 142 123 72 19 251 18 71 37 15 19 19 4 37 24 175 29 123 26 121 10 15 35 430 40 148 51 164 7 165 44 70 30 174 6 84 2 36 110 5 8 32 21 12 52 117 87 125 24 17 24 10 76 25 62 95 12 44 37 54 32 3 47 143 71 346 17 92 93 329
0 15936 356 133 17 62 132 3 67 28 122 1 51 77 49 26 719
0 16002 179 3 25 79 282 127 442 10 49 47 71 42 258 78 28 63 48 13 21 22 23 4 8 2 47 37 12 10 258 114 44 77 32 1 27 16 171 3 116 19 3 4 79 10 59 5 150 5 41 60 254 28 620 18 5 30 134 56 270 61 80 88 22 25 80 95 282
0 16268 28 64 114 22 67 1 288 118 24 29 158 193 18 28 114 26 18 36 38 30 44 143 75 3 20 58 153 177 7 134 17 94 44 43 29 10 146
0 16473 238 29 26 97 26 67 82
0 16881 54 25 42 10 74 10 30 149 91 8 26 10 426 62 83 34 316 102 6 1 56 8 118 50 16 48 5 13 60 264 213 25 37 27 231 85 121 76 126 33 75 10 124 16 126 80 286 28 124 4 22 26 48 113 340 29 6 41 113 7 146 143 4 59 78 41 89 35 56 5 63 93 4 28 45 13 38 4 84 108 304 37 343
0 17275 34 131 128 46 162 45 13 31 11 20 10 42 90 3 335 101 176 35 112 93 52 4 63 16 46 22 69 46 110 24 153 4 32 30 5 49 68 28 104 55 222 169 91 2 1 3 11 62 131 13 148
0 17515 42 94 24 18 93 19 25 41 152 79 407 1 74 31 36 132 14 148 28 115 108 48 75 6 146 82 41 14 116 6 107 84 65 62 203 23 13 5 56 47 180 284 177 15 12 7 38 53 114 89 42 48 37
0 17652 51 26 3 10 84 2 412 25 223 127 37 16 34 25 174 35 85 62 163 69 2 14 17 18 136 7 107 13 48 127 111 160 24 142 11 25 408 15 100 69 108 107 57 11 87 12 97 13 165 37 102 8 57 22 150 34 52 90 98 25 98 71 13 233 80 18 43 70 40 8 177 18 9 14 39 120 57 28 103 260 147 290 17 11 422 115 94 57 131 174 32 92 37 69 400 33 29 38 203 80 159 37 300 88 240 53 139 6 149 166 60
0 17861 65 55 95 94 23 20 44 83 33 14 136 52 18 38 94
0 17970 100 12 309 65 19 9 49 148 66 5 94 9 78 162 218 3 211 64 82 39 64
0 17971 9 18 23 5 70 59 21 44 117
0 18064 5 20 320 10 15 72 190 17 96 13 16 54 51 1 163 53 266 35 95 44 75 40 91 23 70 58 70 10 76 8 33 68 66 5 161 10 53 26 116 114 599 7 32 26 9 46 408 115 22 42 108 84 27 8 17 68 120 29 143 22 62 155 96 4 108 10 20 20 59 167 56 125 82 38 385 13 9 95 272
0 18139 780 34 1 61 63 58 176
0 18589 283 24 185 63 386
0 19068 116 87 86 13 145 38 33 3 15 158 123 96 202 93 6 4 236 76 107 38 21 38 220 47 179 24 2 143 48 41 128 2 43 10 106 21 249 4 44 70 26 18 216 29 28 38 306 8 90 9 33 107 40 1 7 6 25
0 19196 119 21 9 6 43 30 10 22 30 14 117 51 43 26 73 20 274 64 95 149 4 10 72 22 42 76 179 62 105 12 47 63 170 59 125 55 272 7 237 7 115 22 111 64 323 56 241 35 34 10 2 120 17 26 100 33 259
0 19704 311 16 71
0 19778 22 109 5 40 58 82 88 98 31 7 46 35 80 61 5 26 25 82 98 29 62 83 4 94 53 12 85 42 294 25 95 6 67 32 64 101 50 128 27 120 82 14 177 50 62 23 82 28 79 38 28 7 57 231 12 92 231 16 35 1 203 79 62 26 3 10 147 46 133 119 178 31 18 5 115 13 33 39 27 30 101 68 165 6 21 16 57 2 98 43 150 74 170 73 53 46 229 15 233 64 96 27 25 456 22
0 19826 159 140 13 16 27 9 22 88 163 110 64 25 41 358 94 28 616 136 14 34 157 23 6 6 93 25 144 19 24 164 25 3 79 2 37 79 1 5 28 5 330 27 14 4 53 147 530 26 30 56 46 135 7 28 151 11 112 126 125 47 266 108 37 14 126 28 19 68 41 165 29 45 241 14 122 17 47 30 137 126 111 1 169 45 1 70 97 9 35 5 51 104 75 59 29 54 46 4 54 87 31 22 36 77 8 46 35 1 126 20 144 65 25 139 6 48 58 75 4 240 246 46 81 11 51 99 373 124 38
0 19906 184 52 99 7 346 76 238 27 439
0 19977 91 106 42 7 85 22 52 3 43 72 63 173 2 6 165 17 111 75 40 23 68 14 146 154 37 2 25 25 15 35 97 46 62
0 20195 281 56 80 27 258 36 245 299 187 26 25 128 26 25 163 47 76 33 244 13 77 67 51 78 349 25 82 92 158 33 41 44 102 54 131 125 41 15 206 46 72 8 160 7 67 130 28 32 60 34 23 2 13 16 22 40 66 49 27 22 48 10 110 46 178 12 231 4 575 18 193 37 111
0 20473 73 94 450 9 41 191 309 14 388 64 114 68 3 1 92 15 16 29 28 56 214 12 7 30 124 70 3 149 84 32 157 17 172 72 77 90 248 24 227 32 28 52 214 13 26 46 74 98 47 348 84
0 20627 66 135 39 43 20 14 59 73 151
0 20723 40 17 55 25 111 108 68 29 30 66 42 57 247 5 46 147 7 56 62 1 33 53 105 28 177 33 29 25 28 68 100 116 30 13 32 58 74 45 178 93 184 90 148 8 14 20 72 24 2 25 17 92 128 26 87 21 151 48 17 29 47
0 20767 23 18 101 50 59 84 67 202 185 40 87 5 14 127 82 39 89 1 63 43 100 2 212 18 19 101 101 33 233 10 39 6 46 25 66 19 112
0 21049 29 43 31 24 88 22 59 4 47 35 18 178 42 77 24 49 67 75 247 21 244 7 372 65 42 14 169 39 5 15 115 78 131 155 12 49 52
0 21075 7 47 79 64 25 2 50 17 159 5 18 48 15 30 332 16 18 53 23 31 99 24 195 10 14 5 136 39 30 11 16 25 222 7 11 106 97 52 139 56 101 70 18 14 18 50 132 108 123 39 30
0 21076 137 5 86 32 85 84 112 32 6 84 7 25 232 2 2 63 59 6 125 11 58 19 121 53 23
0 21150 13 73 14 52 8 124 198 31 76 24 121
0 21332 155 3 160 38 20 48 10 36 191 60 80 16 50 6 122 43 181 98 124 5 11 97 35 20 88 2 161 73 8 27 4 117 30 59 8 24 130 40 43 1 156 176 19 54 30 20 35 34 32 61 7 84 29 31 126 35 29 17 121 10 64 29 153 2 14 12 187 12 73 27 25 3 15 9 154 47 71 70 86 55 91 89 6 66 15 151 23 2 47 18 43 27 102 6 143 73 162 10 29 102 73 13 73 20 72 152 46 36 11 6 122 33 173 53 12 44 39 40 118 65 128 6 26 7 19 2 155 43 94 108 107 40 176 15 193 74 30 50 71 113 55 9 14 1 121 8 13 55 143 9 216 66 3 66 82 38 129 1 168 107 28 27 277 41 1 15 39 1 122 13 69
0 21401 22 5 287 80 70 20 46 73 16 35 110 97 11 2 33 93 1 2 97 32 141 192 80 56 110 27 34 57 5 55 61 95 113 18 100 81 206 29 314 14 27 93 10 66 16 69 75 145 59 14 304 2 31
0 21765 45 21 23 26 29 36 269 38 49 9 5 39 10 36 10 47 14 89 97 10 74 13 57 17 102 76 59 17 242 25 184
0 21912 41 75 13 70 11 59 87 3 57 19 164 42 5 29 105 9 59 168 111 4 141 111 2 15 33 74 65
0 22055 122 7 46 3 232 59 1 47 187 1 100 206 42 10 121 5 9 9 169 29 144 2 8 4 129 31 94 3 74 26 37 51 23 36 61 41 325 54 202 60 19 29 1 52 45 4 197 4 20 52 83 1 21 105 25 45 32 64 9 24 83
0 22527 193 102 264 42 26 7 260 138 106 106 37 93 72 39 342 106 31 108 22 19 53 35 129 40 22 89 103 105 23 152 66 19 3 49 25 16 90 75 7 46 46 32 359 36 12 16 7 102 17 161 100
0 22622 14 95 9 105 13 23 78 249 151
0 23037 30 3 97 26 56 11 196 16 99 83 183 12 169
0 23050 35 1 116 8 33 16 285 36 135 46 347 10 154 64 35 44 2 10 224 124 105 7 62 8 210 50 57 95 52 39 14 31 32 60 578 164 42 8 163 24 57 32 36 47 71 11 33 38 33
0 23382 196 26 35 58 193 54 130 10 23 34 97 61 114 10 135 112 73 74 292 25 23 31 11 19 143 4 89
0 23419 18 12 128 83 192 49 47 19 14 30 434 19 119 1 313 111 52 57 8 45 87 33 24 76 12 15 284 127 178 14 30 16 36 38 38 51 41 201 15 83 43 74 445 2 26 63 101 82 68
0 23677 261 21 32 159 13 46 129 47 47 180 119 11 30 12 13 23 215 134 150 48 54 29 95 93 12 62 49 24 161 26 11 11 331 22 71 2 199 8 72 6 73 33 1 131 63 11 3 6 18 20 82
0 23684 37 48 39 125 176 21 121 18 10 5 40 112 22 19 37 322 45 9 222 10 64 15 7 99 84 15 37 81 228 106 123 67 122 8 14 27 29 53 28 26 44 23 25 125 51 12 30 75 239 26 61 14 120
0 23710 47 6 149 45 144 4 52 42 27 28 77 1 40 77 96 15 127 98 13 34 158 28 171 12 223
0 23726 11 29 46 11 173 23 129 54 225 79 217 15 27 83 172 57 6 59 150 25 39 40 66
0 23864 93 108 256 114 278 19 37 102 66 8 116 7 49 26 87 18 166 126 99 8 34 46 114 18 68 80 277 24 24 103 142 14 150 3 95 17 8 78 125 70 51 31 84 10 21 25 67 1 88 19 105 37 50 77 290 41 111 38 19 123 113
0 23981 279 24 75 84 85 150 223 15 16 5 6 4 433 130 116 42 98
0 24002 65 8 32 190 55 35 39 142 48 37 60 42 64 1 103 16 693 43 267 49 1 43 24 68 342 49 129 56 57 60 34 297 105 14 41 108 11 192 19 61 248 42 111 49 341 60 130
0 24034 23 34 7 21 98 15 58 120 74 23 10 45 63 19 258 64 96 18 5 81 100 18 173 6 25 37 202 39 65 74 84 10 36 120 126 15 21 96 68 128 15 18 26 7 213 20 50 5 16 36 195 10 120 5 90 24 113 81 6 5 178 9 269 193 112 13 20 6 204 29 19 14 159 121 43
0 24365 168 64 9 27 64 85 263 6 54 65 142 55 186 25 69 4 2 106 98 28 48 185 49 70 748 33 37 81 1 26 73 150 35 54 53 53 118 2 56 80 23 75 65 10 95 84 61 33 9 23 10 31 123
0 24845 38 16 21 7 167 41 331 16 158 57 28 52 257 66 365 23 42 2 156 122 56 4 83 37 136 49 145 40 43 42 78 26 101 161 11 70 60 58 54 21 62 142 206 9 78 35 68 92 130 12 27 71 17 92 3 32 86 79 94 92 38 19 80 47 225 31 101
0 24874 271 26 312 41 3 59 25
0 25128 5 43 65 96 15 28 7 1 148 90 94 7 77 14 88 29 234 73 4 42 80 3 46 71 71 29 148 1 18 20 91 15 26 30 298 36 74 71 87 19 223 75 79 18 79 23 239 5 188 27 141 58 3 44 131 15 23 39 113 31 249 82 29 8 74 16 334
0 25136 216 89 65 41 13 41 27 30 69 24 102 6 201 58 10 138 75 111 22 4 28 63 17 102 132 16 272 18 143 46 22 138 59 111 191 88 120 132 33 43 1 34 129 34 181 99 78 25 23 15 25 10 101 33 266 40 326 23 127 4 198 17 126 7 372 17 32 67 259
0 25372 162 5 51 23 182 21 60 8 69 38 13 24 176 8 27 105 122 37 39 3 448 12 15 119 109 46 114 11 91 48 7 133 131 67 75 28 9 87 112 24 58 18 7 105 70 1 121 61 18 13 15 3 100 106 81 78 54 132 303 3 86 4 30 51 19 2 42 17 112 39 4 41 126 69 76 3 1 120 7 27 232 34 68 45 324 33 3 75 260 14 44 108 70 24 127 150 212 41 52 80 18 13 160 17 126 18 125 46 318 1 26 13 58 35 52 1 97 20 25 121 95 113 3 13 286 2 128 37 72 9 108 30 16 123 102 24 66 55 107 8 61 4 45 52 49 36 18 91 53
0 25433 37
0 25435 145 10 73 64 148 25 192 117 3
0 25496 20 54 258 70 11 50 258 2 313 55 1 20 67 34 185 3 13 56 203 10 47 178 202 32 52 1 2 19 46 9 23 162 55 42 106 15 317 67 162 89 41 24 424 115 317 204 49 13 36 32 33 7 92 122 359 31 109 95 86 47 6 36 105 28 83 7 68 14 68 76 73 4 88 4 92 10 11 81 319 67 66 161 21
0 25630 23 54 114 14 208 29 151 9 109 3 14 131 244 29 27 111 47 11 132 2 13 19 23 6 84 216 14 26 142 57 17 9 81 57 14
0 26327 1 25 77 91 106 53 45 12 91 8 86 19 4 33 50 40 61 125 171 41 235 23 47 25 3 4 292 68 134 11 71 83 126 204 296 63 105 6 100 14 95 32 134 10 54 104 62 207 204 11 77 7 61 102 33 10 90 11 106 106 16 33 33 18 35 100 76 34 23 78 7 54 20 118 16 13 5 86 9 165 174 13 17 24 29 71 197 13 12 51 49 102 104 95 61 60 40 1 75 10 91 1 60 12 223 4 20 30 69 14 41 29 17 4 73 6 89 22 24 120 11
0 26393 20 43 146
0 26536 2 20 33 8 105
0 26557 117 25 91 6 1 146 2 198 80 58 94 1 316 35 270 41 37 49 40
0 26787 24 98 6 33 22 6 59 124 57 61 57 12 102 22 120 82 21 13 20 54 191 37 60 107 8 74 27 7 23 34 19 32 53 63 73 8 106 76 67 16 22 34 37 44 80 2 240 21 194 35 53 45 103 58 15 75 1 21 666 67 11 93 69 15 64 188 48 78 94 100 54 31 73 186 20 5 169 142 3 99 283 81 126
0 26975 162 15 54 25 177 36 77 63 56 6 21
0 27133 17 6 72 11 136 90 163 59 13 24 1 201 217 59 75
0 27151 7 89 24 33 110 92 279 5 73 23 95 36 34 43 109 2 104 5 45 68 97
0 27351 25 65 216 273 67 102 155 60 37 47 67 343 156 101 127 91 134 6 20 4 94 86 150 58 28 33 91 38 235 162 15 27 26 33 5 16 130 1 28 26 107 19 178 21 99 39 141 29 58 13 50 124 8 73 111 12 81 5 43 19 120 13 41 7 59 72 124 21 64 25 29 36 42 11 164 6 26 17 179 114 91 54 141 5 5 42 92 99 19 37 74 2 74 41 55 32 189 26 182 199 191 22 137 43 186 56 82 61 24 1 5 24 199 51 32 5 3 6 189 145 154 79 18 12 314
0 27353 111 35 23 32 88 79 248 15 211 50 75 6 21 33 32 2 5 6 95 9 142 3 459 14 36 105 75 30 34 14 328 24 18 9 41 18 90 87 93 6 177 6 20 11 94 18 5 33 41 63 55 4 93 10 318 1 40
0 27618 32 41 392 60 95 33 23 5 79 22 12 44 2 56 180 13 72 45 102 45 2
0 27629 82 39 10 235 119 174 45 13 62 153 57 11 108 6 55 64 176 1 14 71 5 59 56 140 19 3 22 84 107
0 27638 40 77 131 21 131 77 166 9 263 12 39
0 27724 249 10 47 136 20 31 48 21 153 175 10 97 74 78 3 19 220 88 59 29 306 25 5 18 314 75 166 28 86 150 34 26 207 2 440 90 67 9 39 63 9 204 8 15 367 40 85 130 75 43 96 25 11 2 99 67 87 37 127 104 96 66 14 45 86 165 4 3 81 68 118 3 173 57 207 15 514 11 154 5 37 65 210 69 149 31 105 124 50 12 352 31 14 47 72 15 30 73 78 1 84 22 154 7 193 42 6 95 81 2 364 33 109 14 87 25 94 28 64 28 70 158 226
0 27727 99 33 131 9 55 10 35 20 215 70 211 46 125 27 103 10 53 99 237 8 12 6 78 10 108 9 133 48 45
0 27815 367 13 149 85 76 3 197 20 116 53 15 11 259 229 55 73 19 65 292 24 8 100 18 1 4 1 111 53 76 28 50 10 43 67 168 42 3 3 116 12 32 11 101 139 29 43 266 6 22 32 12 34 74 28 27 65 12 223 26 148 217 57 52 5 34 10 230 16 19 48 585 101 58 24 19 17 246 59 13 64 2 58 63 1 55 7 47 35 30 26 2 19 14 39 185 38 17 17 126 51 19 20 166
0 27913 134 9 24 80 93 52 88 35 95 29 137 3 6 12 2 4 50 3 65 76 298 34 7 9 157 2 41 1 17 27 12 4 7 2 42
0 28233 17 35 247 46 14 51 105 45 21 7 456
0 28307 121 112 26 228 4 15 274 56 119 65 91 17 70 1 27 3 333 85 211 120 39 30 28 115 16 29 28 3 42 52 123 36 49 87 21 13 54 17 31 72 116 151 18 9 42 8 41 21 39
0 28407 146 25 286 77 30 82 114 55 112 43 51 1 371 255 23 39 177 94 50 53 23 9 135 331 64 42 87
0 28428 18 5 15 23 26 195 157 121 17 12 1 161 24 13 82 23 31 10 70 3 418 50 85 22 38 46 215 183 5 9 189 23 78 24 3 42 74 5 5 8 145 3 59 11 39 75 25 25 88 117 105 74 9 111 100 3 63 79 46 44 58 10 112 27 192 16 103 7 36 19 112 24 105 21 1 32 21 59 30 24 112 17 7 107 159 3 45 80 368 117 25 39 42 16 19 10 15 40 71 56 47 134 90 5 193 41 103 36 8 12 363 91 72 132 115 81 32 20 24 17 75 50 13 75 116 66 64 19 92 35 17 108 5 39 15 92 37 107 69 50 26 215 127 33 71 32 301 19 64 172 205 4 85 91 89 40 45 102 117 84 58 58 49 128 9 16 316 56 264
0 28536 611 9 23 5 32 114 383 55 97 68 16 73 81 6 195 10 39 6 156 72 147 100 14 75 14 101 39 12 110 344 106 12 17 7 191 23 263 29 129 6 120 52 6 93 25 43 5 113 224 55 36 39 55 26 92 27 391 117 149 112 180 70 70 67 137 129 47 18 78 18 19 28 171 2 46 47 13 12 85 112 150 8 17 7 56 28 39 110 30 33 79 44 20 13 218 14 82 116 59 2 65 17 26 13 51 22 182 26 82 26 67 26 177 55 67 32 54 199 136 42 72 48 120 16 8 26 174 21 136 11 9 16 84 9 121
0 28541 33 13 255 6 77 2 241 8 31 39 25 74 157 66 6 68 36 153 79 86 72 108 717 21 28 208 186 35 59 4 102 97 62 25 585
0 28855 14 49 13 283 90 79 105 43 215 172 42 113 63 248 81 58 44 43 4 45 11 23 67 12 66 188 9 54 148 50 93 101 33 6 329 24 25 65 35 44 18 126 35 106 175 97 36 79 111 6 15 98 61 12 19 19 268 15 168 2 336 16 23 43 79 16 22 155 119 16 79 26 143 74 94 72 45 123 40
0 28871 203 100 3 15 115 81 169 86 80 8 143 52 42 102 60 103 67 46 30 65 25 53 340 12 13 1 36 50 111 74 194 54 28 92 253 12 90 49 103 54 57
0 29111 116 1 153 16 101 6 38 109 53 1 32 119 137 4 238 154 22 64 58 30 33 60 186 2 11 101 80 33 7
0 29443 2 47 24 29 55 31 9 15 271 29 8 84 5 129 22 40 85
0 29531 327 64 33 8 168 31 105 41 9 246 602 129 57 34 18 188 54 20 27 129 124 46 84 26 235 12 67 85 65 22 258 99 11 88 428 35 12 13 83 4 60 11 30 40 116 5 33 113 38 13 64 106 26 6 37
0 29571 30 32 66 14 4 64 177 23 6 59 60 1 146 113 89 3 13 12 143 21 34 10 260 1 12
0 29642 142 75 212 179 81 29 88 63 39 24 44 28 184 29 173 43 62 60 94 89 7 83 161 337 117 16 143 28 10 283 153 60 2 36 61 113 440 85 157 2 38 81 143 47 42 44 47 48 12 85 54 1 58 25 140 8 71 14 37 27 105 24 2 131 13 22 84 23 80 11 25 8 49 26 141 5 114 82 86
0 29757 50 104 616
0 29871 11 26 5 145 37 7 18 202 45 7 66 27 201 90 287 4 27 35 381 6 80 40 41 33 176 87 139 53 120 111 137 9 233 26 50 48 102 67 157 64 78 69 243 181 5 9 89 166 182 2 127 9 78 185 31 50 203 48 333 41 45 49 188 16 28 43 3 127 321 34 171 143 252 24 3 127 5 111 239 150 29 5 102 73 38 23 1 79 24 120 91 82 234 527 22 12 59 82 102 24 45 100 48 126 86 49 193 22 78 103 209 32 157 77 94 7 253 46 3 9 167 60 73 6 6 105 138 1 94 17 23 107 27 10 58 41 86 17 133 31 101 5 156 22 1 27 2 40 52 47 43 93 1 14 81 61 74 53 232 8 37 45 32
0 29962 36 1 51 42 189 28 115 82 148 19 12 276 25 69 335 40 142 23 94 55 15 16 9 47 291 9 41 46 17 44 149 69 151 51 181 36 12 37 13 7 124
0 30075 8 28 40 46 280 39 260 49 108 50 234 3 3 49 3 84 27 75 177 46 44 2 12 47 179 9 4 5 127 97 96 25 89 28 51 125 22 28 138 48 69 10 130 210 427 145 21 61 24 44 149 14 227 102 56 37 99 36 37 7 64 10 47 41 8 19 53 93 68 4 307
0 30122 29 31 36 39 10 125 115 29 10 38 237 43 47
0 30205 31 47 16
0 30764 124 35 32 45 107 39 22 24 115 144 84 86 49 3 29 7 173 66 267 71 100 9 312 35 164 23 64 11 56 9 19 72 323 78 112 21 57 121 49 63 114 35 21 11 76 65 303 31 70 18 31 12 247 29 14 25 339 23 86 143 66 31 65 66 59 92 97 39 39 2 50 2 93 6 7 17 80 9 96 43 32 49 88 34 297 330 17 30 115 61 15 35 382 31 240 105 77 105 126 40 19 29 254 1 32 47 1 73 8 3 8 10 74 27 73 58 15 45 91 35 94 92 4 81 28 4 172 15 87 77 94 11 156 65 231 12 20 188 35 18 81 101 78 10 97 75 46 17 107 55 240 26 27 42 209 40 52 2 35 8 25 25 76 26 220 58 16 9 15 34 61 114 82 83 99 51 211 8 30 24 9 11 145 55 20 63 58 17 44 47 150 44 356 169 12
0 30834 131 20 98 12 2 30 117
0 30851 94 65 142 23 81 14 32 66 98 24 126 6 57 56 253 23 443 226 12 5 47
0 31099 101 9 6 84 108 240 145 50 70 126 13 21 23 40 249 29 137 43 44
0 31355 63 2 34 26 4 11 122 49 11 26 22 30 191 29 22 44 17 26 136 2 275 43 4 151 47 25 92 9 51 33 193 50 35 11 114 58 170 47 679 209 37
0 31745 114 93 31 2 10 13 61 90 342 194 146 41 41 8 109 7 23 109 56 37 135 17 66 20 106 51 110 241 140 5 38 5 151 60 174 19 5 90 9 33 19 44 45 8 114 28 44 54 61 30 68 63 148 8 10 50 18 7 89 16 50 48 2 124 157 21 131 42 49 16 99 35 72 204 42 1 45 93 48 13 18 103 153 54 345 117 85 43 80 22 35 6 37 34 236 40 38 35 111 12 2 8 166 205 107 134 94 5 51 4 348 43 164 34 87 50 113 11 112 30 7 13 95 80 15 13 213 2 114 25 58 13 234 10 18 53 8
0 31994 266 28 293 113 203 151 57 1 32 4 106 24 142 31 11 75 30 18 7 63 89 28 119 12 3 28 46 60 44 17 16 27 1 87 227 163 67 16 25 129 10 6 121 12 57 112 133 5 198 66 6 10 5
0 32201 5 55 294 19 174 132 46 55 6 7 14 50 138 10 203 45 5 16 159 37 142 13 7 23 215 37 405 19 51 55 62 194 118 12 126 90 83 14 127 37 11 9 124 2 90 30 219 46 48 53 100 16 81 29 84 5 151 3 65 38 68 5 25 50 83 24 237 83 250 33 6 3 68 184 110 22 186 8 33 119 177 5 40 45 4 82 79 42 9 67 3 96 53 46 232 56 5 33 2 19 93 70 107 128 185 68 497 48 41 21 223 24 14 102 153 19 239 66 82 94 75 10 110 99 5 49 44 4 419 39 54 129 277 100 223 48 138 18 637 17 13
0 32436 218 164 92 21 60 53 120 62 76 13 51 51 217 50 62 36 16 35 123 15 52 2 50 162 22 24 243 154 22 34 159 85 55 23 18
0 32523 46 146 5 9 188 9 128 40 37 19 83
0 33034 261 35 66 14 358 114 40 19 29 1 122 11 133 27 49 23 3 12 90 78 56 9 177
0 33168 133 40 5 33 63 11 36 87 43
0 33377 235
0 33496 92 45 46 7 229 4 114 10 227 70 148 102 97 164 9 7 95 177 43 64 116 128 83 29 64 97 143 16 105 125 68 69 18 16 109 24 1 105 122 398 263 81 16 86 7 62 56 13 56 105 11 20 49 160 85 36 35 66 44 51 377 15 304 176 33 26 109 145 81 166 14 297 196 40 185 92 97 86 140 16 121 34 118 46 18 17 138 18 56
0 33597 53 12 309
0 33675 69 117 16 1 74 32 287 36 20 39 50 52 18 25 21 4 255 12 77 36 164 11 45 1 105 13 95 118 271 31 106 53 110 48 9 97 33 69 91 54 41 4 38 1 24 49 39 106 108 31 71 99 323 6 42
0 33747 87 98 180 70 48 6 26 19 175 2 92 21 63 16 26 123 229 20 125 36 37 21 114 37 173 2 77 36 37
0 33802 63 93 239 113 67 42 7 22 19 213 177 3 45 2 63 56 2
0 34064 183 84 60 26 58 23 44 18 7 11 311 39 16 10 130 4 102 44 56 29 280
0 34223 61 126 46 7 183
0 34563 68 50 22 131 29 14 167 67 19 108 55 29 34 84 7 31 195 51 84 82 69 17 198 1 128 14 21 14 117 13 131 104 161
0 34573 5 15 9 2 102 19 65 3 73 9 120 4 78 134 68 35 16 12 32 32 60 109 27 91 65 137 1 139 64 83 66 11 32 86 145 1 53 81 254 10 218 73 125 30 94 6 299 9 2 260 67 23 241 22 249 65 16 78 97 6 162 12 20 2 55 76 13 71 389 1 75 22 165 55 62 36 199 57 190 5 111 43 54 23 183 84 6 75 17 34 58 5 28 7 111 9 10 24 86 1 39 17 89 12 24 226 8 35 163 148 246 51 204 37 19 89 109 53 242 25 135 31 158 5 33 43 50
0 35071 61 4 14 9 105 9 89
0 35658 242 90 131 27 43 31 177 3 4 9 14 27 96 6 20 28 38 42 126 22 148 18 40 116 21 12 217 5 15 66 57 62 72 39 74 7 111 1 48 8 24 35 215 38 194 41 167 83 66 18 2 278 124 12 232 19 66 33 198 65 65 113 133 5 145 144 104 27 184 34 52 69 163 91 37 16 150 42 29 20 60
0 36271 6 18 305 113 279 10 355 77 76 77 14 145 10 23 98 31 127 44 192 35 61 6 23 48 328 8 104 111 188 7 25 50 107 82 393 18 209 201 46 29 7 5 38 3 37 34 98 56 148 1 30 126 27
0 36307 15 32 131
0 36464 87 32 94 22 29 102 4 27 67 18 16 50 106 98 58 7 97 75 216 11 2 27 95 70 72 2 166 199 210 2 82 139 47 4 75 17 107 1 55 60 10 35 401 29 110 20 21 201 30
0 36968 10 13 61 31 40 33 233 19 159 35 17 134 248 24 308 6 515 22 42 29 160 119 111 24 99 8 322 59 2 1 248 187 210
0 37056 8 120 111 9 100 108 7 122 6 190 223 57 68 22 336 36 18 90 25 26 82 23 94 21 91 18 132 11 154
0 37066 299 83 100
0 37168 170 39 21 22 127 34 74 47 102 52 10 190 51 184 175 140 89 12 23 7 43 168 11 6 64 90 51 56 132 52 82 45 168 48 10 20 18 74 73 38 55 3 37 31 256 13 130 48 149 17 403 20 135 97 93 22 2 13 13 36 60 43 66 3 62 23 83 29 21
0 37246 53 127 23 28 98 158 69 3 52 19 132 38 276 61 38 77 332 16 29 20 276 14 21
0 37437 146 37 22 12 95 31 203 38 5 9 7 8 237 105 27 94 17 32 150 48 44 23 134 2 13 33 89 44 45 17 30 7 55 53 161 33 258 64 202 71 36 30 52 89 41 12 62 10 18 5 15 75 34 1 207 46 402 88 57 6 136 152 108 17 79 59 22 3 24 13 1 7 244 44 24 10 23 114 46 59 67 6 154 99 12 151 226 109 66 38 307 13 142 123 103 55 132 90 11 49 37 56 15 51 16 50 13 2 42 130 280 24 24 24 39 106 30 19 6 65 50 29 126 10 48 15 69 36 33 43 52 167 29 145 35 25 182 6 18 47 21 11 128 82 26 108 76
0 37441 210 53 30 94 81 127 23 36 38 7 29
0 37450 95 18 243 81 128 78 33 10 86 58 151 3 29 14 50 46 79 40 192 25 144 98 160 75 164 35 94 118 12 21 79 53 79 188 282 102 42 14 30 220 144 6 311 5 127 3 224 67 16 24 212 9 32 22 119 128 36 13 76 60 3 12 39
0 37510 47 126 229 19 184 24 43 51 61 102 28 151 37 121 27 22 35 68 1 5 56 31 2 122 225 53 242 155 75 87 11 48 8 78 28 120 82 56 95 6 10 60 3 40 113 34 53 17 286 46 30 55 48 54 157 121 1 12 30 24 139 50 93 1 30 37 89 57 65 23 186 115 41 51 13 20 81 55 357 15 417 31 23
0 38073 414 32 123 86 223 6 16 86 194 29 180 25 3 179 153 24 3 11 75 139 13 10 4 29 215 10 7 26 114 57 28 66 266 79 72 37 144 107 196 11 20 50 7 6 39 228 98 45 171 37 95 88 39 92 31 42 97 21 109 2 165 129 147
0 38283 30 14 74 17 163 25 11 5 21 40 51 185 36 64 1 8 46
0 38294 191 6 94 79 31 33 260 20 89 61 188 8 111 56 113 5 132 71 122 3 50 26 64 194 138 24 174
0 38368 2 43 10 77 169 9 122 15 41 77 65 17 110 78 80 19 251 96 21 73 68 119 84 2 71 5 1 37 60 19 21
0 38755 21 9 187 33 15
0 38855 81 40 87
0 39429 110 77 52 163 129 42 36 3 86 13 1
0 39603 304 32 167 78 173 12 50 3 12 130 42 94 27 132 15 36 30 27 18 44 73 72 14 4 12 50 58 18 196
0 39951 145 74 61 16 295 17 109 26 22 17 156 53 206 28 75 8 152 27 5 13 13 38 58 49 94 32 139 41 69 8 61 89 80 20 142 96 131 11 30 89 114 83 8 15 68 34 39 60 46 15 33 1 17 54 24 19 66 96 418 24 66 14 12 88 113
0 40332 217
0 40411 114 76 91 2 72 23 46 29 193 7 75 51 5 91 153 1 32 63 180 10 185 24 142 130 33 4 20 67 338 9 68 97 187 16 46 17 52 46 67 3 165 30 45 37 163 22 98 20 17 19 135 24 13 10 90
0 40498 45 57 506 80 54 4 89 33 10 16 140 24 45 22 154 102 13 52 170 43 94 17 161 179 3 23 5 15 74 84 83 38 73 107 44 102 17 31 11 146 3 12 194 21 33 24 206 112 280 137 51 13 70 6 229 96 4 22 27 124 58 105 39 56 211 16 7 7 79
0 40875 36 8 134 46 125 6 105 61 33 16 219 24 5 20 21 49 100
0 40983 90 130 101 11 2 11 22 5 1 6 127 28 48 51 75 23 43 145 124 73 62 47 68 100 116 34 105 49 274 80 18 56 118 17 26 49 1 116 113 36 175 32 27 81 130 54 13 3 152 12 51 6 2 37 138 74 159 17 60 175 59 64 23 102 102 42 93 24 58 44 45 11 45 42 167
0 41066 68 113 3 8 46 32 21 1 221 97 16 83 108 32 4 22 7 62 138 119 74 56 3 4 144 54 239 17 53 22 51 63 156 15 135 55 33 1 59 20 19
0 41169 128 134 159 93 103 38 38 11 62 143 27 80 31 67 24 40 5 85 15 15 60 1 103 14 45 12 385 4 90 3 203 120 316 18 155 122 79 71 146
0 41181 142 55 17 12 167 179 41 265 195 22 9 8 6 34 104 148 85
0 41222 20 21 1 100 19 94 16 64 22 42 59 21 318 25 213 48 56 91 74 18 182 34 158 4 32 1 38 119 9
0 41244 85 15 12 6 42 15 231 16 63 45 48 7 62 45 44 33 157 46 317 57 284 15 73 115 283 124 37 8 218 87 30 24 145 12 8 46 18 53 73 124 8 79 301 183 11 84 15 9 127 33 98 18 35 86 122 148 99 34 1 8 92 25 39 165 84 15 29 42 86 111 37 2 58 22 33 113 352 12 33 28 50 12 197 25 5 11 30 42 11 99 45 39 140 6 74 44 270 18 160 35 10 22 62 96 231 2 185 172 25 50 143 38 91 72 150 28 7 36 61 33 74 51 110 66 75 52 161 19 67 7 24 16 90 20 8 19 3 60 3 15 166
0 41371 84 159 158 21 291 4 3 41 62
0 41588 41 60 92 30 249 27 21 64 111 16 107 16 103 50 85 41 174 89 23 6 89 1 29 41 42 23 98 3 3 49 24 20 22 53 55 39 235 30 30 128 119 161 17 24 235 10 144
0 41841 3 13 51 58 36 163 21 70 8 24 10 107 204 18 89 5 283 71 54 83 68 26 38 2 70 5 44 99 81 74 22 20 318 16 20 4 169 6 27 8 142 32 37
0 42001 280 25 125 10 60 20 111 72 23 20 144 72 111 30 7 4 61 15 236 21 102 53 268 3 28 23 62
0 42053 13
0 42534 155 49 105 47 60
0 42745 48 86 100 72 69 62 130 10 21 25 18 1 53 15 20 14 1 104 56 7 13 28 14 61 77 51 11 64 188 6 250 2 56 136 156 15 169 8 102 73 83 4 51 258 38 37 103 111 250 124 105 11 21 111 37 92 51 20 96 42 112
0 42790 252 15 250 6 142 114 241 74 39 2 57 9 27 40 69 1 6 8 81 11 219 32 87 25 70 41 176 15 62 14 14 7 28 1 33 69 22 138 5 122 86 281 97 19 102 67 37 14 157 22 34 91 56 115 414 37 4
0 42960 350
0 43039 16 34 67 35 42 10 33 23 757 20 6 7 281 44 43 60 150 18 208 160 28 6 332 1 19
0 43097 499 39 48 20 68 28 119 16 18 10 125 10 34
0 43142 182 6 15 1 106 53 41 44 276 78 132 25 211 126 423
0 43170 61 5 199 137 6 10 43 3 58 81 65 24 24 7 160 51 164 101 105 13 164 11 67 81 1 5 74 18 143
0 43185 1 81 21 97 33 5 256 45 21 16 89 33 169 1 242 91 8 55 68 31 74 4 120 16 11 18 105 39 173 11 179 56 148 104 18 28 251
0 43307 78 3 299 180 485 18 10 11 50 12 32 1 81 42 12 4 11 8 35 10 103 47 29 122 13 7 25 37 9 16 56
0 43315 99 7 49 14 11 118 50 8 46 13 47 50 163 47 22 34 295 16 39 35 79 30 223 1 163 39 140 104 17 63 78 53 17 7 55 11 215 49 128 12 19
0 43681 102 25 148 110 172 67 498 33 125 91 13 37 3 24 61 35 108
0 43785 9 80 16 38 35 74 175 5 18 10 166 54 17 70 79 8 24 13 54 2 182 45 133 137 196 35 7 35 222 61 5 112 114 20 101 132 67 11 668 3 193 26 99 70 140 39 45 39 20
0 43886 5 60 18 39 173 17 57 1 42 12 70 28 83 4 21 50 2 69 89 1 94 60 81 104 234 81 54 56 60 51 39 9 80 1 53 115 421 56 91 46 34 59 168 230 97 70 54 96 194 12 255 123 253 9 47
0 44006 32 22 32 28 56 9 105 87 24 77 33 16 204 173 25 224 135 2 465 76 141 22 130 32 195 5 36 9 51 65 182 45 163 71 51 128 148 69 218 4 32 164 144 66 54 24 11 35 28 56 159 70 112 7 93 45 24 17 127 65 87 110 41 242 112 71 49 19 320 30 34 90 394 96 4 33 72
0 44126 57 10 35 12 217 151 45 14 150 16 117 20 122 34 9 10 113 3 86 53 17 13 109 102 130 42 188 56 134
0 44288 39 37 74 32 6 3 51 10 78 54 102 18 132
0 44353 30 115 91 37 28 104 117 112 73 55 37 29 39 50 25 169 283 19 36 24 19 191 180 193 48 38 73 4 5 10 14 131 15 212 15 73 76 31 102 85 102 15 33
0 44430 1 56 22 9 64 8 39 18 83 95 178 164 87 5 3 14 237
0 44742 66 26 122 52 20 13 25 1 36 59 243 25 297 6 125 25 12 178 62 1 68 47 62 41 174 122 87 65 15 78 227 19 108 24 93 24 33 22 51 37 145 38 125 9 187 45 277 17 107 51 26 7 30 68 104 65 129 19 4 14 190 14 97 55 53 33 16 4 4 48 60 53 196 16 46
0 44838 15 14 33 10 88 59 47 12 26 8 119 38 11 92 384 32 38 68 149 105 206 1 63 51 156 57 38 94 214 118 19 32 9 23 24 9 20 24 1 55 4 90 91 56 51 37 45 30 17 150 25 117 232 112 243 36 48 32 117 37 134 7 63 70 67 81 38 10 19 20 38 36 20 28 102 107 85 87 133 12 83 17 241 43 188 18 102 63 82 41 15 38 106 18 56 70 50 87 51 1 14 43 87 11 36 20 98 9 452 223 90 5 285 86 280 188 453 65 29 58 45 39 42 2 33 2 38 138 41 88 43 5 15 116 18 4 60 68 133 265 463 21 390 23 52 57 109 17 230 232 60 7 18 52 137 33 122 37 13 40 10 130 176 8 101 88 208 1 26
0 44960 187 7 3 11 132 9 20 3 348 201 200
0 44995 42 71 17 70 37
0 45376 97 65 148 15 5 57 182 49 14 3 751 23 195 48 15 59 219 10 40 14 56 16 254 19 7 15 121 57 72 97 11 25 26 85 105 189 11 19 206 15 285 72 42 49 184 7 388 21 54 1 72 31 118 32 108 11 53 29 132 101 149 107 55 52 410 205 159 87 47 12 8 57 103 29 33 87 68 61 95 68 235 3 65 2 70 15 196 24 77 2 40 7 153 16 7 16 174 54 673 65 44 56 151 17 107 32 22 30 200 2 109 3 46 77 71 68 88 82 24 6 67 36 24 20 10 7 51 52 358 5 55 67 206 65 134 35 68 118 63
0 45393 246 25 162 85 73 118 64 11 93 10 65 34 97 47 162 125 199
0 45506 26 47 114 14 35 42 100 61 152 240 36 123 53 218 333 8 22 13 119 183 210 33 7 138 106 44 145 26 138 46 156 87 58 7 21 27 221 14 154 21 94 2 273 45 30 64 4 15 64 64 85
0 45626 253
0 45628 273 38 136 151 20 64 187 54 34 118 130 129 73 38 20 18 9 27 1 8 214 52 74 2 4 239 13 56 136 43 176 21 35
0 45709 216 1 142 10 123 18 95 18 260 37 19 57 65 7 1
0 45767 1 84 113 4 41 113 32 172 18 5 35
0 45794 2 69 17 47 68 14 130 2 71 11 31 115 26 36 146 47 114 6 39 76 85 24 139 64 1 260 116 30 13 97 46 7 1 19 50 35 37 33 48 57 2 19 257 66 154 1 8 42 15 35 80 4 70 58 147 48 147 17 63 16 106 64 29 98 72 5 35 13 162 36 34 70 61 74 151 81 192 54 128 96 2 41 109 90 113 52 147 110 223 22 14 38 76 112 61 21 164
0 45845 50 51 82 22 12 4 133 38 80 41 26 6 272 10 93 92 325 7 39 18 62 176 7 19 347 15 8
0 45892 2 18 56 6 107 8 37 13 33 33 256 12 75 21 70 133 39 1 37 9 90 8 309 12 49 58 31 125 1 67 28 74 42 1 82 35 26 138 73 52 24 69 27 12 91 10 31 157 144 20 13 12 65 25 226 5 57 89 287 21 567 39 10 22 71 68 125 50 191 4 6
0 45979 36 184 192 61 71 7 117 42 97 11 56 5 6 30 66 64 105 25 14 144 217 38 7 32 102 71 74 2 53 1 4 1 162 92 30 4 206 107 20 85 27 44 55 9 213 5 240 79 37 18 94 120 184 6 310 23 16 19 84 24 46 1 119 58 188 156 60 46 12 12 234 13 85 284 2 35 100 45 174 3 112 85 48 20 24 10 156
0 46070 215 6 263 66 14 96 71 20 39 87 85 5 165 7 295 20 93 37 5 57 71 76 170 18 127 18 35 116 105 150 133 20 35 16 168 107 160 128 69 1 76 75 81 58 165 27 108 84 4 9 8 76 168 85 178 50 115
0 46092 87 233 107 26 8 18 10 4 27 15 124 62 43 70 106 42 4 21 68 104 108 55 187 55 17 98 7 78 55 117 50 10 66 32 51 290 186 38 172 72 204 2 107 33 94 128 200 34 2 27 34 39 113 9 12 30 139 40 108 17 70 134 73 73 82 54 97 38 17 50 88 21 73 72 44 138 18 13 41
0 46093 10 16 168 1 25 22 90 94 156 91 253 58 144 35 107 92 17 59 13 51 101 10 26 58 33 18 147 5 163 8 34 87 155 187 25 41 107 18 2 82 17 21 130 2 20 111 59 2 97 4 127 5 112 11 124 6 219 100 28 199 131 30 83 2 304 113 219 41 99 66 215 8 172
0 46310 24
0 46946 53 27 676 69 8 58 177 21 3 27 295 49 58 6 25 49 20 25 234 32 22 39 21
0 47008 189 75 137 2 43 52 95 44 216 2 317 102 92 20 11 62 8 56 150 83 94 5 120 27 86 170 60 40 63 3 90 31 234
0 47123 95 97 143 9 567 28 293 6 30 56 209 37 25 41 21
0 47470 27 33 1 11 25 93 60 32 11 54 215 40 12 19 230 2 123 2 206 15 97 43 425 34 68 28 38 75 134 95 32 25 8 86 10 14 13 13 147 148 105 25 92 38 13 208 71 120 206 3 50 19 89 32 18 117 103 176 30 33 101 80 52 20 105 4 207 38 131 60 61 186 122 9 54 74 147 16 5 102 5 30 77 40 7 34 134 6 26 71 132 57 33 73 36 57 35 6 8 107 222 83 98 26 41 7 105 205 90 49 44 52 86 6 39 1 140 34 28 31 102 54 97 39 253 8 169 3 120 41 189 181 189 34 3 182 73 81 138 37 105 58 173 34 119 20 33 241 395 23 187 63 90 99 46 133 57 16 143 65 138 54 128 29 63 52 205 64 146 16 1 80 83 10 463 78 389 46 315
0 47584 33 82 3 25 133 21 78 2 4 8 278 49 75 66 39 64 5 105 63 2 135 38 10 91 6 30 367 2 36 69 351 73 14 8 12 27 1 31 22 7 101 54 44 6 94 96 130 31 61 47 117 94 36 32 61 25 5 160 107 34 210 106 18 228 44 47 128 133 17 177 71 44 113 33 197 11 54 54 140 21 330 2 91 64 368 34 551 23 25 92 469 8 15
0 47602 8 110 177 22 13 4 104 59 12 31 28 41 241 31 25 53 17 53 40 29 158 236 74 21 21 204 92 22 70 95 46 14 34 28 171 8 36 132 4 62 252 39 33 3 49 34 32 16 24 30 415 4 126 19 112 22 190 15 159 10 57 48 36 61 63 108 94
0 47702 54 8 89 58 80 9 238 12 314
0 47859 20 14 9 84 163 25 71 8 68 118 22 8 14 118 83 65 41 13 26 64 17 3 24 4 117 16 59 35 436 64 200 3 1 16 217 37 58 13 70 17 19 27 15 40 41 31 325 6 13 24 202
0 47901 208 99 55 17 216 54 314 13 2 9 5 10 129 51 210 60 107
0 47953 268 96 16 126 157 88 102 2 60 37 44 10 60 24 57 45 76 48 82 29 38 59 79 153 25 51 107 238 32 90 1 22 11 1 191 130 301 14 179 8 57 41 167 163 134 45 88 36 18 31 110 54 517 49 28 37 54 1 97 13 88 3 150 19 189 109 10 37 257 60 279 70 3
0 48102 186 6 80 7 138 68 37 210 103 88 69 24 168 85 15 9 30 12 135 136 235 189 40 18 37 60 33 76 69 57 60 51 40 47 258 7 41 4 25 2 137 5 128 97 58 33 36 57 56 37 147 23 30 206 490 7 23 46 152 8 5 9 164 41 23 49 244 16 226 123 513 3 240 82 113 41 247 125 90 25 34 39 333 143 85 22 75 20 37 180 76 44 20 62 171 57 136 26 53 31 374 104 377 45 20 9 17 61 44 120 5 52 59 8 215 79 17 7 446
0 48108 21 32 56 5 44 19 180 9 156 25 105 57 93 7 22 30 489 5 81 25 55 2 79 50 57 96 131 46 109 41 50 39 162 37 10 99 84 5 83 17 34 46 274 34 26 18 56 35 120 39 38 20 215 83 117 1 46 14 403 20 140 28 128 18 5 9 90 25 12 7 83 38 35 27 276 28 413 95 14 16 31 94 34 44 112 37 35 83 114 188 22 16 197 3 177 2 70 15 46 19 18 11 48 6 107
0 48177 43 13 53
0 48230 100 10 31 22 185 10 63 4 1 23 96 103 126 36 269 99 13 9 32 20 105 32 44 28 53 87 220 45 69 159 359 45 32 11 28 37 14 8 178 73 35 3 92 20 10 15 219 52 43 5 212 78 241 47 170 99 171 4 26 82 7 7 421 41 1 341 32 87 18 58 34 8 59 22 39 3 208 199 166 53 105 49 4 30 74 155 74 52 102 73 67 5 73 72 61 18 11 28 111 17 676 101 12 13 22 81 133 25 43 110 311 30 21 53 94 35 55 5 41 6 102 99 157 21 127 66 21
0 48375 54 26 199 84 118 16 137
0 48650 173 52 143 3 195 1 160 26 85 117 34 38 23 6 46 48 10
0 49397 511 2 30 156 164 66 52 126 59 152 14 90 277 3 35 7 13 60 17 10 160 14 254 7 130 19 127 11 29 19 3 40 228 117 797 63 29 10 145 348 40 32 191 1 170 6 59 13 33 138 14 20 4 95 221 9 44 42 26 38 201 49 218 8 136 3 169 72 63 50 33 45 41 13 3 111 1 89 91 2 52
0 49508 38 29 37 17 280 72 25 16 56 48 14 219 476
0 49610 284 45 108 76 51 90 46 5 24 52 92 38 92 7 71 27 54 12 81 16 1 58 134 112 42 16 6 55 29 2 41 109 15 101 35 78 93 30 95 155 68 115 37 22 234
0 49693 19 68 29 33 44 134 258 37 130 31 176 95 231 72 25 192 57 57 35 1 21 47 431 9 86 82 52 62 6 2 244 69 42 143 44 32 150 59 44 1 172
0 49815 105 59 245 20 28 10 102
0 50109 3 67 38 97 88 37 247 83 2 19 92 292 2 98 162 71 7 68 285 20 270 38 7 14 115 64 149 20 68 26 31 78 37 49 42 33 185 15 43 79 45 97 49 5 84 94 23 54 12 49 37 33 56 194 234 160 18
0 50427 1 102 53 20 40 53 14 2 8 1 289 10 7 39 161 13 355 5 21 61 225 32 76 19 53 31 101 49 44 8 65
0 50789 213 10 403 41 21 33 104 40 45 11 5 37 411 75 31
0 51219 123 28 26 107 11 153 29 28 56 203 6 62 47 28 13 32 88 19 41 61 128 11 90 87 179 67 9 6 106 14 15 71 118 12 28 4 62 31 155 53 33 37 356 54 34 115 270 27 42
0 51442 11 24 21 80 42 66 26 33 70 35 220 18 60 211 78 33 137 36 107 13 38 40 34 54 34 39 23 161 13 75 19 131 2 23 111 216 54 114 17 16 64 93 231 7 106 27 152 71 322 31 88
0 51614 128 117 476 39 63 24 54 50 204 75 151
0 51641 54 109 243 79 57 7 115 8 193 119 44 27 94 76 86 53 46 172 72 24 159 3 41 41 102 56 178 32 13 30 63 13 53 161 18 118 15 20 21 32 87 20 137 106 132 149 9 45 38 216 147 23 134 20 16 78 37 6 2 96 328 53 65 54 101 41 28 43 114 47 102 45 116
0 51713 49 97 67 48 25 17 91 40 32 49 1 119 26 240 10 44 58 69 59 3 17 1 31 43 8 10 15 67 13 24 159 39 67 106 138 16 70 21 4 18 17 31 155 3 219 275 49 6 188 29 16 14 13 52 80 64 269 7 153 205 2 33 63 98 53 23 181 48 18 39 123 12 52 56 104 105 205 1 99 35 15 46 88 5 15 23 93 31 69 14 119 53 41 77 16 13 252 12 56 34 160 6 105 151 4 47 6 10 113 3 21 52 37 71 83 199 95 25 71 5 152 59 3 251 19 42 12 103 64 56 199 1 12 80 35
0 51725 36 24 5 89 94 12 2 6 254 41 47 60 47 40 4 37 52 1 130 143 49 30 171 43 75 35 271 32 62 31 288 18 73 37 469 68 9 111 155 186 65 59 103 30 96 109 98 37 143 11 141
0 51752 250 29 61 37 37 5 138 163 96 47 19 201 172 19 163 32 14 1 50 14 344 19 32 42 54 10 21 35 496 8 78 32 21 23 268 6 107 14 36 16 44 6 3 150 25 52 141 18 26 12 38 79 123 24 83 40 204 17 53 84 66 20 28 3 29 49 81 27 69 5 34 85 16 42 83 139 110 96 34 72 3 271 344 4 32 5 104 72 25 30 92
0 51827 95 92 113 6 2 246 48 49 89 14 14 22 5 33 145 69 12 106 24 11 29 104 22 3 124 134 74 15 190 1 7 26 216 30 20 61 136 56 39 18 57 80 112 31 195 35 169 48 30 150 144 69 26 5 80 54 173 22 131 37 52 23 108 56 87 6 126 8 33 56 79 5 222 90 437 40 45 36 83 8 47
0 51877 277 8 136 7 49 53 408 52 47 6 90
0 52019 235 76 48 3 69 89 44 190 171 56 4
0 52292 4 21 33 56 10 38 28
0 52507 9 152 136 3 185 25 94 200 19 130 41 43 322 20 9 11 30 53 293 55 171 175 133 149 42 79 81 275 86 61 9 124 99 30 228 314 64 222 442 33 179 104 35 12 1 4 14 43 49 8 55 226 29 45 7 27 288 5 419 1 74 34 32 5 4 39 37 217 132 17 207 15 176 83 20 78 14 62 2 36 31 52 88 59 31 39 14 4 19 25 9 28 51 61 63 65 4 192 367 37 100 13 128 38 66 144 80 71 82 37 85
0 52692 95 1 317 10 26 29 67 34 18 172 48 20 56 109 119 23 31 24 46 148 278 26 110
0 52769 94 6 274 14 54 65 9 6 176
0 52823 262 123 234 88 141 98 103 179 4 181 26 45 106 25 137 35 54 1 69 130 64 131 258 24 3 49 4 64 46 10 35 86 3 22 14 95 34 28 139 13 157 51 22 15 42 25 135 48 37 127 197 28 17 28 5 71 111 42 64 52 110
0 52997 221 35 6
0 53091 174 26 45 6 91 73 100 7 290 73 325 101 11 9 64 1 245 45 10 17 393 5 13 40 53 22 102 1 112 93 94 47 144 24 196 139 11 206 69 84 27 34 63 5 61 100 341 13 140 141 112 17 70 89 38 150 61 7 35 51 24 13 67 16 70 194 25 83 354
0 53266 108 4 7 130 83 95 27 15 34 30 145 113 28 30 267 20 127 62 15 162 5 23 163 3 124 20 19 5 24 35 10 18 129 47 115 3 89 30 71 3 20 4 10 4 17 95 180 11 128 238 94 10 60
0 53269 5 5 87 90 20 231 45 10 11 10 177 53 33 8 24 17 145 50 186 114 115 1 6 32 235 87 10 20 369 22 136 3 152
0 53279 112 93 72 61 426 26 204
0 53283 101 121 34 8 72 48 7 48 113 54 45
0 53510 8 7 188 30 21 9 6 77 14 55 31 154 10 31 212 138 18 50 76 158 74 46 50 33 281 29 166 107 160 151 62 5 18 7 12 38 16 84 80 77 52 19 57 243 111
0 53700 26 1 131 68 36 2 152 12 67 10 96 12 145 21 13 57 278 9 228 10 6 20 47 9 224 46 6 89 53 69 52 24 3 20 31 31 90 54 26 117 164 72 312 98 54 125 107 21 59 26 8 16 3 4 178 39 8 42 80 81 28 39 95 36 14 32 180 27 84 76 69 35 29 32 79 56 151 61 85 25 9 82 69 4 23 45 67 39 171 22 107 33 315 29 102 39 46 12 225 7 251 10 326 41 69 180 68 5 13 31 633 18 43
0 53919 28 88 198 13 117 7 72 22 13 42 106 58 246
0 54103 269 6 136 35 100 14 103 78 58 5 152 88 52 105 97 13 14 15 137 56 306 105 107 42 237 63 330 9 183 51 79 115 292 15 21 2 36 52 6 27 46 26 15 121 1 34 40 1 71 24 103 2 61 17 29 83 29 94 86 103 14 190 268 4 18 39 46 59 253 20 60 62 88 166 190 3 64 22 40 51 250 154 96 82 32 42 83 21 107 73 18 4 171 37 13 53 493 99 80
0 54140 20 10 82 3 114 20 200 89 21 37 63 267 1
0 54246 2 20 5 19 101 71 374 4 2 25 7 24 32 16 85 61 83 28 171 71 204 23 66 46 116 9 146 113 200 147 24 33 188 78 17 30 9 65 8 8 57 71 6 38 115 19 69 20 11 2 7 9 9 181 113 50 100 123 3 17 26 55 59 14 28 70 146 90 119 3 284 64 62 50 80 48 74 73 79 21 12 9 115 5 118 6 479 17 276 2 126 12 118 77 165 4 287 70 255 123 94 61 46 84 66 80 11 6 100 36 29 17 102 5 286 137 297 53 117 120 69 47 47 88 49 13 41 123 31 40 135 77 37 40 74 54 59 8 121 47 98 58 216 39 47 13 15 7 202 106 286 8 469 10 78 64 151 134 317 34 81 76 102
0 54480 606 20 114 51 13 13 10 21 11 8 399 71 55 27 19 1 81 87 60 22 152 108 135 76 1 95 99 133 258 75 187 146 170 3 104 74 70 13 93 46 245 2 5 22 90 97 21 38 63 38 2 26 58 48 31 4 244 122 228 19 68
0 54548 27 15 23 6 36 26 355 204 11 39 8 128 68 32 178 28 54 8 198 61 185 58 9 52 126 2 96 33 107 31 85 48 86 21 87 4 312 37 107 1 126 80 117 3 12 57 74 14 5 83 390 24 52 35 129 126 376 34 2 16 56 177 168 61 71 44 109 119 85 53 283
0 54877 41 108 219 122 12 75 19 167 104 22 64 17 59 8 148 28 12 3 31 25 32 7 30 44 117 13 86 8 60 65 2 25 32 10 190 61 55 11 54 119 27 281 163 92 675 34 131 17 153 6 15 40 233 96 55 2 148 9 496 6 53 8 54 17 15 71 90
0 55221 53 28 8
0 55801 89 38 28 11 101 179 355 78 14 32 17 6 19 53 102 50 141
0 55823 164 13 11 1 231 34 6 36 130 82 107 44 14 72 6 58 138 21 4 33 317 10 121 68 171 78 407 27 47 2 6 94 49 97 45 131 105 21 116 12 227 31 100 18 1 39 204 29 215 56 15 36 6 13 86 70 39 54 119 23 44 76 82 8 36 23 30 44 126 28 249 36 24 1 149 22 20 11 159 44 343 53 67 138 98 112 20 97 319 17 28 3 88 7 257 180 143 19 99 11 112 58 67 20 172 26 283 14 105 8 490 75 100 122 44 99 12 21 94 63 9 40 143 45 30 4 41 139 4 104 18 54 44 13 129 2 40 94 92 118 100 12 15 9 108 32 354 24 224 20 62 61 28 15 28 21 10 26 80 71 345 7 218 1 75 4 116 63 86 132 94 3 71 12 179 34 14 49 89
0 55968 94 45 182 49 201 123 125 142 232 178 5 62 104 102 9 85 15 37 193 75 2 14 82 3 126 22 67 76 22 88 1 59 90 6 347 70 85 121 29 52 136 143 36 73 45 10 39
0 56069 11 4 152 115 59 14 297 10 71 34 119 178 31 108 11 7 90 14 64 36 19 1 15 10 37 11 29 47 13 5 155 87 207 9 120 62 56 76 66 6 204 21 16 29 34 12 63 54 107 66 12 20 85 7 162 28 26 246 46 33 112 154 146 11 2 36 116 2 48 1 78 74 23 36 131 58 18 48 37 47 98 33 259 108 47 66 11 131 27 30 27 26 27 29 5 218 145 45 6 20 74 21 189
0 56092 59 81 116 25 119 47 269 43 95 96 49 91 307 24 128 39 108 90 417 43 206 3 28 5 154 43 78 24 68 29 123 7 30 4 120 19 85 48 6 41 156 26 81 8 42 3 13 46 57 20 8 2 88 97 3 36 65 3 7 20 64 24 42 41 79 35 469 122 101 97 259 6 274 106 21 39 56 91 104 125 130 36 11 1 36 77 31 15 43 9 162 21 161 76 32 20 87 30 168 139 95 32 54 275 16 97 249 67 89
0 56127 13 29 101 56 121 84 50 58 103 160 75 51 4 252 844 11 45 50 4 44 27 89 120 128 25 111 175 16 90 9 114 38 29 24 50 26 836
0 56263 7 54 83 2 2 175 32 8 4 59 98 87 45 20 153 69 27 14 64 12 191 201 127 96 171 19 81 10 306 73 53 7 132 98 18 26 224 8 74 69 31 39 4 57 80 16 211 76 101 34 114 33 407 165 156 106 126 8 116 43 61 17 184 9 33 35 183 1 189 71 83 99 63 83 403 112 188 65 71 13 35 8 152 62 47 10 92 36 58 23 238 11 1 143 172 14 89 108 40 1 67 19 86 10 13 69 103 46 65
0 56319 38 97 4 56 21 10 73 13 32 13 165 87 98 40 31 7 73 2 1 84 88 6 166
0 56438 103 106 189 26 97 19 129 120 37 1 43 26 34 1 231 40 3 1 133 59 268 4 157 3 2 26 1 44 76 21 145 68 128 12 1 15 15 11 144 34 12 23 85 15 164 161 115 158 50 3 18 1 31 133 85 46 98 18 65 19 44 84 367 26 188 48 20 45 73 2 6 35 78 44 183 33 193 27 27 173 117 43 88 61 65 175 79 27 130 166 21 47 28 1 263 15 12
0 56549 145 6 127 7 199 20 45 41 47 44 130 150 131 36 12 31 64 10 132 4 71 7 40 22 23 51 229 42 105 16 17 97 97 38 77 144 151 33 186 35 127 29 79 19 21 22 116
0 56788 122 31 248 3 11 101 61 15 96 4 36 14 4 245 89 26 58 2 121 75 62 7 63 1 116 115 64 30 74 41 1
0 56892 71 61 2 6 131 49 21 4 87 14 370 51 341 86 263 29 8 92 1 35 507 16 199 10 104 6 50 24 41 194 58 53 14 38 11
0 56907 17 74 8 283 111 23 96 69 137 127 40 15 45 73 24 128 237 78 45 6 77 34 107 14 151 50 141 23 247 128 27 79 42 30 78 50 138 110 212 74 30 58 72 28 40 21 67 20 475 3 90 159 3 156 30 63 76 27 395 21 281 26 54 11 78 113 13 5 73 88 1 27 189 206 142 38 118 165 91 3 63
0 57049 55 28 10 5 20 49 396 27 99 55 64 166 39 37 201 21 2 6 17 78 54 66 19 7 145 18 25 40 16 37 27 20 100 1 203 15 15 28 23 50 9 79 313 10 25 153 30 268 24 11 168 3 93 13 88 9 184 10 69 58 162 85 143 94 36 43 172 42 60 22 81 40 122 44 147 10 84 20 56 85 159 74 21 56 161 22 21 26 98 6 175 47 109 117 75 66 99 73 13 4 273 4 58 34 248 208 39 37 88 142 155 21 170 4 182 127 450 78 59 3 305 21 242 12 35 124 169 38 59 64 293 8 15 191 115 36 1 6 20 93 13 15 95 4 706 83 64 253 156 131 64 143 136 61 56 7 252 38 111 39 99 101 11 33 50
0 57099 2 95 168 1 206
0 57188 14 92 151
0 57219 166 6 33 27 134 20 199 41 27 30 15 43 177 68 7 97 130 10 163 30 84 101 115 64 115 84 27 88 77 43 4 143 7 6 13 5 52 1 183 83 110 56 35 27 75 145 255 3 509 47 63 86 305 15 15 122 20
0 57657 4 113 41 113 38 40 42 21 207 122 388 85 2 82 182 28 116 19 17 28 60 98 38 48 5 42 56 107 71 84 103 88 150
0 57706 18 28 110 14 94 95 22 22 19 58 115 20 135 132 22 28 139 25 75 30 184 34 259 74 77 61 97 155 95 78 31 165 8 15 33 74 125 10 44 33 141 34 95 54 62 29 80 49 51 42 31 1 167 15 87 42 85 7 53 55 44 115 180 41 348
0 57900 46 14 129
0 58052 59 6 5 78 26 12 47
0 58163 23 3 54 33 65 7 26 31 25 17 76 32 86 67 41 13 2 7 13 24 488
0 58380 237 13 108 41 173 8 165 275 74 23 79 18 92 78 91 73 8 1 46 120 9 72 50 35 64 36 320 13 18 13 4 48 106 93 144 31 10 33 246 19 237
0 58421 87 37 14 211 73 24 235 78 19 41 276 71 19 7 2 89 100 65 153 28 9 19 204 109 95 7 74 59 241 26 148 103 139 7 126 8 9 19 286 137 32 21 62 143 123 2 146
0 58427 4 87 76 78 19 90 104 3 146 45 43 14 29 9 15 32 14 22 152 40 314 11 281 55 6 8 14 11 76 30 51 1 122 9 196 123 373 184 196
0 58463 20 82 123 110 176 44 41 46 210 123 376
0 58534 53 28 133 3 118 13 88 10 139 31 16 24 76 19 286 39 254 42 1 31 71 7 128 15 166 197 108 1 42 6 23 109 54 42 67 47 98 162 38 63 159 18 341 17 70 93 6 19 52 97 28 133 51 21 30 8 213 22 76 17 75 18 109 99 138 67 28 117 17 26 126 276 101 26 85 34 2 145 94 26 267 7 345 28 26 6 61 43 1 18 150 23 113 74 98 53 50 2 187 18 111 107 94 86 84 78 6 21 38 35 401 18 33 19 251 15 5 17 39 18 64 22 166 39 8 6 9 32 31 10 50 10 178 105 211 91 107 1 40 185 96 117 115 11 143 183 56 62 364 13 134 28 162 76 104 31 104 98 47 20 24 82 142 7 516 2 313 79 72 132 73 92 34
0 58683 61 86 34 49 123 15 54 46 25 13 336 118 22 87 105 7 21 15 21 30 20 93 53 38 748 22 78 41 24
0 58926 118 34 236 18 217 76 71 28 14 12 32 105 8 34 93 17 53 25 6 2 101
0 58976 8 35 8 20 28 6 15 4 4 32 134 45 53 39 33 12 366 35 92 82 266 1 27 110 29 7 39
0 59131 73 74 92 86 30 123 2 14 102 43 13 40 43 1 265 9 149 76 75 29 105 81 14 2 110 17 7 32 115 20 84 16 181 10 181 13 12 136 33 13 216 70 95 32 137 260 7 10 195 92 38 27 57 21 52 113 18
0 59418 22 122 232 79 127 68 161 31 220 1 78 18 39 25 184 49 30 59 8 7 57 43 247 23 116 125 282 25 90
0 59577 45 17 27 4 76 17 173 56 25 3 78 104 188 15 60 84 213 37 89 23 30 78 229 41 278 21 2 114 37 24 69 63 60 51 5 6 171 82 59 35 44 17 17 75 233 78 23 46 143 8 30 201 14 57 376 109 85 10 38 56 5 63 125 86 34 131 53 25 75 4 38 64 263 37 95 2 50 31 3 31 60 41 24 53 49 8 33 16 5 25 20 67 89 51 35 60 23 40 277 52 93 28 33 101 71 26 131 98 30 27 20 50 57 27 25 28 105 3 8 16 111 28 14 64 117 15 158 86 143 90 372 18 86 54 57 6 5 71 42 47 156 60 106 13 21 25 6 76 77 52 9 111 176 10 46 63 153 49 21 156 11 41 1 10 32 7 50 6 3 24 75 74 14 47 40 22 16 15 83 112 8 13 62 153 127 22 128 124 21 65 92 117 69 44 36 29 165 5 221 3 215 4 11 13 13 28 40 35 238 13 268 10 37
0 60104 194 26 17 55 65 37 191 20 72 13 237
0 60288 198 25 87 2 93 114 35 54 37 19 115 11 116 46 27 5 15 16 57 35 3 10 120 47 43 7 9 147 99 83 67 39 13 16 12 40 108 73 152 24 34 42 20 104 3 39 22 9 65 2 52 34 54 41 312 118 18 19 72 12 59 23 46 2 3 39 59 28 15 9 200 13 27 152 69 2 147 10 32 19 85 45 15 45 150 24 4 2 77 119 274 100 51
0 60409 151 82 249 27 161 8 16
0 60683 124 34 93 44 27 211 226 23 106 57 139 28 142 18 11 33 76 26 46 6 4 4 373 4 105 55 78 36 54 65 40 8 123 18 46 40 119 20 3 107 147 84 121 28 123 36 29 70 50 98 138 1 160 132 86 13 29 31 14 50 34 19 4 2 311 96 58 110 11 20 260 9 260 95 60 1 21 92 9 59 65 72 65 156 45 36 126 21 73 35 80 19 143 37 21 29 66 25 51 59 1 136 26 42 58 60 55 6 139 11 84 4 56 1 17 40 25 35 187 10 84 118 172 105 290 10 49 31 52 42 12 37 164 18 21 3 77 21 21 66 353 10 15 34 91 17 85 35 73 26 54 20 362 20 55 6 117 51 67 139 364 30 46
0 60709 41 14 284
0 60715 241 4 120 237 5 28 128 41 498 148 13 67 3 53 29
0 60786 169 32 33 39 13 115 102 76 3 66 84 68 4 37 232 2 86 44 104 149 101 98 285 53 325 199 81 99 256 44 256 39 135 42 36 2 109 106 145 108 35 8 26 6 173 39 85 14 67 96 35 74 141 41 132 33 36 58 12 19 142 88 15 12 78 26 135 20 212 27 14 38 29 9 88 188 10 24 28 47 66 20 250
0 60809 33 64 18 28 36 94 286 78 143 28 205 9 29 72 61 12 191 52 74 35 18 41 178 56 202 113 11 54 115 14 464 182 9 69 42 72 62 47 89 4 78 9 46 25 10 10 3 127 120 2 67 57 213 39 136 37 121 88 26 64 564 97 111 53 80 37 17 13 122 5 171 77 64 14 13 62 149 12 64
0 60834 29 1 106 19 63 29 480 77 44
0 60919 67 52 32 21 345 57 344 175 4 46 84 6 375 28 140 22 52 40 75 7 274 11 503 101 264 13 76 25 205 96 8 19 82 29 70 104 135 5 54 26 158 155 7 25 190 192 224 47 435 51 290 39 38 43 42 1 20 8 16 71 54 169 37 46 5 104 108 97 8 24 93 28 118 72 348 50 133 43 27 30 42 9 67 30 53 12 147 99 17 163 95 126 116 7 42 29 146 51 29 214 234 93 109 1 21 93 173 4 205 22 192 19 24 90 12 8 148 19 438 34 83 78 83 78 15 19 87 20 32 73 179 61 8 25 64 125 4 185 111 10 9 20 159 11 120 32 68 27 17 19 6 43 273 39 23 111 3 223 51 84 197 24 12 1 146 120 111 57 18 92 429 67 1 2 206 146 217 12 120 1 82 68 2 6 9 31 172 10 29 29 83 35 206 39 31 49 18 89 263 126 121 14 188 23 93 22 132 123 135 3 23 28 88 23 151 13 160
0 61064 7 35 21
0 61089 21 27 95 16 47 123 57 94 43 44 40 5 211 52 21 60 30 61 9 81 263 60 29 24 183 2 125 61 92 80 55 13 1 58 48 20 103 20 105 1 306 43 17 22 207 9 149 15 184 35 74 13 24 51 123 62 11 88 57 42 14 88 16 36 209 12 188 62 134 144 40 18 42 12 106 6 245 45 83 14 447 74 66 11 3 28 57 61 12 3 203 12 32 6 221 8 288 114 118 126 106 118 140 14 50 132 202 14 10 2 29 36 16 19 132 19 28 81 92 3 116 27 101 19 324 14 175 69 68 111 85 28 73 29 30 33 48 11 466
0 61090 2 29 9 102 23 3 36 40 67 25 156 152 129 124 2 13 38 27 235 62 308
0 61141 153 112 374 45 84 4 4 30 141 137 29 4 26 83 115 16 31 85 47 68 72 22 146 27 146 124 95 105 119 7 47 178 104 5 181 1 1 20 125 26 19 55 10 5 55 4 10 5 50 62 18 4 234 63 98 24 255 27 38 38 138 51 62 36 132 91 177 23 111 38 102 8 37 26 151 81 130 3 244 16 225 89 29 14 41 10 12 44 112 25 7 38 212 3 189 80 1 74 71 157 130 46 122 26 22 90 160 71 89 51 21 76 35 3 21 4 94 7 7 83 8 30 304 89 88 51 213 15 377 26 135 41 19 32 143 52 159 31 243 32 6 59 178 28 57 5 249 16 45 19 175 35 175 9 197 20 194 7 132 53 10 28 128 22 100 5 75 14 35 15 334 62 48 13 45 13 78 35 59 105 68 26 147 39 21 23 200 89 64 32 139 13 55 17 26 18 64 46 132 94 76 35 295 8 402 201 195 12 75 88 115
0 61481 245 6 36 3 92 147 32 34 12 4 2 49 345 6 80 6 197 41 12 77 341
0 61492 76 11 25 22 81 2 95 32 53 12 216 127 36 126 274 8 5 21 60 36 6
0 61497 31 43 11 17 87 67 27
0 61632 45 45 90 93 171 13 101 1 1 102 40 112 65 92 118 12 44 136 47 31 31 12 82 49 55 128 19 99 129 20 5 101 16 68 15 40 94 34 26 9 35 20 40
0 61768 95 41 55 228 11 26 2 48 40 19 6 65 71 60 6 13 84 1 126 67 76 157 137 47 25 78 67 10 101 14 59 16 122 2 19 26 92 73 10 14 140 36 157 32 9 103 54 42 146 140 59 24 281 24 10 30 59 86 6 87 95 142 1 4 82 71 121 60 17 13 240 13 18 70 94 5 101 203 31 219 73 9 251 2 10
0 62098 71 39 30 92 266 9 9 63 22 45 106 88 98 6 17 139 432 109 390 91 44 106 61 10 170
0 62227 213 3 76 18 75 161 19 7 44 5 200 54 93 13 55 26 201 114 36 114 288 3 65 72 99 25 64 2 48 180 13 82 77 8 129 108 28 5 68 25 74 43 171 72 75 21 51 7 200 57 36 23 47 93 74 78 65 4 64 10 57 63 8 31 47 25 213 30 8 88 76 8 181 14 132 52 65 50 37 18 3 22 127 115 275 235 117 48 343 42 9 68 17 49 38 65 27
0 62659 44 8 83 135 283 67 142 16 484 7 131 27 4 27 84 115 41 34 111 4 116 81 19 42 213 72 191 85 20 53 79 111 144 4 21 96 56 14 11 50 63 47 115 56 54 128 66 88 48 8 38 57 88 3 56 38 24 21 91 108 191 28 111
0 62792 140 26 18 14 193 11 52 33 91 2 27 14 59 18 32
0 62916 76 22 75 53 53 19 23 29 191 13 82 26 51
0 63106 40 17 209 6 114 113 104 14 81 12 25 163 43 2 22 19 107 18 123 8 27 21 145 105 9 25 43 30 102 148 3 35 54 2 178 18 171 15 27 3 36 9 112 111 18 37 53 43 48 21 76 28 6 25 22 58 187 2 17 90 104 6 75 32 86 7 100 8 2 103 58 79 165 8 182 48 78 63 63 52 187 106 36 4 38 84 82 57 43 2 190 15 713 7 57 18 9 32 176 2 79 61 154 82 28 136 104 59 58
0 63367 77 62 71 234 224 48 27 163 265 104 1
0 63597 18 88 128
0 63885 13 23 56
0 64336 16 86 27 8 64 49 90 128 29 31 132 24 19 54 164 15 46 11 38 63 10
0 64459 7 22 83 65 318 13 44 21 37 3 39 33 163 6 1 11 32 31 274 58 97 15 2 123 30 38 160 20 58 83 236 112 40 38 49 123 161 27 294 14 49 18 4 32 36 2 552 98 36 2 15
0 64467 13 88 61 39 32 89 147 28 27 67 133 49 29 36 136 56 13 25 33 33 170 68 85 28 250 1 170
0 64592 65 12 8 106 93 131 88 106 75 21 97 85 82 21 108 4 126
0 64667 17 186 52 29 129 19 38 73 42 54 46 31 8 34 58 95 303 19 87 61 208 149 76 55 150 58 130 14 12 3 42 21 98 43 109 157 111 216 258 21 161 118 85 4 105 112 45 69 48 21 56
0 65129 223 73 15 63 14 230 183 25 70 28 75 108 21 94 490 30 229 8 53 183 86 12 95 21 307 16 708 23 152 36 92 12 5 95 6 35 110 114 96 20 2 191 228 63 205 24 65 84 213 15 106 12 486 250 49 22 10 83 104 7 274 25 133 45 49 46 83 23 19 60 62 32 116 50 209 67 184 27 32 45 69 22 66 13 297 194 28
0 65314 99 60 204 3 327 41 101 104 167 1 42 9 23 28 94 16 134 10 15 103 37 25 2 19 266
0 65352 219 19 91 23 38 12 83 13 38 27 205 27 42 24 8 77 90 6 48 461 186 129 170 43 245 9 56 19 63 56 31 235 43 8 134 16 194 156 138 58 18 35 3 70 105 70 48 20 2 43 218 122 206 71 70 22 401
0 65411 77 27 63 45 72 54 174 19 39 19 93 68 67 66 8 14 127 7 87 7 388 78 6 23 51 21 140 5 231 17 141 15 111 181 120 66 107 104 56 5 55 43 149 14 106 50 199 13 37 9 105 8 65 61 44 32 38 17 96 28 52 43 239 112 351 54 180 4 21 191 44 1 135 33 196
0 65461 292 28 314 28 27 2 12 130 156 186 137 51 64 61 55 76 189 109 173 40 16 11 23 2 38 21 63 53 29 7 20 8 72 31 174 6 305
0 65467 113 25 113 38 276 28 143 20 181 8 7 17 25 5 290 249 132 18 94 76 215 1 4 242 61 25 36 120 310 39 44 1 56 30 37 5 23 49 248 15 129
0 65639 12 43 23 36 612 14 37 26 479 136 115 136 18 163 98 60 91 115 64 150 22 49 13 107 485 93 301 114 7 47 63 14 279 22 61 1 5 113 309 47 225 61 7 85 111 14 34 80 51 7 48 18 5 3 82 115 169 183 61 37 39 48 53 6 117 1 111
0 65656 106 32 129 17 51
0 65757 3 15 112 29 6 19 25 13 179 62 521
0 66308 302 18 53 57 506 66 59 14 79 19 317 27 94 27 9 36 125 131 231 7 17 98 103 85 9 61 20 22 387 3 54 121 15 1 494 23 90 92 43 25 102 33 127 84 134 47 34 11 23 83 147 35 49 27 49 6 135 131 4 116 283 19 154 32 284 123 134 1 68 68 20 6 307 14 195 27 220 21 229 18 269 9 55 56 266 30 94 17 23 18 41 44 2 7 137 39 10 118 95 66 401 58 31 133 133 8 8 25 3 84 53 25 55 26 229 106 246 83 67 70 29 58 118 66 184 59 199 174 18 24 178
0 66501 4 71 126 54 695 18 19 69 163 29 14 71 129 21 423 26 110 131 37 181 197 31 110 25 50
0 66684 43 34 178 6 22 27 146 44 232 133 4 68 516 53 17 4 2 99 77 54 57 11 43 58 69 7 98
0 66749 36 25 19 37 87 36 23 22 5 73 13 37 104 88 34 5 54 1 121 111 26 97 159 25 90 58 59 138 26 2 44 65 8 148 275 30 334 60 11 47 62 13 182 1 472 8 5 153 39 59 102 53 28 17 23 35 50 53 490 49 80
0 67059 132 144 190 45 52 95 222 61 351 17 63 114 17 64 38 29 98 33 34 13 27 170 178 37 113 108 28 168 84 33 139 142 241 6 47 119 204 45 29 133 72 29 195 3 12 39 311 27 409 80 146 16 117 124 11 25 81 139 74 77 19 6 200 58 68 15 43 14 93
0 67303 75 2 62 9 183 73 49 26 8
0 67334 111 4 164 10 18 123 176 164 97 34 22 7 234 116 4 23 73 7 248 80 294 5 523 12 21 5 38 209 77 41 175 243 6 53 4 67 115 18 157 11 430 97 369 174 12 42 32 91 7 14 21 9 19 27 131 54 110 44 11 47 203 6 86 63 124 23 101 7 26 73 18 9 259 55 226
0 67571 80 16 136 33 76 52 46 3 529 94 11 26 3 64 13
0 67665 157 121 90 44 8 11 237 81 12 33 42 22 10 28 36 49 144 29 95 43 52 41 59 100 263 34 105 16 42 16 9 34 89 28 76 73 113 17 27 36 95 95 138 81 55 56 15 59 159 22 2 15 139 45 3 50 64 4 146 70 39 14 184 1 109 83 20 60 80 41 25 19 413 18 83
0 67836 9 27 34 46 9 34 104 51 5 202 146 3 29 5 25 1 49 24 261 81 2 12 3 63 79 61 228 58 110
0 67951 8 5 65 18 119 57 296 10 69 27 480 12 154 77 6 54 223 20 85 49 96 22 151 2 72 4 2 23 51 28 133 104 261 2 231 155 34 14 62 179 30 44 65
0 68704 9 52 80 106 22
0 68814 78 52 23 54 32 16 162 55 38 46 19 35 104 14 87 6 195 66 87 46 93 43 8 91 16 104 277 17 257
0 69137 386 6 137 138 145 11 3 7 35 63 11
0 69390 287 221 22 57 9 1 298 97 80 36 44 34 4 6 9 105 199 24 147 27 47 8 136 52 70 37 161 10 152
0 69395 308 18 9 96 49 114 21 5 367 9 173
0 69426 26 2 48 162 70 54 22 49 147 154 19 86 222 3 9 113 100 11 18 20 113 27 4 77 257 12 67 1 100 67 19 2 131 47 116 147 300 8 5 31 1 6 28 2 13 12 60 5 106 50 135 33 67 132 134 31 6 44 261 33 76 334 112 6 284 9 7 36 26 54 160 50 48 78 51 40 309 8 124 5 5 20 118 8 165 68 245 41 40
0 69437 29 22 191 2 151 89 21 52 35 5 66 40 202 13 12 61 101 18 25 26 353 52 1 27 87 95 91 7 64 5 54 15 120 15 29 16 35 23 84 78 190 7 61
0 69483 115 5 37 23 94 98 46 43 348 2 81 12 111 33 66 106 35 140 93
0 69510 40 1 72 11 224 31 215
0 69546 77 107 130 86 14 52 80
0 69687 5 40 51 4 50 8 84 75 337 11 45 20 35 179 15 127 1 44 12 105 113 39 141 252 103 23 238 84 57 113 73 28 62 31 351 25 71 8 48 137 234 11 43 18 75 6 100
0 69749 103 27 48 83 86 13 124 27 15 10 260 20 112 64 134 72 16 2 7 20 10 10 115 46 282 24 214 53 36 95 1 50 116 21 89
0 69757 224 19 48 114 94 27 34
0 69812 121 146 66 249 48 39 85 47 58 59 130 13 5 35 100 28 122 23 337 11 148 119 168 41 83 57 161 39 37 55 100 24 84 33 9 30 69 56 47 59 74 73 12 109 93
0 70034 37 23 51 46 100 36 50 24 338 10 29 37 9 51 71 4 60 79 375 100 47 50 9 54 218 38 208 74 79 107 127 41 119 167 42 66 94 40 57
0 70196 173 131 149 92 118 1 64 1 50 8 179 56 93 22 62 43 5 15 106 144 64 64 125 20 122 1 1 28 339 31 32 351 61 93 8 95 54 25 29 24 79 112 19 126 91 89 49 54 73 20 39 152 44 15 289 118 24
0 70236 18 41 123 41 60 89 2 59 141 8 143 13 174 30 216 38 45 9 68 42 78 32 255
0 70304 21 65 19 88 3 21 36 17 60 55 60 6 40 13 286 16 73 41 74 106 56 5 95 9 67 1 224 13 221 79 49 174 253 10 5 10 43 29 51 42 2 77 23 35 353
0 70469 189 65 314 81 336 18 149
0 70880 235 7 69 76 243 20 221 109 89 24 159 121 676 1 55 7 432 29 67 50 131 45 351 54 259 58 87 14 296 56 324 33 109 7 57 145 131 42 224 7 50 15 19 26 113 15 116 140 210 6 130 14 7 23 26 66 310 1 269 54 27 25 40 77 261 81 104 5 147 27 55 22 5 37 155 4 52 8 174 21 87 109 124 20 130 115 41 30 33 4 48 26 6 6 62 17 6 33 25 21 12 8 93 4 37 43 94 31 35 71 1 190 34 8 54 1 153 33 23 12 21 21 5 24 128 34 47 24 10 20 166 1 16 8 167 90 198 53 142 22 70
0 70942 268 46 72 7 68 135 86 34 46 15 50 3 17 41 209 63 17 40 319 24 30 36 199 1 188 22 25 38 39 34 172 45 8 135 8 61 44 3 65 48 60 1 365 9 659 71 122 5 56 28 37 9 1 14 15 25 161 62 93 54 58 33 35 6 130 10 179 17 14 130 14 1 86 155 29 69 30 35 19 47 472 28 101 91 9 11 89 14 249 71 248 110 27 10 258 156 71 35 55 2 6 27 33 49 17 58 36 96 290 18 19 62 10 38 248 5 104
0 71020 7 17 682 10 119 122 162 61 61 34 95 3 33 7 102 87 94 87 48 126 104 46 95 33 23 12 131 27 26 91 115 21 355 26 128 59 45 99 31 78 142 41 5 62 167 22 82 27 52 55 72 51 9 23 116 10 94 4 3 33 22 61 41 121 31 1 37 74 24 21 116
0 71309 8 92 113 38 44 75 40 122 95 73 332 72 44 57 37 55 192 61 117 79 43 4 303 21 22 81 77 11 61 6 4 65 127 28 17 15 9 43 93 3 20 16 283 9 30
0 71576 23
0 71884 15 7 42 130 35 80 94 73 13 47 56 30 18 76 100 69 30 79 233 12 48 31 44 1 221 121 18 163 157 8 143 11 5 18 52 36 145 86 16 20 4 10 1 90 201 40 164 57 30 21 188 31 72 37 195 46 59 47 110 40 132 98 73 101 79 32 34 12 64 80 116 35 199 15 25
0 71886 98 61 99 170 1 10 52 30 85 37 14 84 88 14 94 25 118 67 594 93 301 138 85 14 20 12 158 5 64 24 205 57 170 8 61 37 119 8 67 20 64 1 57 19 14 83 19 46 159 52 509 33 140 139 583 23 97 3 673 15 50 13 401 73 98 26 88 17 23 4 160 22 31 80 79 6 209 46 5 34 19 61 50 143 32 8 107 48 42 43 35 30 94 34 29 70 216 57 53 5 74 41 97 28 28 16 46 18 60 14 127 131 476 56 189 36 29 44 105 33 136 100 79 84 2 42 112 74 136 46 256 53 62 7 26 177 17 15 100 5 49 7 53 8 17 90 54 19 2 53 56 47 36
0 72227 76 19 67 3 233 82 23 48 44 32 210 129 9 64 110 6 52 15 1 31 114 6 68 3 115 140 69 32 95 55 136 46 279 86 19 117 130 46 2 44 15 69 111 21 206 23 65 2 93 6 171 121 95 93 137 22 126 7 117 11 2 3 37 4 277 32 193 78 14 13 61 154 124 42 34 159 9 14 214 91 77 5 166 28 238 21 66 48 14 26 15 7 69 89 392 14 98 5 211 63 42 21 59 36 7 104 4
0 72700 57 71 9 74 46 104 35 8 312 50 8 21 77 14 37 26 61 76 11 11 334 46 212 15 36 18 81 6 14 36 22 23 71 22 109 9 31 9 214 27 51 57 54 73 122 18 1 30 76 55 79 4 88 53 118 218 94 100 10 61 48 49 79 8 25 13 29 43 117 110 22 39 106 27 77 32 21 10 91 68 23 5 60 22 113 26 335 51 90 105 18 78 101 138 55 63 72 29 444 156 145 36 128 29 48 142 81 129 44 13 129 2 157 91 407 24 67 59 53 25 46 48 78 120 57 8 85 206 159 226 65 41 137 251 86 93 55 130 10 9 202 28 142 6 107 4 23 58 37 77 47 73 381 70 84 108 114
0 72723 53 27 81 134 66 9 62 89 28 53 12 73 2 9 170 29 117 19 112 100 16 16 94 82 26 103 76 20 151 71 113 137 48 25 43 54 59 13 3 7 1 1 5 160 176 8 17 73 33 82 149 34 42 20 26 35 278 41 10 1 12 92 68 232 189 30 49 67 166 34 207 39 200 82 14 90 20 8 157 15 64 21 94 62 25 47 85 44 182 40 16 41 37 37 313
0 72753 29 111 433 90 144 54 111 39 37 92 91 1 25 110 32 28 16 42 178 182 206 25 27
0 72875 165 42 53 47 37 8 30 101 508 10 24 12 4 1 119 37 29 1 317 34 154 65 90 46 72 55 27 20 65 54 189 119 153 26 5 14 54 81 203 42 115 27 175 90 89 41 15 16 146 7 265 148 116 1 138 45 43 47 54 52 21 22 103 14 122 45 93 15 4 59 36 79 389 134 156 4 183 53 20 33 18 23 278 25 82 9 19 10 181 134 48 15 11 37 182 29 149 33 137 65 49 102 25 26 53 231 119 57 113 5 47 78 156 63 21 50 35 13 19 26 111 27 41 91 4 117 137 83 105 6 6 87 226 6 142
0 73034 8 8 373 116 69 29 36 8 34 27 395
0 73040 173 31 152 7 372 8 28
0 73787 76 43 35 3 254 16 25 130 81 39 44 39 19 6 248 23 112 40 4 28 331 17 5 151 5 122 73 109 1 128 113 22 38 66 17 21 260 67 88 10 106 10 48 3 2 70 109 142 55 13 162 1 31 125 71
0 74540 58 67 19 47 232 208 146 24 258 47 12 100 104 157 37 34 65 3 260 73 76 30 47
0 74647 89 167 327 14 249 23 16 28 24 24 2 51 79 56 83 26 40 92 131 11 68 39 70 69 159 2 31 172 122 11 1 23 4
0 75292 324 57 62 30 323 34 89 202 54 11 76 97 4 103 29 43 69 3 247 15 129 1 88 25 29 14 72 30 15
0 75390 183 122 573 23 47 61 31 111 264 98 222
0 75392 105 4 70 89 191 72 223 35 124 87 18 61 43 3 43 94 84 43 377 41 653 5 28 33 123 73 349 16 98 12 27 34 120 49 108 144 36 71 25 23 4 136 3 21 43 29 49 27 4 22 101 130 41 42 22
0 75497 35 1 223 24 4 55 117 7 8 26 19 25 34 2 209 69 258 43 18 4 50
0 75550 8 126 42 150 110 6 1 51 52 3 195 325 3 44 7 19 67 105 456 58 25 171 28 62 83 52 22 11 195 9 138 60 12 52 143 43 3 27 13 39 6 12 52 4 22 48 13 6 43 81 61 129 134 22 15 10 4 142 23 12 155 7 21 8 67 97 18 49 103 20 201 19 36 15 26 12 279 115 10 70 216 43 7 11 30 58 29 33 2 44 19 61 241 108 17 3 127 9 70
0 75568 33 398 22
0 75688 72 42 128 234 17 7 164 72 4 29 29
0 75779 22
0 75880 53 2 232 57 50 38 346 103 136 26 164 159 49 42 40 11 18 15 104 10 260 48 59
0 75981 61 25 50 23 5 95 17 75 142 117 233 46 65 92 213 32 66 37 27 2 27 31 732 12 31 120 115 17 243 9 775 54 12 90 73 122 211 23 46 54 49 48 3 94 196 22 85 56 51 26 34 15 14 15 309 33 160 41 28 26 231 154 231 22 2 71 61 15 235 23 16 16 24 52 116 14 31 13 15 109 123 5 10 18 15 24 117 31 159 27 136 3 179 23 62 53 37 8 127 86 25 43 325 8 67 7 3 98 127 20 8 34 265 10 3 144 29 88 43 29 116 23 27 10 155 45 78 98 160 79 80 73 76 115 17
0 76253 75 19 303 73 75 148 34 14 150 87 82 111 68 53 270 29 141 10 115 21 192 27 137 16 112 32 70 10 108 55 64 113 153 81 41 69 89 27 44 27 79 67 42 46 331 14 40 89 22 114 63 33 7 28 360 4 50 3 94 21 446 162 221 13 104 95 9 25 71 32 14 6 142 149 153 96 93 14 135 221 64 22 139 100 111 99 167 244 1 1 289 42 82 15 38 30 30 14 59 44 390 160 119 14 145 15 57 12 205 2 22 9 158 3 97 9 159 5 11 20 7 31 459 38 71 158 75 56 1 81 4 31 18 24 59 85 100 158 207 59 211 32 2 62 32 24 175 79 101
0 76346 22 107 57 33 483 50 43 3 15 54 35 16 128 56 169 94 145 4 8 157 45 13 4 30 63 50 458 90 192 3 44 67 22 5 142 16 8 88 80 22 13 53 65 196 17 100 35 41 30 41 122 19 30 2 74 46 22 11 87 8 35 36 35 64 19 26 3 28 130 80 134 28 7 66 65 29 66 19 26 67 13 82 142 2 65 18 183 39 50 6 202 76 45 7 175 6 45 57 230 49 75 186 83 38 3 81 53 31 50 41 22 55 82 25 173 76 77 31 8 64 38 73 170 12 33 8 82 60 120 10 120 67 99
0 76651 26 18 499 12 187 102 17 179 75 9 107 23 204 3 19 82 93 16 103 7 32 9 62 15 192 30 13 8 122 2 160 52 97 18 5 73 9 68 207 77 78 3 222 7 217 36 54 64 91 6 17 149 80 16 94 61 25 186 63 27 109 3 410 12 249 78 222
0 76692 68 15 166 16 51 66 168 22 75 85 51 8 5 145 220
0 76750 174 122 107 133 289 33 35 7 11 55 19 11 68 71 18 20 40 147 20 7 175 1 142 5 20 26 16 54 41 13 35 19 56 30 67 36 44 42 56 68 18 50 37 19 320 6 235 32 97 91 78 98 138 21 145 15 40 48 98 11 6 24 146 24 66 4 248 4 10 3 284 67 173 8 52 12 223 2 49 66 58 6 60 10 17 106 129 1 19 80 92 4 25 57 184 147 103 57 144 1 243 26 188 71 8 109 23 20 375 28 41 21 41 128 19 2 22 97 51 22 2
0 76789 102 40 38 1 31 19 46 26 152 2 79 55 3 10 102 101 379 90 8 31 262 117 116 69 68 10 76
0 76989 15 64 23 17 184 42 78 1 2 100 490 19 39 25 3 22 207 161 5 121 14 26 203 150 138 6 164 65 63 25 28 49 90 5 54 47 121 19 83 14 2 10 241 41 294 48 80 21 169 9 10 15 213 53 143 9 143 30 109 10 115 42 20 25 36 40 174 3 71 64 40 46 22 29 65 19 7 61 329 126 30 33 95 54 15 11 43 27 95 1 100 2 6 33 94 30 42 57 99 47 101 18 157 66 24 5 239 23 242 16 60 4 442 42 28 63 131 10 2 86 75 161 99 309 15 80 26 47 75 47 103 94 276 2 50 200 187 13 75 77 7 40 32 96 83 8 100 44 61 21 148 150 29 15 492 11 111 42 170 64 27 26 299 15 63 130 13 19 104
0 77024 82 233 31 51 93 59 482 74 259 23 15 127 60 23 355
0 77100 156 55 153 37 60 45 159 62 58 70 169 35 167 85 12 25 180 48 156 34 377 7 62 2 53 7 368 88 125 83 8 37 52 29 181 70 13 2 134 16 64 180 126 41 38
0 77240 168 30 86 28 22 89 26 6 28 14 68 93 77 14 175 46 36 105 102 1 86 57 316 2 23 3 2 15 58 17 4 37 75 54 62 14 440 55 54 64 90 21 2 15 31 123 65 39 34 123 89 138 16 106 39 18 34 15 134 7 323 51 55 42 376 95 126 97 231 23 15 14 123 23 9 29 69 4 202 47 7 70 93 14 73 108 43 24 37 61 18 44 444 151 35
0 77279 126 140 229
0 77686 44 202 372 70 10 3 41 85 30 11 111 39 107 22 135 41 50
