0 0 156 22 32 3 11 34 10 24 197 15 126 57 46 20 87 53 43 11 14 41 9 29 182
0 104 156 133 50 65 224 43 117 1 109 29 109 43 46 66 113 42 248 40 28 29 12 41 26 89 129 14 5 79 51 62 11 72 16 1 117 13 44 26 290 82 111 15 56 2 13 116 6 47 12 25 148 32 124 5 86 3 162 165 98 106 13 66 80 92 36 10 188 96 50 62 43 2 237 47 84 1 213 31 55 3 200 1 97 3 151 8 54 16 351 28 404
0 256 99 6 9 121 6 3 93 49 287
0 263 115 55 15 5 75 1 25 51 162 23 82 81 213 95 99 39 23 1 15 19 125 23 24 50 2 91 7 89 125 39 92 1 118 59 44
0 612 119 106 164 1 25 26 178 6 1 1 68 8 235 25 19 60 62 190 8 45 92
0 670 96 7 9 23 230 8 18 5 52 7 86 3 35 3 260 30 196 117 51 38 89
0 783 22 60 109 48 57 20 144 18 101 1 235 5 77 53 278 3 65 61 88 11 61 37 22 170 11 2 42 89 16 17 27 16 163
0 971 425 17 133 100 81 61 5 22 56 171 6 6 15 26 175 42 75 30 49 8 184 52 34 125 25 38 201 8 340 31 97 35 69 11 54 42 63 48 34 4 4 22 93 37 70 22 50 28 196 114 38 15 326 63 102 43 9 33 15 111 83 147 56 23 20 27 107 110 100 73 268 1 34 5 4 1 139 38 18 28 88 29 104 50 136 36 41 22 91 31 83 61 150 108 7 71 5 84 23 70 82 8 35 95 130 3 63 54 180
0 1228 223 15 301 4 21 64 120 128 66 110 504 1 58 43 71 33 3 68 4 23 121 28 220 35 109 154 89 71 50 8 147 195 132 74 57 17 9 153 108 46 94 45 36 65 153 93 115 39 83 21 246 15 246 4 26 30 176 87 132 8 150 86 15 34 15 123 1 1 43 54 250 81 47 48 12 52 120 24 21
0 1246 62 11 57 33 35 28 8 11 179 61 11 6 40 105 277 43 3 15 11 67 10 103 4 10 26 82 173 7 2 12 48 26 114 26 108 97 45 14 135 31 171 52 62 57 35 64 61 207 4 61 371 105 115 66 419 14 37 79 25 115 21 8 237 163 8 5 334 59 131 27 2 119 196 48 161 28 86 64 125 17 100 67 43 53 61 70 180 89 252
0 1413 346 37 90 52 32
0 1442 358 72 12 39 98
0 1530 174 3 114 44 189 14 7 85 80
0 1793 94 53 209 107 10
0 1821 175 89 103 52 4 62 124 30 32
0 1849 99 76 229 8 44 15 187 138 226 44 87 34 108 124 62 24 42 64 202 24 39 11 42 25 6 101 115 68 11 22 118 6 281 104 6 80 28
0 2151 156 64 409 122 94 3 40 40 514 34 13 45 82 8 425 5 120 37 6 16 75 55 148 4 2 1 79 9 52 142 29 10 92 114 141 1 62 156 136 2 318 160 90 30 69 182 65
0 2193 194 65 2 127 23 2 89 14 168 27 5 11 4 88 101 43 8 32 167 9 66 67 39 38 44 119 35 20 189 72 17 72 248 8 212
0 2348 70 3 208 2 202
0 2444 37 154 8 96 196 73 101 51 44 55 434 36 7 115 104 65 214 30 34 42 149 23 88 32 96 3 160
0 2569 59 17 54 119 101
0 2722 101 40 29
0 2790 159 104 18 26 68 1 42 4 85 178 42
0 2792 27 79 71 61 76
0 2825 72 16 1 58 2 185 90 41 63 4 120 3 115 34 63 117 440 29 40 16 178 146 17 105 61 10 128 69 118 15 128 47 22 30 38 84 21 26 67 91 107 48 115 55 158 56 79 128 91 16 31 29 1 65 120 11 9 3 47 27 121 41 58 41 68 107 290 59 33 46 11 18 121 19 106 17 52 28 49 35 27 13 28 11 103 88 198 36 365 15 37 189 46 10 6 23 132 36 171 2 142
0 2889 11 97 47 7 38 63 12 79 53 40 110 14 60 1 22 31 430
0 2980 120 30 5 61 4 49 24 2 14 15 531 23 122 93 72 7 73 8 27 80 88 40 24 11 137 37 36 120 32 10 47 32 137 44 167
0 3013 19 6 11 47 10 5 184 88 143 140 56 14 11 26 254 5 70 30 44 45 37 2 17 19 258 9 49
0 3129 121 31 145 17 107 64 403 34 289 87 61 19 29 29 339
0 3231 18 76 46 89 150 5 158 82 50 21 67 61 253 7 97 14 90 71 20 37 258 70 118 41 100 42 275
0 3362 20 44 124 44 42 108 38 26 54 91 20 85 100 197 7 1 50 24 19 58 74 58 72 61 17 51 92 2 144 4 146
0 3933 31 46 2 74 137 38 4 10 13 114 9 2 1 82 115 74 196 34 205 46 30 30 17 25 85 16 75 121 64 56 236 10 587 54 125 116 22 17 21 20 55 21 24 9 84
0 3956 165 16 109 188 150 9 42 128 19 132 35 173 6
0 4077 92 35 64 13 24 5 213 25 6 13 12 12 178 256 24 30 16 106 110 10 5 31 254 85 194 24 60 18 47 39 176 5 18 17 18
0 4179 16 132 114 96 5 106 55 46 99 30 40 47 49 6 30 5 25 6 136 128 13 39 43 169 56 62 221
0 4197 3 27 45 49 35 19 44 24 146 25 249 15 47 33 59 11 247 105 12 51 24 10 49 126 247 77 82 8 466 14 22 1 49 20 7 10 41 16 112 4 49 27 210 33 95 10 118 15 29 3 42
0 4591 68 13 30 31 32 4 40 75 3 5 108 11 163 13 40 60 21
0 4668 53 21 62 81 61 1 193 49 237 15 162 50 92
0 4911 32 22 14 27 6 24 2 23 406 23 40 134 58 21 44 32 45 23 91 215 58 14 146 37 82 26 35 1 58 131 123 74 133 28 216 35 20 21 37 17 277 42 133 9 194 144 3 41 42 41 35 87 34
0 5024 24 190 30
0 5034 158 138 488 15 43 82 12 49 347
0 5040 238 43 9 99 48 29 60 138 2 154 51 62 39 14 84 232 68 8 85 47 155 46 23 1 34 10 154 33 1 3 111 23 220 20 3 27 64 11 250 7 45
0 5320 459 2 110 15 11 19 77
0 5335 48 1 36 192 55 28 271 4 96 36 8 63 52 43 141 7 196 20 101 113 62 52 18 4 13 14 150 99 103 8 259 5 10 1 80 56 128 26 64 181 33 20 128 14 54 31 89 5 210 22 56
0 5348 53 137 196 8 204 46 66 19 138
0 5572 30 18 291 19 211 72 222 4 377 154 75 36 14 104 121 27 56 49 32 7 122 52 35 65 226 5 304
0 5588 129 68 58 41 38 26 147 53 3 93 11 27 38 3 79 73 195 21 16 100 468 7 104 39 195 27 17 62 60 137 40 8 216 40 214
0 5714 21 129 77 16 27 1 206 96 36 1 68 4 30 19 14 84 3 62 177 13 36 56 175 26 304
0 5805 120 17 26 28 33 59 45 56 18
0 5911 30 200 133 54 118 51 44 24 13 6 54 37 54 11 126 6 17 13 43 17 225 60 126 119 339 9 39 16 3 10 178
0 5996 124 42 13 28 19 56 167 25 6 71 5 35 46 35 267 9 48 20 176 10 18 60 265 117 73 78 95 82 6 83 329 84 78 15 171 10 12 40 3 138 110 22 178 62 97 315 8 9 324 4 23 17 6 124 48 23 87 37 74
0 6147 146 62 19 48 43
0 6386 25 3 62 30 155 29 3 24 60
0 6601 101 36 23 49 4 11 388 9 102 5 51 184 252 68 81 34 120 7 56 21 167 30 109 290 95 16 78 56 9 44 9 71 9 1 49 16 428 51 133 1 26 7 132 61 15 33 30 3 47 132 61 22 173 156 25 42 151 29 6 12 65 103 7 79 199
0 6643 102 34 59 83 150 4 22
0 6705 14 61 11 37 70 32 32 64 34 26 11 1 194 82 8 20 35 24 40
0 6787 334 37 17 5 78 29 210 4 82 49 188
0 7009 78 81 79 119 48 17 63 34 106 17 58 2 71
0 7169 133 8 20 72 43 34 423 5 227 34 10 101 168 4 20 10 76 55 7 12 76 177 176 60 183 105 140 12 13 26 68 49 162 42 42 7 41 43 21 30 401 92 80 87 133 28 19 19 77 80 88 71 48 12 138 91 289 24 197 39 207 38 73 162 65 53 151 137 26 19 549 106 55 98 419 20 44 22 128 118 84 23 183 47 19
0 7177 2 39 70 1 54 51 29 24 27 95 498 32 5 10 53 34 20 132 32 15 27 17 241 11 60 23 5 79 12 26 67 43 95 6 194 61 88 12 86 23 5
0 7262 32 6 228 17 50 98 67 11 8 68 39 26 11 44 89 7 64 58 161 61 60 33 130 118 212
0 7273 77 116 99 21 9 5 45 71 82 10 441 72 55 3 36 16 28 150 35 6 7 78 11 121 23 92 59 5 303 45 296 94 138 10 91 2 81 22 72 233 12 28 38 80 8 105 234 207 23 35 44 28 72 47 7 2 230 119 737 85 39 98 5 1 32
0 7276 82 32 117 169 28 8 59 46 260 18 270 51 160 113 9 154 68 17 6 3 47 49 4 21 595 74 167 14 200 59 6 60 45 12 204 17 41 42 7 15 318 24 307 26 1 32 40 53 103 78 11 23 47
0 7331 80 1 23
0 7552 113 31 229
0 8077 227 1 202 18 133 79 19 46 6 4 282 72 89 2 74 94 113 22 68 29 28 12 11 43 90 20 122 13 68 66 35 126 105 194 239 49 36 7 180 8 10
0 8093 13 49 46
0 8127 111 8 104 80 124 53 89 1 17 19 159 31 1 4 108 85 9 9 92 78 44 8 118 21 2 115 41
0 8153 25 32 114 62 190 47 100 54 15 62 186 80 222 53 60 48 99
0 8349 6 19 88 3 197 26 136 58 34 25 68 75 107 129 42 6 38 30 156 35 142 16 65 46 157
0 8366 103 51 87 46 159 53 172 51 54 17 484 26 134 34 34
0 8373 64 8 7 24 24 20 89 162 71 32 133 82 131 18 195 16 140 6 30 5 61 7 104 183 73 116 93 95 387 38 19 79 5 276 97 1 24 24 257 34 128 132 197 23 114 5 45 4 152 8 126
0 8377 46 78 47 1 93 10 9 56 121 49 115 22 81 76 190 18 34 5 92 22 208 71 5 52 54 152 34 82 74 18 27 53 56 207 93 12 263 26 49
0 8645 18 2 111
0 8647 2 4 14 86 31 32 1 5 41 13 56 16 156 35 14 127 21
0 8652 94 1 17 8 273 1 100 24 123 59 65 56 112
0 8699 16 47 79 44 28 70 57
0 8788 189 49 128 36 349 1 10 13 57 47 57 16 201 13 29 32 50 3 126 2 53 8 135 100 35 33 17
0 8933 96 47 165 3 109 23 107 17 21 22 6 84 72 20 151 5 20 8 58 4 60 15 29 89 45 36 46 109 30 22 148 36 137
0 8937 15 45 59 2 63 36 161 40 19 80 18 21 233
0 9214 86 3 129 42 162
0 9235 16 110 100 44 14 154 55 5 101 8 144 5 54 86 57 83 40
0 9400 65 3 347 108 212 45 11 11 3 72 152 69 141 27 98 21 41 30 22 2 41 12 51 35 40 81 80 13 131 17 135 9 149 68 45 183 49 83 61 3 297 66 5 80 3 7 155 174 64 97 5 25 422 61 6 80 99 1 160 197 219
0 9435 52 54 136 35 191 70 324 77 65 84 109 55 132 175 32 153 59 9 26 105 285 81 16 42 11 32 53 15 43 13 56 36 72 46 159 34 75 24 90 61 43 17 132 38 147 95 50 46 129 10 160 20 134 55 113 166 25 53 133 2 238 51 42 19 101 45 67 56 23 25 104 17 89 10 9 20 43 25 23 130 16 41 66 1 241 49 58 31 1 80 92 8 6 81 51 7 261 29 16 183 47 20 3 23 56 42 3 50 78 17 58 147 388 33 42 42 55
0 9669 40 12 3 24 44 193 40
0 9676 134 14 4 35 25 2 51 155 247 7 73 25 142 104 3 77 32 30 52 75 3 86 130 3 90 120 35 11 2 6 83 48 8 11 123 22 15
0 9722 11 58 104 108 75 50 29 26 27 121 94 57 12 37 236 43 129 27 128 70 23 9 256 33 9 17 101 60 162 58 24 14 168 154 346 73 200 12 49 11 94 144 69 29 58 13 98 115 93 146 190 140 77 87 42 25 180 1 27 25 83 48 216 56 44 84 389 22 37
0 9893 3 73 19 97 137 205 115 21 133 4 60 38 105
0 10447 148 9 6 28 91 13 55 17 47 23 135 63 454 83 28 21 113 59 64 164 167 13 85 59 14 190 122 16 157 25 99 22 223 22 120 47 352
0 10464 24
0 10658 66 14 37 4 20 1 8 36 249 20 31 6 9 34 90 5 125 13 113 65 226 1 26 11 113 20 38 63 41 228 93 1 96 7 6 66 119 59 260 134 89 14 77 34 22 16 252 3 73 17 114 94 43 10 1 91 36
0 10777 25 13 42 74 290 130 71 18 35 43 123 11 60 18 24 16 208 20 211 9 62 53 49 33 56 88 24 19 207 156 73 4 86 88 70 12 60 33 60 19 97 13 6 26 114 34 18 40 288 118 187 76 13 113 104 108 126 13 390 26 6 4 83 35 45 2 172 65 148 23 117
0 10947 43 21 128 71 205 27 43 45 160
0 11052 84 52 120 2 204 70 44 24 36 19 50 81 43 52 97 30 150 59 113 86 65 86 209 7 286
0 11063 12 12 7 81 37 6 80
0 11370 81 37 661 258 276 166 30 28 54 62 35 39 67
0 11615 97 17 224 12 258 37 21 44 122 10 245 28 146 145 50 32 182 75 32 30 159 13 129 37 219 56 17 56 12 126 9 148 26 6 89 57 70 111 23 44 74 57 277 24 88 55 23 7 184 175 61 23 67 3 82 5 86 113 94 50 52
0 11625 24 117 55 22 53
0 12097 61 136 225 72 87 122 50 100 113 179 62
0 12199 12 39 429 141 11 61 18 35 253 13 69 6 289 27 8
0 12291 1 69 456 4 140 37 193 5 175 8 138 102 51 36 40 38 7 35 32 143 94 71 58 20 91 22 33 1 8 44 118 13 20 17 136 44 69 61 41 32 158 12 76 82 23 13 21 280 234 29 86 23 36 21 144 149 124 65 595 19 16 39 148 6 177 63 178 1 17 32 46 8 6 29 51 1 23 44 109 62 4 87 63 238 19 18 57 116 10 28 126
0 12354 43 166 66 36 107 8 397 73 51 38 241 1 54 25 42 68 38 147 25 8 165
0 12956 9 35 11 5 2 21 317 1 135 12 75
0 13068 194 7 59 3 159 26 175 67 361 91 280 49 45 26 28 34 271 53 1 43 8 32 44 13 3 44 59 80 33 23 7 26 4 103 40 17 25 32 203 21 41 14 12 83 141 20 124 5 101
0 13158 59 55 240 87 157 34 31 97 130 13 60 28 113 2 65 19 61 13 53 155 60 41 52 29 51 58 2 2 371 199 91 87 64 76 32 36 45 15 31 60 7 92 61 12 172 8 73 153 102 28 79 9 6 11 163 12 171 88 3 56 222 56 186 37 60 31 1 10 75 53 59 69 67 5 120 151 79 73 285 146 114 76 81 13 77 17 26 2 35 167 123 129 13 17 77 62 65 11 74 30 79 28 68 27 279 18 33 160 28 18 12 70 5 5 60
0 13795 60 53 132 39 168 1 323 46 153
0 13927 60 2 140 8 26 37 61 12 250 44 70 102 133 12 11 26 2 73 171 51 141 30 46 32 138 6 75 7 36 14 31
0 14217 5 3 242 8 11 32 78 5 96 39 96 18 54 20 84 2 268 17 70 14 133 24 15 71 291 65 69 91 196 78 13 75 283 13 8 3 264 80 129 5 89 20 89 95 324 15 234
0 14361 24 135 298 34 2 2 79 25 81 50 39 12 44 32 19
0 14826 129 39 215 3 27 54 50 70 6 32 177 47 94 4 40 63 191 82 134 79 110 121 35 10 111 33 127 38 5 24 9 22 11 224 148 62 23 120 12 2 180 8 9 42 30 220 171 103 320 59 180 46 2 31 52 3 88 2 57 16 164 122 43 86 20 67 52 108 25 165 129 25 23 61 29 24 194 16 14 10 356 15 13 1 152 73 113 9 138 17 2 5 18 33 89 7 75 35 208 19 37 71 10
0 14837 16 128 24 12 405 91 34 6 286 98 366 7 230 123 89 64 2 157 78 136 24 17 162 29 6 10 89 14 14 9 8 26 8 52 16 32 456 48 354 77 43 28 107 38 8 42 41 17 84 8 188 40 27 65 117 14 19 126 133 147 18 25 42 106 53 2 83 135 12 216 48 56 124 69 88 107 95 86 31 72 26 36 242 32 55 30 175 157 148 36 217 28 137 40 113 91 60 9 110 10 74 24 62 96 139 198 2 157 22 194 65 38 186 8 62 148 53 86 75 7 48 22 41 48 59 48 1 27 7 6 40 21 48 24 129 21 122 30 87 197 32 1 161 87 111 27 72 126 192 2 132 117 152 32 146 68 77 1 72 149 19 203 13 63 136 15 23 78 102 82 18 40 164 28 86 82 69 46 5 13 460 8 97 31 310 17 156 84 49 5 367 65 73 106 117 41 120 75 111
0 15551 73 1 143 11 40 64 171 1 74 217 8 23 94 29 74 15 122 54 46 1 159
0 15806 105 22 31 11 146 11 13 52 49 36 17 46 74 75 426 161 55 46 42 65 219
0 15947 37 85 52 18 68 106 125 24 33 8 446 35 38 40 82 35 131 54 11 185 85 165 50 37 200 18 8 58 59 4 12 5 85 17 53 40 10 5 24 17 87 4 41 42 80 47 24 55 43 11 24 9 96 40 19
0 16152 119 39 180 60 83 78 259 195 105 105 118 27 87 134 112 15 183 145 52 20 99 45 94 8 60 74 141 12 9
0 16383 118 39 105 79 96 137 106 11 129 39 22 10 143 85 73 29 184 3 173 24 233 85 28 144 7 75 57
0 16599 46 141 5 13 25 8 283 59 116 45 371 24 78 15 107 43 82 42 172 2 174 259 1 66 75 7 98 90 61
0 17416 34 54 268 26 6 30 5 34 124 35 67 87 352 146 3 11 100 196 188 44 8
0 17495 12 322 19 5 236 55 716 2 56
0 17563 73 64 19 24 29 9 397 83 49
0 17643 106 24 173 48 387 74 51 36 19 3 4
0 17711 126 45 32 65 58 97 110 2 405 57 12 1 21 7 144 36 225 71 3 20 12
0 17970 149 6 80 2 10 18 42 46 37 19 66
0 18087 5 3 105
0 18144 11 36 128 94 23 172 1 87 101 30 207 18 321 13 132 123 158 51 73 42 68
0 18233 18 7 117 192 5 9 202 28 139 33 210 12 5 20 14 38 11 47 132 3 164 18 119 31 185 41 14 23 20 2 230 23 14 68 115 39 118 59 73 154 108 77 113
0 18551 23 43 80 134 31 58 65 9 13 40 11 36 41 59 128 34 158 23 275 22 76 37 23 71 82 31 109
0 18641 89 54 75 15 221 55 20 213 65 62 74 37 32 221 29 21 221 106 24 46 247 59 43 4 169 16 21 34 87
0 18815 123 4 127 12 171 52 76 3 444 38 144 6 161 44 54 5 61 75 72 7 323 7 70 12 5 80 44 3 112 32 135 9 11 7 28 26 98 17 21 143 122 45 133 51 132 51 133 151 41
0 18847 189 11 239 30 27 16 6 72 123 48 29 54 29
0 18924 8 31 55 24 80 59 46 5 135 14 9
0 19110 15 99 19 8 6 69 43 163 90 107 75 201 31 16 155 38 27 1 55 77 22 185 7 11 204 101 134
0 19189 46 21 8 1 159
0 19218 153 67 153 16 60 82 122 37 30 31 2 20 167 36 19
0 19221 27 65 45 37 190 30 141 28 176 38 49
0 19392 144 2 8 81 16 167 20 33 15 126 83 27 91 30 116 146 197 63 9 75 320 15 1 4 46 152 191 63 166 5 144 294 27 66 191 8 69 168 281 101 18 6 94 75 173 31 49 14 1 33 196 35 150 37 22 167 27 10 41 75 50 94 133 46 62 31 5 91 232 49 54 49 204 118 160 48 134 3 48 4 119 63 174 44 5 4 189 39 6 17 116 2 140 10 146 22 178 28 275 30 63 8 192 45 44 97 22 101 75 13 52 13 14 85 68 51 21 4 35 29 222 296 23 71 118 10 13 4 87 11 176 75 111 11 46
0 19421 31 30 343 9 148 3 6 29 46 52 22 8 19 18 35 219 80 12 136 43 140 59 93 14 14
0 20045 315 91 58 11 12 34 538 61 29 166 102 21 123 12 184 24 84 8 29 23 16 45 186 84 175 82 63 24 30 9 24 112 81 58 118 15 13 39 69 23 31 37 29 14 33 87 17 90 31 35 75 18 35 25 22 41 138 119 27 135 1 65 43
0 20158 28 147 11 46 168 34 11 90 174 7 115 18 313 10 305 124 107 11 44 25 30 37 45 33 12
0 20515 202 4 148 1 15 45 66 28 173 11 45 44 54 23 24 83 69 31 31 17 521 6 210 50 67
0 20813 103 17 3 1 19 57 122 87 67
0 20863 81 9 127 20 73 99 22 29 3 82 28 28 2 14 703 288 264
0 20883 282 92 46 3 16 43 26 27 15 87 92 112 65 12 159 86 22 80 69 13 16 73 261 91 77 3 3 109 186 85 94 109 251 62 154 4 61 30 232 5 199
0 21377 205 21 30 73 71 119 23 150 151 42 92 79 7 57 946 104 147
0 21615 101 20 216 56 64 2 28 161 28 134 103 17 1 41 112 48 26 34 137 76 23 2 24 18 245 158 174 65 58
0 22022 159 197 440 35 59 39 39 11 148 56 172 141 205 1 136 94 148 1 79 33 198 51 273 72 4 33 216 7 192 35 147 58 89 11 196 16 6 10 62 59 48 26 257 59 99 38 88 123 98 90 65 113 60 10 39 297 81 25 164 19 68 127 131 61 20
0 22359 130 124 48
0 22456 161 6 101 17 42 76 121 1 61 87 46 50 252 54 42 2 55 41 182 14 28 89 77 89 62 60 249 101 12 193 31 26 85 83 133 80 136 51 69 1 30 11 6 12 356 30 7 66 109 28 4 84 61 4 45 11 15 115 125 82 398 103 5 38 260 4 173 34 53 44 133 27 24 12 200 19 157 23 49 32 93 75 61 6 122 97 1 62 182 67 49 64 256 39 126 38 35
0 22980 83 101 11 22 66 36 59 44 53 34 137 10 6 147 131
0 23140 81 79 40 96 84 28 324 1 59 83 19 9 503 96 106 6 330
0 23258 113 23 32 59 64 82 219
0 23685 14 4 9 10 80 231 277 59 38 24 30 75 64 91 172 10 24 4 234 21 69 8 10 15 35 38 199 4 1
0 24027 123 107 139 14 40 31 79 10 17 253 91 197 50 134 49 95 49 13 34 70 21 4 161 138 18 50 73 56 116 6 36
0 24222 13 63 36
0 24442 26 18 77 43 32 4 80 38 39 65 678 84 205 106 223 16 100 258 29 20 29 45 27 17 131 14 19 208 220 58 14 30 53 111 34 33 90 21 44 90 43 159 21 4 249 39 10 138 59 15 85 155 223 12 209 41 139 90 19 13 71 18 43 138 34 53 2 15 213
0 24677 84 3 13 125 36 10 129 1 223 9 5
0 24680 70 67 9 70 146
0 24737 128 49 39 87 47 17 32 75 69 133 25 25 20
0 24755 7 13 21 46 2
0 25114 129 51 62 1 119 123 105 52 25 21 59 113 37 113 13 76 102 44 279 45 106 7 107 127 107 65 72 70 16 15 5 18 48 91 56 25 290 46 60 92 242 5 55
0 25195 38 35 4 21 20 119 103 98 109 42 9 5 149 28 78 6 126 50 3 167 142 21 29 111 36 28 154 23 121 8 17 1 214
0 25266 36 3 319 101 134 63 49 62 41 71 173 1 16 33 32 56 101 27 12 26 344 12 215 36 89 7 18 6 49 18 61 54 146 63 156 28 275 69 5 36 25 126 49 49 29 8 78
0 25318 113 69 384 24 164 21 76 43 139 108 73 114 29 59 281 37 25 24 55 12 243 70 40 131 84 3 16 28 97 119 18 28 64 4 81 3 61 159 369 27 58 62 104 11 200
0 25403 32 129 50 78 374
0 25410 246 84 104 68 55 45 10 9 64
0 25429 140 56 241 9 26 163 121
0 25491 46 73 25 89 118 28 76 97 45 16 269 5 255 24 84 22 25 76 33 166 4 60 1 50 79 21 103 107 27 10 8 25 103 73 31
0 25501 762 21 3 14 143 19 31 9 82 18 267 27 73 112 163 110 107 31 22 3 212 53 15 2 90
0 25538 45 2 255
0 25608 171 70 87 23 15 34 294 4 24 56 18
0 25720 52 3 14 8 275 25 267 17 69 4 25 100 139 1 41 25 61
0 26013 382 6 381 26 132 52 90 40 246 2 9 67 97 1 45 30 118 24 97 17 112 96 37 60 63 24 18 47 22 5 20 25 78 48 17 83 44 31 3 109 277 214 6 5 221 129 33 201 100 94 7 16 8 87 2 196 5 37 158 186 13 88 20 104 66
0 26090 23 26 149 1 7 39 79 158 42 7 149 8 44 52 67 9 11 6 26 2 14 21 249 55 162 12 106 41 406 115 62 37 288 14 77 3 28
0 26176 114 3 56 28 18 1 90 45 58 15 1 9 37 89 32 28 25 1 19
0 26260 8 31 71 14 1 73 280 32 68 55 113 87 14 14 289 89 141 48 6 33 359 84 152 45 173 26 23 150 54 124 67 19 48 5 255 92 5 18 224 60 191 29 56 55 105 27 168 37 99 28 348
0 26669 233 27 48 34 71 10 411 13 45 46 50
0 27050 82 6 155 58 111 97 79 40 7 24 15 56 60 24 235 113 87 52 33 56 146
0 27273 68 69 244 84 60
0 27280 281 40 82 29 87 49 183 38 69 84 73 36 222 16 275 27 62 117 48 9 158 39 84 40 31 37 145 114 183 33 128 38 40 24 13 15 33 19 61 95 8 94 181 55 116 123 1 113 37 23 74 2 55 11 36 38 99 26 123 271 58 48 140 3 40 29 74 55 41 17 62 86 14 4 6 36 111 143 33 222 59 47 64 35 310 1 36 93 21 16 18 74 160 62 142 120 28 13 49 24 14 36 51 93 22 1 27 152 75 65 144 45 223 109 223 16 3 120 3 32 180 25 74 6 301 20 30
0 27437 407 12 183 45 144
0 27557 6 70 182 52 215 22 89 31 3 17 164
0 27617 21 50 295 9 45 147 42 80 5 193 10 23 14 7 100
0 27655 214 95 58
0 27706 108 228 72 233 99 8 124 168 12 4 195 73 15 85 66 43 79 26 532 33 89 50 259 132 16 19 40 203 30 5 155 79 68 47 131 41 325 18 35 37 55
0 27718 95 5 18 26 385 10 72 56 1 3 79 33 42 31 628 116 25 27 265 21 61 15 20 65 126 5 35 113 228 21 7 111 23 16 13 179 201 99 46 144 90 4 143
0 27833 72 12 65 121 301 58 314 45 16 14 13 32 64 7 470 165 167 10 27 158 327 21 58 3 80 63 50 31 11 30 142 123 72 19 251 18 71 37 15 19 19 4 37 24 175 29 123 26 121 10 15 35 430 40 148 51 164 7 165 44 70 30 174 6 84 2 36
0 27841 16 16 42 6 103 59 174 63 48 9 47 5 152 13 124 48 23 22 74 27 64 2 93 72 141 173 33 46 185 165 28 29 356 133 17 62 132 3 67 28 122 1 51 77 49 26 719 67 44 90 6 13 157 141 254 221 20 25 93 36 84 129 156 14 126 24 26
0 27907 23 4 8 2 47 37 12
0 28294 227 22 154 16 2 14 31
0 28302 116 19 3 4 79 10 59 5 150 5 41 60 254 28 620 18 5 30 134 56 270 61 80 88 22 25 80 95 282 36 177 14 127 57 43 34 1 144 236 12 57 79 386 9 56 57 51 9 71 19 59 22 285
0 28311 20 58 153 177 7 134 17 94 44 43 29 10 146 6 137 119 57 13 194 13 134 41 163
0 28392 49 21 20 37 19 15 298 46 16 13 20 213 124 42 68 158 203 3 2 28 16 59 100 8 95 3 26 30 528 107 50 19 54 116 170 61 151 63 66 38 20 62 32 63 159 143 55 62 8 11 51 24 226 170 57 3 81 57 14 73 286 2 117 39 82 45 70 28 9 32 185 2 55 23 25 19 8 42 215 152 74 172 102
0 28443 262 64 92 81 89 7 62 6 40 5 83 45 6 168 202 88 70 56 185 26 7 32 32 23 43 35 91 55 48 77 7 16 60 3 98 34 56 52 110 111 338 46 3 1 5 6 124 66 26 74 105 80 42 94 24 18 93 19 25 41 152 79 407 1 74 31 36 132 14 148 28 115 108 48 75 6 146 82 41
0 28616 11 54 167 33 124 102 46 7 9
0 28756 180 284 177 15 12 7 38 53 114 89 42 48 37 110 91 26 51
0 28784 84
0 29402 50
0 29781 37 16 34 25 174 35 85 62 163 69 2 14 17 18 136 7 107 13 48 127 111 160 24 142 11 25 408 15 100 69 108 107 57 11 87 12 97 13 165 37 102 8 57 22 150 34 52 90 98 25 98 71 13 233 80 18 43 70 40 8 177 18 9 14 39 120 57
0 29935 519 74 580 9 21 211 229 47 113 66 348 16 183 19 138 200 66
0 30048 203 80 159 37 300 88 240 53 139
0 30272 331 30 27 70 65
0 30414 188 12 39 22 166 17 28 68 103 9 76 47 40 37 100 12 309 65 19 9 49 148 66 5 94 9 78 162 218 3 211 64 82
0 30510 18 1 9 18 23 5 70 59 21 44 117 79 62 3 40 160 20 8 144 95 33 48 26 8 107
0 30513 163 53 266 35 95 44 75 40 91 23 70 58 70 10 76 8 33
0 30612 9 81 19 27 51 58 228 300 14 16 52 5 91 204 230 11 84 54 168 14 16 9 135 60 57 72 43 31 310 48 7 54 19 10 39 30 334 28 249 41 75
0 30649 9 95 272 6 50 390 67 1 122 32 115 88 7 150 283 24 185 63 386 57 320 58 174 43 25 73 75 17 5 8 315 62 192 101 186 3 8 118 151 54 75 11 76 110 94 90 48 1 285 24 81 64 4 22 19 53 42 125 8 22 140 13 35 108 57 14 75 153 15 45 17 17 214 20 1 4 12 13 113 43 119 21 9 6 43 30 10 22 30 14 117 51 43 26 73 20 274 64 95 149 4 10 72 22 42 76 179 62 105 12 47 63 170 59 125 55 272
0 31005 14 58 44 56 128
0 31172 241 35 34 10 2 120 17 26 100 33 259 2 339 156 31 36 208 25 22 109 5 40 58 82 88 98 31 7 46 35 80 61 5 26 25 82 98 29 62 83 4 94 53 12 85 42 294 25 95 6 67 32 64 101 50 128 27 120 82 14 177 50 62 23 82 28 79 38 28 7 57 231 12 92 231 16 35 1 203 79 62 26 3 10 147 46 133 119 178 31 18 5 115 13 33 39 27
0 31323 135 83 11 11 31 29 4 49 85 75 148 85 145 27 92 115 30 117 127
0 31402 25 456 22 129 32 80 280 7 31 14 18 11 176 82 219 32 50 21 715 47 55 308 272 7 68 79 45 3 11
0 31477 144 19 24 164 25 3 79 2 37 79 1 5 28 5 330 27 14 4 53 147 530 26 30 56 46 135 7 28 151
0 31645 252 63 94 133 216 19 28
0 31727 19 68 41 165 29 45 241 14 122 17 47 30 137 126 111 1 169 45 1 70 97 9 35 5 51 104 75 59 29 54 46 4 54 87 31 22 36 77 8
0 31779 2 63 40 72 130 13 277 3 96 29 149 2 480 123 91 41 21 26 197 187 247 19 17 27 184 52 99 7 346
0 32135 54 220 63 24 91 106 42 7 85 22 52 3 43 72 63 173 2 6 165 17 111 75 40 23 68 14 146 154 37 2 25 25 15 35 97 46 62 72 145 141 112 40 53 129 72 123 598
0 32213 25 128 26 25 163 47 76 33 244 13 77 67 51 78 349 25 82 92 158 33 41 44 102 54 131 125 41 15 206 46 72 8 160 7 67 130 28 32 60 34 23 2 13 16 22 40 66 49 27 22 48 10 110 46 178 12 231
0 33076 35 97 74
0 33228 185 37 188 225 18 21 381 155 28 194 127 57 135 2 2 46 29 8 57 14 111 107 23 4 60 62 139 2 298 42 63 79 34 86 144
0 33497 248 24 227 32 28 52 214 13 26 46 74 98 47 348 84 8 103 33 269 20 86 10 28
0 33714 151 60 64 20 33 28 50 56 215 34 57 15 132 21 113 124 10 23 294
0 33882 62 1 33
0 34039 56 89 66 15 49 14 135 50 231 15 25 16 115 37 89 89 186 92 179 74 15 7 40 36 47 1 49 9 184 64 52 44 42
0 34183 17 29 47 36 30 12 35 51 99 30 167 34 404 93 79 44 9 7 254 41 77 45 1 32 85 50 4 106 36 10 202 51 65 117 20 20 12 23 50 33 37 56 73 94 29 43 31
0 34315 44 30 7 24 69 9 355 21 153 12 98 34 150 124 42
0 34334 372 65 42 14 169 39 5 15 115 78 131 155 12 49 52 51 18 4 94 40 128 13 3 25 34 80 10 9 95 8 59 166 32 9 105 12 62 50 47 98 19 7 9 68 77 15 21 8 49 111 13 6 212 49 104 70 112 51 139 9 28 9 100 66 215 62 77 15 50 1 137 5 86
0 34462 167 56 64 3 167 4 49 116 4 1 126 30 12 63 21 29 38 61 106
0 34492 49 7 145 7 104 4 248
0 34584 76 24 121 171 122 78 5 80 76 10 95 5 71 96 119 40 31 25 11 61 86 91 195 62 10 6 194 18 40 44 3 81 145 4 53 2 234 15 117 4 48 65 80 22 1 78 352 10 108 15 39 18 67 16 121 4 167 15 62 63 69
0 34634 121 10 64 29 153 2 14 12 187
0 34743 54 13 5 8 17 77 93
0 34953 86 55 91 89 6 66 15 151 23 2 47 18 43 27 102 6 143 73 162 10 29 102 73
0 35062 40 36 303 23 71 6 11 61 66
0 35219 12 44 39 40 118 65 128 6 26 7 19 2 155 43 94 108 107 40 176 15 193 74 30 50 71 113 55 9 14 1 121 8 13 55 143 9 216 66 3 66 82 38 129 1 168 107 28 27 277 41 1 15 39
0 35401 25
0 35559 46 11 9 144 160 35 39 23 146 8 69 55 193 6 4 17 185 1 3 49 63
0 36134 80 56 110 27 34 57 5 55 61 95 113 18 100 81 206 29 314 14 27 93 10 66 16 69 75 145 59 14 304 2 31 31 243 23 42 12 51 15 72 135 76 25 17
0 36249 10 36 10
0 36269 177 49 20 37 26 29 34 51 152 30 33 121 50 92 54 49 41 75 13 70 11 59 87 3 57 19 164 42 5
0 36426 17 30 336 56 8 71 222 1 29 17 147 33 119 48 122 7 46 3 232
0 36428 93 94 2 50 412 21 20 61 10 5 17 85 57 72 3 4 8 65 61 47 6 37 51 19 102 12 71 31 81 163 108 101 120 10 57
0 36584 45
0 36879 8 10 104
0 36880 21 105 25 45 32 64 9 24 83 51 315 97 204 132 83 13 14 130 276 53 212 19 185 36 78
0 37196 31 108 22 19 53 35 129 40 22 89 103 105 23 152 66 19 3 49 25 16 90 75 7 46 46 32 359 36 12 16 7 102 17 161 100 8 64 7 189 5 209 7 46 39 497 76 25 139 30 3 97 26 56 11 196 16 99 83 183 12 169 49 9 18 2 58 15 17 31 143 71 68 92 174 20 77 128 18 88 1 20 112 247 53 14 31 16 105 100 29 189 26 78 7 62 16 120 289 328 21 16 82 47
0 37292 36 47 71 11 33 38 33 26 221 98 52 18 116 97 107 65 20 12 68
0 37474 114 10 135 112 73 74 292 25 23 31 11 19 143 4 89 49 25 9 23 64 165 96 98 24 37 7 60 217 37 60 2
0 37805 52 57 8 45 87 33 24 76 12 15 284 127 178 14 30 16 36 38 38 51 41 201 15 83 43 74 445 2 26 63 101 82 68 50 172 131 41 16 317 7 92 65 93 24 359 60 21 15 24 7 46 108 268 75 96 27 57 48 186 6 123 25 48 81 52 6 21 166 44 36 3 100 16 36 12 37 66 1 261 32 21 2 11 9 40 41 105 3 37 48 39 125 176 21 121
0 37820 9 20 223 11 38 19 644 23 17 111 20
0 37865 7 99 84 15 37 81 228 106 123 67 122 8 14 27 29 53 28 26 44 23 25
0 37942 23 15 149 120 52 31 28 60 48 9 47 6 149 45 144 4 52 42 27 28 77 1 40 77 96 15 127 98 13 34 158 28 171 12 223 22 11 6 58 23 22 87 46 65 108 113 157 109 30 14 165 86 113 3 118 75 50 20 80 33 120 46 93 108 256 114 278 19 37 102 66 8 116 7 49
0 38072 36 83 251 50 15 17 92 57 36 34 160 139 47 12 205 71 27
0 38080 95 17 8 78 125 70 51 31 84 10 21 25 67 1 88 19 105 37 50 77 290 41 111 38 19 123 113 16 78 140 48 38 167 43 299 112 30 8 10 3 7 217 260 58 83
0 38221 14 33 16 16 379 28 69 20 284 24 74 30 83 32 2 52 32 347 86 134 98 1 85 12 135 171 98 65 112 29 120
0 39111 105 14 41 108 11 192 19 61 248 42 111
0 39622 119 65 148 11 23 34 7 21 98 15 58 120 74 23 10 45 63 19 258 64 96 18 5 81 100 18 173 6 25 37 202
0 39719 147 42 20 18 240 63 30 11 191 34 256 8 35 13 13 107 39 25 9 8 71 98 19 60 9
0 39790 113 81 6 5 178 9 269 193 112 13 20 6 204 29 19 14 159 121 43 52 221 84 127 5 53 32 170
0 39806 54 65 142 55 186 25 69 4 2 106 98 28 48 185 49 70 748 33 37 81 1 26 73 150 35 54 53 53 118 2 56 80 23 75 65 10 95 84 61 33 9 23 10 31 123 67 320 19 31 11 14 84 81 166 32 79 114 14 103 129 131 183 46 21 4 78 243 28 8 42 74 68 98 73 79 22 84 39 51
0 40289 11 70 60 58 54 21 62 142 206 9 78 35 68 92 130 12 27 71 17 92 3 32 86 79 94 92 38 19 80 47 225
0 40440 12 10 271 26 312 41 3 59 25 67 170 3 85 33 192 8 56 4 1
0 40710 94 7 77 14 88 29 234 73 4 42 80 3 46 71 71 29 148 1 18 20 91 15 26 30 298 36 74 71 87 19 223 75 79 18 79 23 239 5 188 27 141 58 3 44 131
0 40745 78 57 61 125 164 15 16 37 31
0 40950 5 108 178 33 81 7 82 14 59 35 48 51 11 101 115 5 276 38 221 11 7 14 125 9 203 66 32 136 36 72 92 11 275 30 222 96 175 60 263 17 85 1 67 65 68 91 197 39 50 12 29 13 19 51 65 133 79 163 46 64 7 99 34 63 13 186 33 16 133 130 296 79 162 5 51 23 182 21 60 8 69 38 13 24 176 8 27 105 122 37 39 3 448 12 15 119 109 46 114 11 91
0 40960 265 66 133 38 55 5 173 56 48 29 36 4 210 35 1 61 122 9 25 8 5 50 211 41 155 27 263 152 6
0 40971 30 51 19 2 42 17 112 39 4 41 126 69 76 3 1 120 7 27 232 34 68 45 324 33 3 75 260
0 41036 216 35 48 64 300 106 82 26 159
0 41073 160 17 126 18 125 46 318
0 41111 25
0 41214 52 1 97 20 25 121 95 113 3 13 286 2 128 37 72 9 108 30 16
0 41367 47 33 110 54 16 31 7 23 104 25 71 9 181 27 1 21 37 9 1 73 20 37 128 74 50 96 234 2 166 21 20 54 258 70 11 50 258 2 313 55 1 20 67 34 185 3 13 56 203 10 47 178 202 32 52 1 2 19 46 9 23 162 55 42 106 15 317 67 162 89 41 24 424 115 317
0 41441 25 18 63 17 14 46 243 180 62 55 189 43 94 3 72 53 55 42 14 34 27 34 152 37 8 44 7 46 19 6 162 160 133 33 321 11 69 45 23 54 114 14 208 29 151 9 109 3 14 131 244 29 27 111 47 11 132 2 13 19 23 6 84 216 14 26 142 57 17 9 81 57 14 121 465 1 49 39 182 53 106 23 23 46 15 43 38 2 65 25 80 31 249 86 81 118 46 24 50 2 8 146 136 67 22 36 166 63 407 148 126 53 12 50 28 48 64 67 20 27 208 31 414
0 41474 77 7 61 102 33 10 90 11 106 106 16 33 33 18 35 100 76 34 23 78 7 54 20 118 16 13 5 86 9 165 174 13 17 24 29 71 197 13 12 51 49 102 104 95 61 60 40 1 75 10 91 1 60 12 223 4 20 30 69 14 41 29 17
0 41583 11 45 43
0 41941 11 3 44 10 85 73 8 48 2
0 41990 15 53 35 7 117 25 91 6 1 146 2 198 80
0 42131 2 158 70 135 81 19 97 20 164 77 24 98 6 33 22 6 59 124 57 61 57 12 102 22 120 82 21 13 20 54 191 37 60 107 8
0 42172 14 12 67 10 63 27 125 37 15 53 152 34 31 11 67 19 88 40 4 120 42 97 69 27 89 52 115 8 149 1 41 333 134 6 186 35 30 32 376 24 155 47 199 27 61
0 42729 20 5 169 142 3 99 283 81 126 11 126 81 30 27 50 89 71 39 126 28 11 11 30
0 42754 12 36 21 68 179 82 118 7 47 1 401 109 118 38 40 6 7 89 24 33 110 92 279 5 73 23 95 36 34 43 109 2 104
0 42821 135 49 249
0 42858 129 108 546 34 204 78 119 19 94 34 685 78 202 64 182 67 11 10 8 47 171 75 116 14 65 46 75 118 323 8 54 13 66 3 32 65 1 14 52 54 37
0 42920 99 39 141 29 58 13 50 124 8 73 111 12 81 5 43 19 120 13 41 7 59 72 124 21 64 25 29 36 42 11 164 6 26 17 179 114 91 54 141 5 5 42 92 99 19 37 74 2 74 41 55 32 189 26 182
0 43207 44 69 86 93 111 41 121 12 1 3 48 100 101 16 9 2 12 95 289 77 158 9 24 157 114 1 111 35 23 32 88 79 248 15 211 50 75 6 21 33 32 2 5 6 95 9 142 3 459 14 36 105 75 30 34 14 328 24 18 9 41 18 90 87 93 6 177 6 20 11 94 18 5 33 41 63 55 4 93 10 318 1 40 20 177 16 82 196 120 48 66 12 10 40 44 6 88 1 112 90 25 36 89 51 90 1 57 4 82 39 10 235 119 174 45 13 62 153 57 11 108
0 43289 127 88 2 7 141
0 43465 56 140 19
0 43498 167 54 21
0 43557 153 66 42
0 43787 166 9 263 12 39 122 57 125 19 24 271 10 61 24 42 77 349 5 194 37 155 2 38 110 175 30 57 153 49 3 35 157 149 83 56 43 300 17 52 104 3
0 44055 67 9 39 63 9 204 8 15 367 40 85 130 75 43 96 25 11 2 99 67 87 37 127 104 96 66 14 45 86 165 4 3 81 68 118 3 173 57 207 15 514 11 154 5 37 65 210 69 149 31 105 124 50 12 352 31 14 47 72 15 30 73 78 1 84 22 154 7 193 42 6 95 81 2 364 33 109 14 87 25 94 28 64 28 70 158 226 28 2 50 66 66 17 28 19 18 40 108 140 106 92 63 53 52 19 27 197 119 16 6 12 39 19 54 18 67 96 23 203 30 367 13 149 85 76 3 197 20 116 53 15 11 259
0 44137 145 10 130 146 48 4 199 9 1 2 2 56 106 38 55 25 20 22 133 84 84 2 6 58 23 16 22 51 277 15 86 133 11 11 63 6 68 37 55 14 129 6 446 13 295 109 113 26 10 17 20 115 31 10 95 293 201 29 48 10 33 123 117 7 127 1 115 32 2 28 13 24 69 15 52 1 37 7 78 93 76 9 34 63 101 10 40 83 68 33 134 9 24 80 93 52 88 35 95 29 137 3 6 12 2 4 50 3 65 76 298 34 7 9 157 2 41 1 17 27 12 4 7 2 42 10 213 9 70 124 92 7 102 53 90 11 14
0 44280 49 61 223 13 456 2 30 137 111 60 129 46 33 35 2 14 6 167 169 106 239 20 59 14 229 8 57 14 6 21 103 62 71 25 174 11 26 27 34 16 144 58 302 9 17 21 16 21 41 20 52 34 146 25 286 77 30 82 114 55 112 43 51 1 371 255 23 39 177 94 50 53 23 9 135 331 64 42 87 168 14 9 10 8 46 13 390 79 241 9 24 1 321 12 26 41 45 16 20 35 5 209 99 43 43 19 91 108 365 3 18 95 45 39 48 2 83 37 10 3 15 73 5 30 21 20 150 13 50 44 233 53 148 5 221 50 5
0 44515 46 44 58 10 112 27 192 16 103 7 36 19 112 24 105 21 1 32 21
0 44560 47 56 33 4 214 80 5 23 159 184 233 13 78 21 32 10 20 8 79 36 112 24 268 45 9 97 81 52 72 4 23 182 182 36 263 58 161
0 44618 24 17 75 50 13 75 116 66 64 19 92
0 44643 216 3 77 8 183 19 213 35 100 13 430 64 65 36 64 151 37 32 344 103 8
0 44915 89 40 45 102 117 84 58 58 49 128 9 16 316 56 264 135 72 306 17 12 9 16 227 192 110 49 136
0 45132 81 6 195 10 39
0 45365 143 74 200 7 150
0 45668 39 12 110 344 106
0 45693 13 96 46 132 57 65 12
0 45849 6 93 25 43 5 113 224 55 36 39 55 26 92 27 391 117 149 112 180 70 70 67 137 129 47 18 78 18 19 28 171 2 46 47 13 12 85
0 46074 16 9 13 28 56 20 220 15 65 40 87 10 26 109 27 41 232 30 3 33 33 13 26 26 44 91 52 41 52 34 51 89 110 34 63 27 398 68 84 36 95 60 32 4 52 87 41 68 22 5 31 42 18 61 67 2 33 13 255 6 77 2 241 8 31 39 25
0 46309 132 3 136 18 305 40 171 36 215 359 42 14 415 93 69 30 8 51 194 31 49 293 157 105 14 49 13 283 90 79 105 43 215 172 42 113 63 248 81 58 44 43 4 45 11
0 46409 23 33 375 5 107 74 100 47 201 17 12 165 47 13 130
0 46541 18 126 35 106 175 97 36 79 111 6 15
0 46632 23 10 37 134 29 84 4 168 32 12 86 40 31 11 310 60 32 40 51 72 147 47 144 23 246 20 79 6 203 100 3 15 115 81 169 86 80 8 143 52 42 102 60 103 67 46 30 65 25 53 340 12 13 1 36 50 111 74 194
0 46674 184 127 23 45 97 52 108 29 55 80 116 1 153 16 101 6 38 109 53 1 32 119 137 4 238 154 22 64 58 30 33 60 186
0 46690 201
0 46789 7 17 222 1 93 12 58 28 61 5 30 136 58 4 167 3 257 11 79 43 107 30 327 64 33
0 47041 62 53 82 5 491
0 47428 57 34 18 188 54 20 27 129 124 46 84 26 235 12 67 85 65 22 258 99 11 88 428 35 12 13 83 4 60 11 30 40 116 5 33 113 38 13 64 106 26 6 37 25 27 15 64 33 28 2 127 89 45 3 118 30 1 73 225 45 5 7 24 72 41 17 19 130 1 6 157 24 142 75 212 179 81 29 88 63 39 24 44 28 184 29 173 43 62 60 94 89 7 83 161 337 117 16 143 28 10 283 153 60 2 36 61 113 440 85 157 2 38 81 143 47 42 44 47 48 12 85 54 1 58 25 140 8 71 14 37 27 105 24 2 131 13 22 84 23 80 11 25 8 49 26 141 5 114 82 86 2 77 25 207 308 325 38 11 26 5 145 37 7 18 202 45 7 66 27 201 90 287 4 27 35 381 6 80 40 41
0 47691 174 70 106 60 221 69 17 117 51 25 95 51 134 79 127 39 138 122 362 3 18
0 48187 182 2 127 9 78 185 31 50 203 48 333 41 45 49 188 16 28 43 3 127 321 34 171 143 252 24 3
0 48194 221 120 300 15 10 51 145 19 46 1 158 12 240 46 164 117 1053 11 23 30 164 51 48 23 199 24 251 43 98 97 43 39 205 105 63 79 153 47 13 127 92 2 17 84 120 37 12 3 210 69 2 47 33 12 213 14 19 29 82 43 34 67 61 51 10 78 43 1 53 1 79 26 93 22 185 1 28
0 48375 74 53 232 8 37 45 32 40 61 18 2 26 83 95 56 58 163 74 38 6 551 13 138 168 80
0 48442 94 55 15 16 9 47 291 9 41 46 17 44 149 69 151 51 181 36 12 37 13 7 124 70 76 4 55 20 92 140 77 130 98 54 99 117 6 2 97 2 168 14 149
0 48579 44 2 12 47 179 9 4 5 127 97 96 25 89 28 51 125 22 28 138 48 69 10 130 210 427 145 21 61 24 44 149 14 227 102 56 37 99 36 37 7 64 10 47 41 8 19 53 93 68 4 307 13 31 15 62
0 48694 10 125 115 29 10 38 237 43 47 3 55
0 48833 16 195 373 62 70 16 89 54 78 11 47
0 49263 84 86 49 3 29 7 173 66 267 71 100 9 312 35 164 23 64 11 56 9 19 72 323 78 112 21 57 121 49 63 114 35 21 11 76
0 49717 62 35 36 16 24 124 58 7 50 170 46 43 286 33 61 33 131 30 183 49 78 20 3 25 4 47 12 4 34 40 18 48 86 16 97 44 68 149 659
0 49807 115 61 15 35 382
0 50167 209 39 210 63 79 10 57 127 1 16 93 1 145 4 6 4 19 37 53
0 50341 15 45 91 35 94 92 4 81 28 4 172 15 87 77 94 11 156 65 231 12 20 188 35
0 50463 202 39 20 49 149 23 33 54 110 120 52
0 50589 209 40 52 2 35 8 25 25 76
0 50919 115 8 18 8 67 31 227 41 165 50 102 106 15 15 48 5 22
0 51083 20 63 58 17 44 47 150 44 356 169 12 6 47 66 39 49 23 1 60 59 41 6 94 65 142 23 81 14 32 66 98 24 126 6 57 56 253 23 443 226 12 5 47 18 166
0 51108 6 84 108 240 145 50 70 126 13 21 23 40 249 29 137 43 44 41 171 32 4 17 52 2 22 61 97 6 52 11 59
0 51194 22 44 17 26 136 2 275 43 4 151 47 25 92 9 51 33 193 50 35 11 114 58 170 47 679 209 37 136 260 57 185 16 3 5 26 31 179 171 387 73 82 21 16 55 14 12 218 28 74 68 33 33 40 53 102 55 482 70 9
0 51208 151 60 174 19 5 90 9 33 19 44 45 8 114
0 51273 108 31 59 34 126 74 15 5 99 9 14 45 32 25 96 1 247
0 51336 131 42 49 16 99 35 72 204 42 1 45 93 48 13 18 103 153 54 345 117 85 43 80 22 35 6 37 34 236 40 38 35 111 12 2 8 166 205 107 134 94 5 51 4 348 43 164
0 51467 100 57 22 56 59 4 25 48 160 8 25 107 4 57 49 29 25 117 20 9 105
0 51626 166 133 56
0 51964 203 151 57 1 32 4 106 24 142 31 11 75 30 18 7 63 89 28 119 12 3 28 46 60 44 17 16 27 1 87 227 163 67 16 25 129 10 6 121 12 57 112 133 5 198 66 6 10 5 140 138 3 110 147 38 87 263 23 109 3 14 7 99 69 20 102 89 3 31 80 73 71 26 4 45 108 74 203 37 26 110 31 388 59 24 63 179 42 27
0 52073 11 9 124 2 90 30 219 46 48 53 100 16 81 29 84 5 151 3 65 38 68 5 25 50 83 24 237 83 250 33 6 3 68 184 110 22 186 8 33
0 52338 9 20 89 2 163 40 84 5 133 2 192 27 92 116 112 3 66 1 37 47 140 54 256 93 136 249 96 21 42 112 47 7 203 77 38 120 132 41 187 38 20 55 198 3 98 22 7 210 77 27 258 139 200 112 96 69 36 319 34 7 70 79 218 164 92 21 60 53 120 62 76
0 52414 102 109 99 31 71 8 70 62 29
0 52420 50 162 22 24 243 154 22 34 159 85 55 23 18 11 58 23 292
0 52445 188 9 128
0 52501 37 42 44 171 261 35 66 14 358 114 40 19 29 1 122 11 133 27 49 23 3 12 90 78 56
0 52766 17 45 133 40 5 33 63
0 52819 173 22 1 70 235 89 80
0 52952 46 7 229 4 114 10 227 70 148 102 97 164 9 7 95 177 43 64 116 128 83 29 64 97 143 16 105 125 68
0 52979 31 55 48 1 209 61 795 132 162 8 171 4 124 28 26 28 210 6 40 25 319 43 72 18 132 22 101 189 29 152 352 17 52 55 290 41 332 7 594 98 79 93 183
0 53235 140 16 121 34 118 46 18 17 138 18 56 3 67 27 24 155 107 26 69 117 16 1 74 32 287 36 20 39 50
0 53262 49 11 7 128 24 39 72 82 21 23 2 53 25 48 235 136 62 53 105 55 95 5 194 17 137 46 108 21 7 19 1 12 97
0 53580 108 31 71 99 323 6 42 28 48 44 196 90 140
0 53598 26 19 175 2 92 21 63 16 26 123 229 20 125 36 37
0 53768 74 87 3 39 72 19 32 19 63 93 239 113 67
0 53779 44 10 425 89 6 23 3 32 112 1 42 88 183 84 60 26 58 23 44 18 7 11 311 39 16
0 53974 8 51 88 28 58 140 9
0 54066 251 23 14 92 65 114 68 50 22 131 29 14 167 67 19 108 55 29 34 84 7 31 195 51 84 82 69 17 198 1 128 14 21
0 54241 26 66 207 81 252 4 5 15 9
0 54394 37
0 54402 73 9 120 4 78 134 68 35 16 12 32 32 60 109 27 91 65 137 1 139 64
0 54501 22 16 172 73 1 27 161 127 20 109 146 63 60 47 12 150 18 1 520 34 45 121 44 125 129 8 156 49 12 81 24 10 3 28 151 7 141 195 2 38 43 83 109 31 71 100 114 95 9 56 86
0 54568 183 84 6 75 17 34 58 5 28 7 111 9 10 24 86 1 39
0 54701 24 12 452 4 69 82 296 123 101 102 73
0 54968 109 53 242 25 135 31 158
0 55017 85 25 13
0 55108 8 7 17 53 18 45 160 196 242 90 131 27 43 31 177 3 4 9 14 27 96 6 20 28 38 42 126 22 148 18 40 116 21 12 217 5 15 66 57 62 72 39 74 7 111 1 48 8 24 35 215 38 194 41 167 83 66 18 2 278 124 12 232 19 66 33 198 65 65 113 133 5 145 144 104 27 184 34 52 69 163 91 37 16 150 42 29 20 60 53 409 3 36 153 226 140 19 178 154 38 154
0 55541 10 23 98 31 127
0 55829 69 31 11 12 95 164 15 52 222 94 14 13 100 54 163 197 35 105 402 23 57 4 10 19 5 19 68
0 55997 148 1 30 126 27 3 24 8 63 66 97 53 87 32 94 22 29 102 4 27 67 18 16 50 106 98 58 7 97 75 216
0 55999 53 48 139 36 4 83 398
0 56005 82 139 47 4 75 17 107 1 55 60 10 35 401 29 110 20 21 201 30 33 336 5 25 31 62 20 66 117 37 80 70 9 267 124 47 154 12 258 43 21 58 80 237 56 48 50 15 161 118 1 1 124 373 105 55 30 8 120 111 9 100 108 7
0 56013 379 112 113 34 43 168 72 9 180 13 51 41 46 47 42 46 35 66 22 77 5 4 299 83 100 69 68 85 78 11 44 64 67 37 94 51 103 5 379 26 368 88 279 45 24 12 13 22 336 6 11 32 179 26 111 66 104 41 89 84 95 5 40 9 147 37 75 28 5 19 61 128 26 65 95
0 56063 403 20 135 97 93 22 2 13 13 36 60 43 66 3 62 23 83 29 21 22 52 27 254 12 56 49 316 35 5 26 38 66 75 138 122 19 153 166 31 15 39 138 27 11 292
0 56281 74 11 24 48 61 102 76 3 17 4 16 119 210 14 187 9 63 75 96 22 45 67 4 7 66 45 88 23 34 15 13 28 105 81 65 129 128 101 141
0 56370 52 89 41 12 62 10 18 5 15 75 34
0 56680 92
0 56943 57 6 136 152 108 17 79 59 22 3 24 13 1 7 244 44 24 10 23 114 46 59 67 6 154 99 12 151 226 109 66 38 307 13 142 123 103 55 132 90 11 49 37 56 15 51 16 50 13 2 42 130 280 24 24 24 39 106 30 19 6 65 50 29 126 10 48 15 69 36 33 43 52 167 29 145 35 25 182 6 18 47 21 11 128 82 26 108 76 11 3 105 105 15 188 41 253 12 71 19 14 15 123 3 95 18 243 81 128 78 33 10 86 58 151 3 29 14 50 46 79
0 57231 49 72 195 80 149 82 69 47 236 6 42 40 106 40 376 141 204 21 27 15 439 72 11 156 10
0 57240 224 67 16 24 212 9 32 22 119 128 36 13 76 60 3 12 39 82 40 24 252 115 37 92 48 22 101 31 203 14 301 19 242 14 43 18 135 1 10
0 57332 2 122 225 53 242 155 75 87 11 48 8 78 28 120 82 56 95
0 57347 120 2 79 57 67
0 57398 286 46 30 55 48 54 157 121 1 12 30 24 139 50 93 1 30
0 57532 114 33 46 93 229 21 101 7 40 41 109 179 30 209 61 12 126 188 414 32 123 86 223
0 57556 171 97 58 90 50
0 58093 153
0 58097 21 38 277 7 19 2 58 108 20 4 51 57 114 14 132
0 58332 72 37 144 107 196 11 20 50 7 6 39 228 98 45 171 37 95 88 39 92 31 42 97 21 109 2 165 129 147 17 140 15 28 37 34 82 50 6 9 11 79 26 370 18 127 1 15 23 53 4 191 6 94 79 31 33 260 20 89 61 188 8 111 56 113 5 132 71 122 3 50 26 64 194 138 24 174 30 50 1 85
0 58561 169 9 122
0 58623 153 33 33 55 155 40 37 126 192
0 58840 68 119 84 2 71 5 1
0 58929 38 11 10 129 21 9 187 33 15 2 67 41 80 44 19 192 110 77 52 163 129 42 36
0 59057 25 1 56
0 59513 63 84 155 87 23 25 6 6 259 21 187 14 264 8 72 15 54 9 87 37 143 7 7 6 100 29 36 98 129 116 145 74 61 16 295
0 59676 52 11 34 78 106 103 56 38 16 76 53
0 59714 13 38 58
0 59855 63 70 82 35 15 31 178 40 39 71 191 66 22 15 177 57 166 4 30 34 67 20 119 23 30 17 1 9 108 12 37
0 60141 418 24 66 14 12 88 113 1 254 109 108 27 114 76 91 2 72 23 46 29 193
0 60253 101 3 181 77 1
0 60440 180 10 185 24 142 130 33 4 20 67 338
0 60542 194 94 31 23 33
0 60680 67 3 165 30 45 37 163 22 98 20 17 19 135 24 13 10 90
0 60767 45 57 506 80 54 4 89 33 10 16 140 24 45 22 154 102 13 52 170 43 94 17 161 179 3 23 5 15 74 84 83 38 73 107 44 102 17 31 11 146 3
0 61058 41 17 48 103 224 140 274
0 61097 70 6 229 96 4 22 27 124 58 105 39 56 211 16 7 7 79
0 61474 36 8 134 46 125 6 105 61 33 16 219
0 61481 39 11 98 50 147 36 90 130 101 11 2 11 22 5 1
0 61671 55 24 101 38 46
0 62104 124 73 62 47 68 100 116 34 105 49 274 80 18
0 62281 33 13 97 1 232 57 72 88 64 14 161 65 107 7 6 76 23 26 11 1 74 69 147 80 34 30 350 30 127 12 204 51 83 47 48
0 62412 45 11 45 42 167 41 56 34 225 2 15 23 64 11 2 111 194 8 165
0 62506 4 22 7 62 138 119 74 56 3 4 144 54 239 17 53 22 51 63 156 15 135 55 33 1 59 20 19 39 69 64 268 80 186
0 62619 38 11 62 143 27 80 31 67 24 40 5 85 15 15 60 1 103 14 45 12 385 4 90 3 203 120 316 18 155 122 79
0 62838 32 4 142 55 17 12 167 179 41 265 195 22 9 8 6 34 104 148 85 28 28 10 41 1 199 10 188 8 127 11 83 30 41 159 49 107 95 28 182 37 35 91 68
0 62849 32 1 38 119 9 140 15 43 30 6 12 21 29 116 32 32 89 24 13 31 89 22 65 79 92 159 113 142 29 37 229 142 248 19 16 109 173 15 47 73 24 4 92 9 106 37 247 4 157
0 63396 11 84 15 9 127 33 98 18 35 86 122 148 99 34 1 8 92 25 39 165 84 15 29 42 86 111 37 2 58 22 33 113 352 12 33 28 50 12 197 25 5 11 30 42 11 99 45 39 140 6 74 44 270 18 160 35 10 22 62 96 231 2 185 172 25 50 143 38 91 72 150 28 7 36 61 33 74 51 110 66 75 52 161 19 67 7 24 16 90 20 8
0 63400 119 2 30 83 18 43 84 159 158 21 291 4 3
0 63492 91 73 41 60 92 30 249 27 21 64 111 16 107 16 103 50 85 41 174 89 23 6 89 1 29
0 63555 46 49 5 2 97 12 39 11 106 28 77 118 59 15 255 60 321 9 47 118 19 72 86 85 3
0 63631 115 18 325 11 139 4 48 5 213
0 63683 89 5 283 71 54 83 68 26 38 2 70 5 44 99 81 74 22 20 318 16 20 4 169 6 27 8 142 32 37 27 107 140 50 63 19 30 39 56 144 12 39 72 144 56 60 4 7 31 29 118 41 51 105 134 5 14 46 31 1 18 13 5 321
0 63828 105 47 60 60 141 24 172 50 143 35 123 65 20 11 49 9 2 27 29 10 28 1 207 28 14 7 56 7 122 39 102 6 128 94 11 125 4 28 271 78 30 85 16 51 145 42 7
0 64600 38 37 103 111 250 124 105 11 21 111 37 92 51 20 96 42 112
0 64645 252 15 250 6 142 114 241 74 39 2 57 9 27 40 69 1 6 8 81 11 219 32 87 25 70 41 176 15 62 14 14 7 28 1 33
0 64677 276 3 244 43 561 49 37 51 134 19 28 79 44 17 182 28 230 207 73 2 1 57 350 24 53 8 68 34 69 21 19 17 45 379 39 3 14 141 88 22 119
0 64730 208 160 28 6 332 1 19 12 39 250 77 24 39 34 55 60 31 9 20 63 20 17 29 15 182 6 15 1 106 53 41 44 276 78 132 25 211 126 423 28 19 31 10 100 273
0 64758 43 3 58
0 64855 48 12 14 80 102 82 202 53 25 82 21 34 162 1 9 37 35 72 74 5 1 81 21 97 33 5 256 45 21 16 89 33 169 1 242 91 8 55 68 31 74 4 120 16 11 18 105 39 173
0 65124 112 74 208 9 55 126 59
0 65240 6 150 360 243 35 5 21 25 23 16 2 41 83 6 7 6 15 18 20 52 93 15 244 7 13
0 65350 9 16 56 40 5 50 13 25 27
0 65704 50 8 46 13 47
0 65949 93 11 68 148 31 20 69 40 60 112 2 82 77 70 207 9 125 39 105 9 14 28 21 108 97 64 24 10 31 122 102
0 66171 219 86 134 249 65 63 182 7 73 2 47 31 69 54 96
0 66184 160 8 75 18 147 88 9 9 19 83 107 9 139 40 15 12 25 27 3 91 90
0 66593 196 35 7 35 222 61 5 112 114 20 101 132 67 11 668 3 193 26 99 70 140 39 45 39 20 55 68 3 120 9 78 87 34 29 1 21 23 35 56 42 8
0 66742 2 69 89 1 94 60 81
0 67092 162 27 111 30 102 20 17 40 2 27 229 211 112 46 92 17 117 84 459 49 140 27 191 97 24 128 245 127 18 24 152 40 32 22 32 28 56 9 105 87 24 77 33 16 204 173 25 224 135 2 465 76 141 22 130 32 195 5 36 9 51 65 182
0 67337 141 26 255 74 137 109 7 16 327 72 132 27 48 6 69 14 111 80 140 56 13 47 90 12 34 64 130
0 67665 41 242 112 71 49 19 320 30 34 90 394 96 4 33 72 29 80 29 19 18 24 109 302 23 28 75 31
0 67724 122 34 9 10 113 3 86 53 17 13 109 102 130 42 188 56 134 13 108 20 73 37 64 3 6 26 19 39 108 51 35 66 83 22 30 115 91
0 67765 207 59 223 37 110 19 57 20 99 13 338 142 37 18 48 10 381 90 386 24 75 37 7
0 67795 14 131 15
0 67817 146 38 61 51 170 51 30 17 34 26 1 56 22 9 64 8 39 18 83 95 178 164 87 5 3 14 237 74 208 33 51 61 104 10 25 13 1 18 117 122 50 149 11 63 50 6 356 31 2 34 94 31 81 87 243 44 129 8 156 114 38 54 47 47 48 17 44 26 74 73 76 63 18 94 90 139 33 54 101 13 13 15 136 52 130 65 37 2 28 95 27 49 110 27 65 8 8 2 95 30 106 98 31 23 338 32 15 14 33 10 88 59 47 12 26 8 119 38 11 92 384 32 38 68 149 105 206
0 67912 101
0 68082 38 94 214 118 19 32 9 23 24 9 20 24 1 55 4 90 91 56 51 37 45 30 17 150 25 117 232 112 243 36 48 32 117 37 134 7 63 70 67 81 38 10 19 20 38 36 20
0 68234 214 43 173 67 24 42 33 121 85 94 36 51 126 41 82 8 76
0 68286 56 70 50 87 51 1 14 43 87 11 36 20 98 9 452 223 90 5 285 86 280 188 453 65 29 58 45 39 42 2 33 2 38
0 68347 176 22 10 8 231 9 8 30 136 67 530 232 41 195 45 26 114 55 33 115 464 30 13 9 103 69 65 61 74 7 80 5 260 88 15 51 176 104 1 13 21 41 187 7 3 11 132 9 20 3 348 201 200 4 24 21 142 9 140 19 275 127 97 65 148 15 5 57 182 49 14 3 751 23 195 48 15 59 219 10 40 14 56
0 68728 37 4 30 61 114 36 194 6 50 13 169
0 69295 11 19 206 15 285 72 42 49 184 7 388 21 54 1 72 31 118 32 108 11 53 29 132 101 149 107 55 52 410 205 159 87 47
0 69307 113 52 57 17 174 34 122 48 136
0 69315 65 2 70 15 196 24 77 2 40 7 153 16 7 16 174 54 673 65 44 56 151 17 107 32 22 30 200 2 109 3 46 77 71 68 88 82 24 6 67 36 24 20 10 7 51 52 358 5 55 67 206 65 134 35 68 118 63 16 11 123 50 81 169 37 235 32 21 47 19 33 67
0 69455 162 125 199 51 76 13 93 57 28 18 84 50 121 76 480 18 246 27 435 167 15 11 26 60 366 105 66 4 275
0 69585 145 26 138 46 156 87 58 7 21 27 221 14 154 21 94 2 273 45 30 64 4 15 64 64 85 1 80 127 64 1 273 38 136
0 69614 128 94 108 17 235 65 257 37 76 10 35 5 53 1 15 107 103 37 4 2 478 7 111 68 86 88 41 18 27 27 216 1 142 10 123 18 95 18 260 37 19 57 65 7 1 11 39 1 168 57 7 21 225 16 344 9 9 18 192 9 2 69 17 47 68 14 130 2 71 11 31 115 26 36 146 47 114 6 39 76 85 24 139 64 1 260 116 30 13 97 46
0 69615 38 25 70 19 65
0 69784 2 19 257 66 154 1 8 42 15 35 80 4 70 58 147
0 70004 34 32 32 53 127 15 196 36 9 18 25 81 71 17 139 31 148 76 162 96 108 64 192 1 81 55 179 57 103
0 70333 223 22 14 38 76 112 61 21 164 26 34 25 102 41 44 6 7 67 75 40 81 13 11 136 20 47 184 163 14 20 35 31 352 4 38 174 29 4 140 16 2 18 56 6 107
0 70388 25 17 66 128 23
0 70449 70 133 39 1 37 9 90 8 309 12 49 58 31 125 1 67 28 74 42 1 82 35 26
0 70558 104 12 137 14 23 46 20 16 314 72 39 7 23 33 49 113 9 29 178 144 42 284 77 5 44 36 135 63 99 96 7 3 171 29 36 184 192 61 71 7 117 42 97 11 56 5 6 30 66 64 105 25 14 144 217 38 7 32 102 71 74 2 53 1 4 1 162 92 30 4 206 107 20 85 27 44 55 9 213 5 240 79 37
0 70698 239 92 12 155 45 8 38 42 47 23 2
0 70871 188 156 60 46 12 12 234 13 85 284 2 35 100 45 174 3 112 85 48 20 24 10 156 56 61 108 12 132 131 7 192 36 40 20 173 43 10
0 70891 295 20 93 37 5 57 71 76 170 18 127 18 35 116 105 150 133 20 35 16 168 107 160 128 69 1 76 75 81 58 165 27 108 84 4 9 8 76 168 85 178 50 115 79 15 44 466 54 52 4 36
0 70902 27 15 124
0 70967 140 53 84 2 41 34 208 54 110 94 109 9 195 4 156 28 234 25 19 33 64 26 580 93 76 86 143 102 3 54 66 47 256 100 68 1 53 17 77
0 70993 12 30 139 40 108 17 70 134 73 73 82 54 97 38 17 50 88 21 73 72 44 138 18 13 41 73 1 5 31 84 2 13 44 45 188
0 71264 253 58 144 35 107 92 17 59 13 51 101 10 26 58 33 18 147 5 163 8 34 87 155 187 25 41 107 18 2 82 17 21 130 2 20 111 59 2 97 4 127 5 112 11 124 6 219
0 71305 398 66 60 42 4 152 225 110 81 50 132 108 16 86 2 73 24 22 424 27 53 338 137 4 116 89 42 2 54 148 97 29 11 13 98 10 49 117 64 11 78 11 64 21 189 75 137 2 43 52 95 44 216 2 317 102 92 20 11 62 8
0 71529 165 47 9 60 53 43 340 30 79 32 6 45 62 117 27 39 95 97 143 9 567 28 293 6 30 56 209 37 25 41 21 179 232 14 65
0 71561 25
0 71651 64 6 108 108 79 6 38 115 3 62 4 103 30 49 86 213 67 34 56 19 149 67 190 16 50 4 172 5 28 7 26 74 296 53 50 46 76 7 416 36 239 103 5 25 38 45 64 9 233 52 352 15 66 51 160 26 40
0 71661 207 38 131 60 61 186 122 9 54 74 147 16 5 102 5 30 77 40 7 34 134 6 26 71 132 57 33 73 36 57 35 6 8
0 71993 165 49 51 21 13 53 409 45 97 22 104 43 11 20 1 70 68 14 62 51 108 49 77 127 15 85 5 60 82 95 361 95 67 2 363 37 162 69 73 53 115 87 67 60 40 17 482 198 46 94 126 45 198 23 266 29 32 72 130 69 108 64 58 32 103
0 72184 146 16 1 80 83 10 463 78 389 46 315 93 76 17 164 2 49 67 42 39 3 2 16 139 98 38 131 20 128 3 209 32 4 68 75 5 181 3 60 184 4 18 138 176 145 7 16 6 53 1 61 11 13 51 108 22 12 47 192 65 61 31 94
0 72464 36 32 61 25 5 160 107 34 210 106 18 228 44 47 128 133 17 177 71 44 113 33 197 11 54 54 140 21 330 2 91 64 368 34 551 23 25
0 73167 16 8 132 6 8 110 177 22 13 4 104 59 12 31 28 41 241 31 25 53 17 53 40 29 158 236 74 21 21 204 92 22 70 95 46 14 34 28 171 8 36 132 4 62 252 39 33 3 49 34 32 16 24 30 415 4 126
0 73335 44 95 30 80 20 29 95 18 122 32 216
0 73359 67 27 16 45 115 40 18 119 23 157 101 53 20 14 9 84 163 25 71 8 68 118 22 8 14 118 83 65 41
0 73398 128 9 5 12 7 59 31 30 70
0 73589 200 3 1 16 217 37 58 13 70 17 19 27 15 40 41 31 325 6 13 24 202 16 28 104 197 28 33 108 107 157 25 1 18 3 20 65 102 105 120 54 144 18 268 96 16 126 157 88 102 2 60 37 44 10 60 24 57 45 76 48 82 29 38 59 79 153 25 51 107 238 32 90 1 22 11 1 191 130 301 14 179 8 57 41 167 163 134 45 88 36 18 31 110 54 517 49 28 37 54 1 97 13 88 3 150 19 189 109 10 37 257 60 279 70 3 119 100 93 11 40 13 69 135 19 420 52 176 35 47 84 170
0 73616 30 12 135 136 235
0 73676 36 19 120 17 151 35 114 30 102 20 93 129 13 21 8 13 3 69 9 64 194 29 65 18 114 28 73 74 45 15 411 245 14 12 91 76 16 3 18 82 81 12 98 122 32 113 245 257 6 120 164 57 81 124 250 45 49 17 77 167 286 43 44 38 39 19 359 38 87 10 124 86 113 68 52 27 62 187 207 189 90 10 18 9 121 22 239 3 104 30 16 108 158 9 14 223 207 2 21 32 56 5 44 19 180 9 156 25 105 57 93 7 22 30 489
0 73797 49 28 3
0 73945 57 96 131 46 109 41 50 39 162 37 10 99 84 5 83 17 34 46 274 34 26 18 56 35 120
0 74002 39 108 166 59 2 23 28 202 39 70 56 64 35 3 18 45 49 6 14 42 76 18 54
0 74086 413 95 14 16 31 94 34 44 112 37 35 83 114 188 22 16 197 3 177 2 70 15 46 19 18 11 48 6 107 2 46 22 25 27 252 18 100 10 31 22 185 10 63 4 1 23 96 103 126 36 269 99 13 9 32 20 105 32 44 28 53 87 220 45 69 159 359 45 32 11 28 37 14 8 178 73 35 3 92 20 10 15 219
0 74150 9 106 155 121 93 85 197 86 7 13 163 4 14 211 82 1 682 16 174 9 115 17 15 30 44 20 5 104 397 83 106
0 74295 4 30 74 155 74 52 102 73 67 5 73 72 61 18 11 28 111 17 676 101 12 13 22 81 133 25 43 110 311 30 21 53 94
0 74378 10 21 12 51 198 79 41 64 132 11 11 49 54 26 199 84 118 16 137 17 184
0 74533 143 3 195 1 160 26 85 117 34 38 23 6 46 48 10 81 498 256 3 15 312 82 131 26 252 30 304 7 179 139 5 18 13 7 119 9 19 80 28 127 14 65 38 64 21 15 37 2 79 114 234 399 125
0 74562 145 348 40 32 191 1 170 6 59
0 74611 275 7 39 2 190 111 18 22 83
0 74725 201 49 218 8 136 3 169 72 63
0 74775 90 21 25 2 221 1 177 46 4 26 23 37 38 29 37 17 280 72 25 16 56 48 14 219 476 45 68 142 89 54 151
0 75045 46 5 24 52 92 38 92 7 71 27 54 12 81 16 1 58 134
0 75108 31 3 110 15 3 21 217 8 201 18 156 47 60 48 310 34 229 19 43 117 81 28 19 68 29 33 44 134 258 37 130 31 176 95 231 72 25 192 57 57 35 1 21 47 431 9 86 82 52 62 6 2 244 69 42 143 44 32 150 59 44 1 172 7 81 53 118
0 75167 28 10 102 57 196 2 133 19 193 44 74 124 166 1 38 46 584 1 195 81 142 4 135 143 40 135 76 4 28 58 128 75 40 34 52 16 156 19 98 21 66 93 29 22 157 23 194 25 9 42 187 12 107 6 97 19 65 28 388 117 319 9 60 106 1 102 53 20 40 53 14 2 8 1 289
0 75177 78 81 25 178 9 11 121
0 75273 76 19 53 31 101 49 44 8 65 14 241 107 20 202 81 11 65 52 79 23 22 3 73 206 150 16 95 144 123 28 26 107 11 153 29 28 56 203 6 62 47 28 13 32 88 19 41 61 128 11 90 87 179 67 9 6 106 14 15 71 118 12 28 4 62 31 155 53 33
0 75807 107 17 229 135 53 21 102 75 11 24 21 80 42 66 26 33 70 35 220 18 60 211 78
0 76012 71 54 26 19 80 17 108 17 77 12 321 7 150 10 262 1 46 56 432 27 228
