0 0 156 22 32 3 11 34 10 24 197 15 126 57 46 20 87
0 64 22 7 81 5 58 91 298 35 156 133 50 65 224 43 117 1 109 29 109 43 46 66 113
0 435 80 14 57 6 81 13 178 65 28 3 157 26 124 6 143 8 1
0 474 44 26 290 82 111 15 56 2 13 116 6 47 12 25 148 32 124 5 86 3 162 165 98 106 13
0 594 184 18 20 94 192 25 124 22 3 119 94 42 2 107 61 28 6 100 1 49 5 76 16 27 32 176 55
0 639 102 50 12 5 241 3 6 47 97 144 114 3 115 55 15 5 75 1 25 51 162 23 82 81 213 95 99 39 23 1 15 19 125 23 24 50 2 91 7 89 125 39 92 1 118 59 44 33 233 60 212 82 2 13 52 89 11 1 2 34 15 118 50 10 120 31 380 4 90 46 69 20 96 7 9 23 230 8 18 5 52
0 768 6 18 6
0 856 196 117 51 38 89 55 76 11 119 55 95 29 40 72 36 51 2 118 9 39 106 139 5 33 122 44 21 31 74 11 340 6 4 21 177 8 34 14 32 82 362 63 425 17 133 100 81 61 5 22 56 171 6
0 879 51 88 83
0 967 49 8 184 52 34 125 25 38 201 8 340 31 97 35 69
0 1048 83 32 96 17 7
0 1112 93
0 1217 44 25 56 98 228 19 30 163 126 51 85 5 65 8 222
0 1656 56 23 20 27 107 110 100 73 268 1 34 5 4 1 139 38 18
0 1788 57 52 100 68 72 21 44 46 61 42 122 75 215
0 2001 5 84 23
0 2124 15 18 189 65 5 32 107 90 263 86 223 15 301 4 21 64 120 128 66 110 504 1 58 43 71 33 3 68 4
0 2305 55 110 69 55 307 45 142 25 16
0 2889 132 74 57 17 9 153 108 46 94 45 36 65 153 93 115 39 83 21 246 15 246 4 26 30 176 87 132 8 150 86 15
0 2912 245 1 2 22 107 125 162 24 95 6 103 60 47 11 291
0 3005 22 29 65
0 3089 8 11 179 61 11 6 40
0 3505 86 2 29 6 133 5 205 2 20 13 164 87 14 1 24 24 51 57 52 54 194 23 28 68 62 86 103 31 113 18 128 31 414 2 122 186 209 58 132 210 27 19 158
0 3848 21 8 237 163 8
0 4348 117 66 53
0 4704 196
0 4945 56 43 127 63 34 50 134 22 106 31 139 90 177 126 11 56 346 37 90
0 4992 11 10 358 72 12 39 98 14 59 87 5 57 87 95 27 4 170 40 15 88 94
0 5306 214 5 29 10 175 89 103 52 4 62 124 30 32 60 19 50 152 115 15 22 30 94 275
0 5438 87 34 108 124 62 24 42 64 202 24 39 11 42 25 6 101 115 68 11 22 118 6 281 104 6 80 28 77 201 78 127 205 244 47 5 20 79 257 68 7 89 41 15 213 10 60 74
0 5486 75 55 148
0 5489 2 40 17
0 5915 29 10 92 114 141 1 62 156 136 2 318
0 6049 60 35 363 33 112 14 194 65 2 127 23 2 89 14 168 27 5 11 4 88 101 43 8 32 167 9 66 67 39 38 44 119 35 20 189 72 17 72 248 8 212 6 104 35 5 104 4 101 87 32 37 154 8 96 196 73 101 51 44 55 434 36 7 115 104
0 6369 59 17 84 75 45 44 63 48 6 80 17 42 59 17 54 119 101 3 102 51 79 15 36 23 159 104 18
0 6471 2 21 7 43 356 21 12 1 27 79 71
0 6584 335 11 72 16 1 58 2 185 90 41 63 4 120 3 115 34 63 117 440 29 40 16 178 146 17
0 6675 19 64 138 59 29 64 93 11 59 19 168 11 51 34 181 54 96 58 109 79 112 40 255 46 31 16 58 1 130 60 22 5 6 24 53 61 82 29 81 34 214 145 118
0 6812 11 18 121 19 106 17 52
0 6886 69 14 25 14 21 52 176 99 71 183 30 19 377
0 6916 6 23 132 36 171 2 142 28 43 6 193
0 6936 38 63 12 79 53 40 110 14 60 1 22
0 7581 115 31 120 30 5 61 4 49 24 2 14 15 531
0 7763 185 36 13 37 16 14 160 44 80 12 21
0 7874 36 120 32 10 47 32 137 44 167 45 22 10 12 6 93 5 10 92 175 72 280 28 28 6 52 127 9 35 59
0 8007 37 2 17 19 258 9 49 24 77
0 8100 145 17 107 64 403 34 289 87 61 19 29 29 339 45 68 9 152 23 177 75 10 79 163 25 41
0 8281 253 7 97 14 90 71 20 37 258 70 118 41 100 42 275
0 8412 20 44 124 44 42 108 38 26 54 91 20 85 100 197 7 1 50 24 19 58 74
0 8520 121 9 101 46 3 72 8 73 147 191 31 46 2 74 137 38 4 10 13 114 9 2 1 82 115
0 8814 67 103 91 15 60 9 50 43 31 38 242 32 112 118 19 294 107 63 232 11 33 11 40 28 42 12 17 42 38 8 165
0 8977 376 75 17 21 256 10 263
0 9495 6 56 81 46 70 32 25
0 9508 213 25 6 13 12
0 9775 511 12 59 8 211
0 9805 5 31 254 85 194 24 60 18 47 39 176 5 18 17 18 44 68 8 263 57 192 3 212
0 9942 99 30 40 47 49 6 30 5 25 6 136
0 9961 78 22 337 28 124 111 168 6 3 27 45 49 35 19 44 24 146 25 249 15 47 33 59 11 247 105 12 51 24 10 49 126 247 77 82 8 466 14 22 1 49 20 7 10 41 16 112 4 49 27 210
0 10104 19 59 30 15 5 21 52 132 68 13 30 31 32
0 10164 150 2 9
0 10195 163 13 40 60 21 19 51 27 42 31 162 31 1 97 98 119 29 81 100 46 174 81 32
0 10216 54 3 48 1 45 203 45 20 267
0 10279 44 32 45 23 91 215 58 14 146 37 82 26 35
0 10366 262
0 10586 133 28 216 35 20 21 37 17 277 42 133 9 194 144 3 41 42 41 35 87 34 3 75 12 379
0 10622 7 79 275 244 30 22 163
0 10769 347 67 4
0 10896 9 99 48 29 60 138 2 154 51 62 39 14 84 232 68 8 85 47 155 46 23 1 34 10 154 33 1 3 111 23 220 20 3 27 64 11 250 7 45 9 187 230 3 55 30 6 38 39 170
0 10968 1 18 383
0 11052 271 4 96 36 8 63 52 43 141 7 196
0 11203 226 31 104 9 7 7 27 75 197
0 11225 259 5 10 1 80 56 128 26 64 181 33 20 128 14 54 31 89 5 210 22 56
0 11238 53 137 196 8 204
0 11337 37 69 85 75 30 18 291 19 211 72 222 4 377 154 75 36 14 104 121
0 11421 97 16 14 61 104 18 130 113 9 152 116
0 11614 135 29 82
0 11691 147 53 3 93 11 27 38 3 79
0 11983 42 8 200 234 14 52 77 98 54 9 123 30 274 20 15 108 79 107 82 42 21 129 77 16 27 1 206 96 36
0 12085 8
0 12142 14 84 3 62 177 13 36
0 12405 51 152 26 31 120 17 26 28 33 59 45 56 18 49 71 15 399 67 107 59 102 22 47
0 12422 54 37 54
0 12611 11 9 26 22 34
0 12789 126 119 339 9 39 16 3 10 178 96 57 62 83 7 56 10 112 84 49 3 141 3 70 23 69 134 18 24 39 88 20 9 120 133 234 37 155 48 164 3 165 165 168 39 30
0 12817 12 40 3 138 110 22 178 62 97 315 8 9 324 4 23 17 6 124 48 23 87 37 74 7 101 73 124 10 96 22 27 80 25 3 62
0 13050 58 2 47 30 213 72 101 36 23 49 4 11 388
0 13203 10 26 367 126 135
0 13304 120 7 56 21 167 30 109 290 95 16 78 56 9 44 9 71 9
0 13378 32
0 13529 133 1 26 7 132 61 15 33 30 3 47 132 61 22 173 156 25 42 151 29 6 12 65 103 7 79 199 10 28 51 67 30 165 75 8 11 62 21 14 61 11 37 70 32 32 64 34 26 11 1 194 82 8 20 35 24 40 16 55 167 74 9 9 39 57 105 8 41 97 94 40 74 78 81 79 119 48 17 63 34 106 17 58 2 71 140 107
0 13553 20 72 43 34 423 5 227 34 10 101 168 4 20 10 76 55 7 12 76 177 176 60 183 105 140 12 13
0 13655 97 81 83 21 13 21 86 11 60 201 183
0 13915 133 28 19 19 77 80 88 71 48 12 138 91 289 24 197 39 207
0 14024 324 33 106 76 274 13 37 275 212 28 196 210 39 22 43
0 14377 84 23 183 47 19 66 6 1 77 35 2 27 101 15 48 14 189 249 64 3 19 27 68 10 264 16 30
0 14427 241 11 60 23 5 79 12
0 14527 86 48 12 97 122 44 23 43 45 3 78
0 14575 12 114 33 25 196 34 21 4 136 20 52 6 87
0 14594 64 58 161 61 60 33 130 118 212 109 7 39 232 50 41 5 10 23 142
0 14623 441 72 55 3 36 16 28 150 35 6 7 78 11 121 23 92 59
0 15077 90 148 187
0 15105 91 2 81 22 72 233 12 28 38 80 8 105 234 207 23 35 44 28 72 47 7 2 230 119 737 85 39 98 5
0 15153 171
0 15276 64
0 15783 28 8 59 46 260 18 270 51 160 113 9 154 68 17 6 3 47 49 4 21 595 74 167 14 200
0 15792 120 23 24 102 34 21 83 4 30 159 47 154 52 1 64 20 105 52 155 6 46 24 10 19 80
0 15827 6
0 15997 62 115 133 175 227 1 202 18 133 79 19 46 6 4 282 72 89 2 74 94 113 22 68 29 28 12 11 43 90 20 122
0 16099 131 18 251 53 387 120 98
0 16118 180 8 10 5 11 7 98 23 88
0 16284 16 52 160 62 106
0 16285 17 19 159 31 1 4 108 85 9 9 92 78 44 8 118 21 2 115 41
0 16311 25 32 114 62 190 47 100 54 15 62 186
0 16644 106 30 95 50 78 66 6 19 88 3 197 26 136 58 34 25 68 75 107 129 42 6 38 30 156 35 142 16 65 46 157 25 12
0 16797 87 46 159 53 172 51 54 17 484 26 134 34 34 83 5 32 15 4 47 12 40
0 17282 71 32 133 82 131 18 195 16 140 6 30 5 61 7 104 183 73 116 93
0 17863 75 10 158 3 551 49 2 12 48 129 67 64 263 99 45 57 10 23 8 76 16 63 129 2 46 78 47 1 93 10 9 56 121 49 115 22 81 76 190
0 17914 10 46 43 104 142 3 103 27 304
0 18159 74 18 27 53 56 207 93
0 18553 51 25 8 90 18
0 18719 55
0 18722 7
0 18978 31 32 1
0 19039 26 28 32
0 19142 14 127 21 21 3 47 2 9 15 137 2 50 47 62 117 33 111 56 23 16 16 47 79 44 28 70 57 45 59 95 98 64 72
0 19145 10 13 57 47 57 16 201 13 29 32 50 3 126 2 53 8 135 100 35 33 17 54 97 48 94 83 5 55 46 54 33 11 43 3 168 36 39 76 10 10 15 29 7 30 29 15 177 23 71 23 217 15 44 74 71 69 40 2 15 45 59 2 63 36 161 40 19 80 18 21 233
0 19422 86 3 129
0 19664 56 7 16 110 100 44 14 154 55 5 101 8 144 5 54 86 57
0 19724 199 55 65 3 347 108 212 45 11 11 3 72 152 69 141 27 98 21 41 30 22 2 41 12 51 35 40 81 80 13 131 17 135 9 149
0 19791 366 25 166 31 5 149 132 3 159 2 13 78 347 32 194 3 50 211 122 3 160 50 1 80 394 110 385
0 19869 108 68 69 96 139
0 20099 65 84 109 55 132 175 32 153 59 9 26 105 285 81 16 42 11 32 53 15 43 13 56 36 72 46 159 34 75 24 90 61 43 17 132 38 147 95 50 46 129 10 160 20 134 55 113 166 25 53 133 2 238 51 42 19 101 45 67 56 23 25 104 17 89
0 20112 39 22 50 12 259
0 20234 66 1 241 49 58
0 20235 160 46 15 3 161 26 14 131 57 8 366 24 40
0 20302 56
0 20306 100 39 33 29 294 194 66 21 84 28 19 78 40 12 3 24 44
0 20365 121 3 134 14 4 35 25 2 51 155 247 7 73 25 142 104 3 77 32 30 52 75 3 86 130 3 90 120 35 11 2 6 83 48 8 11 123 22 15 114 31 6 115 52 216 38 100 15 52 14 241 47 113 6 74 118 85 65 53 64 140 12 17 128 65 5 34 51 119 81 115 12 28 84 308 173 145
0 20399 49 11 94 144 69 29 58 13 98 115 93 146 190 140 77 87 42 25 180 1 27 25 83 48 216 56 44 84 389 22 37 19 114 2 146 10 194 69 409 58 41
0 20410 60 38 105 62 370 74 18 3 56 46 25 28 33 24 46 68 125 227 166 14 41 57 117 32 327 84 26
0 20586 14 190 122 16 157 25 99 22 223 22 120 47 352 1 11 12 187
0 20685 28 19 8 10 2 4 71 125 39 16 12 5 67 45 10 63 26 57 130 113 1 13 21 57 39 19 126
0 21369 93 1 96 7 6 66 119 59 260
0 21502 27 39 68 11 31 126 5 37 34 57 187 22 19 1 181 18 233 40 25 13 42 74 290 130 71 18 35 43 123 11 60 18 24 16 208 20 211 9 62 53 49 33 56 88 24 19 207 156 73 4 86 88 70 12 60
0 21591 38 49 26 3 52 57 68 9 80 144 235 94 152 7 225
0 21915 126 13 390 26 6 4 83 35 45 2 172 65 148 23 117 13 114 22 41 64 141
0 21994 43 45 160 42 70 42 104 60 4 102 139 22 48 18 37 25 161 22 103 49 59 75 118 57 171 33 171 105 14 143 18 4 12 12 7 81 37 6 80 22 205
0 22103 661 258 276 166 30 28 54 62 35 39 67 101 164 49 34 112 23
0 22214 21 44 122 10 245 28 146 145 50 32 182 75 32 30 159 13 129 37 219 56 17 56 12 126 9 148 26 6 89 57 70 111 23 44 74 57 277 24 88 55 23 7 184 175 61 23 67 3 82 5 86 113 94
0 22291 13 4 24 117 55 22 53 17 315 31 271 113 143 44 243 25 199 57 357 31 44
0 22308 78 215 282 6 121 9 70 127 26 35 11 145 53 4 300
0 22309 138 228 8 70 73 97 9 88 15 69 204 26 72
0 22422 7 35 32 143 94 71 58 20 91
0 22472 2 4 87 59 25 10 34 68 88
0 22654 41 32 158 12 76 82 23 13 21 280 234 29 86 23 36
0 22870 297 62 130 298 37 8 77 74 12
0 23058 178 1 17 32 46 8 6 29 51 1 23 44 109 62 4 87 63 238 19 18 57 116 10 28 126 33 42 22 331 33 72 54 15 199 145 26 76
0 23059 54 25 42 68 38 147 25 8 165 18 401 5 69 6 10 1 42 159 2 68 23 38 164 38 194 7 59 3 159 26 175 67 361 91 280 49 45 26 28 34 271 53 1 43 8 32 44 13 3
0 23147 160 17 46 4 52 2 206 20 34 13 63 102 42 21 28 6 166 71 40
0 23161 101 191 60 30 109 120 173 79 68 16 194 65 25 30 56 57 3 33 38 31 25 27 309 30 81
0 23247 51 58 2 2 371 199 91 87 64 76 32
0 23314 29 16 119 4 183 31 23 86 15 37 306 51 56 40 18
0 23347 163 12 171
0 23351 112 111 112 93 73 30 62 1 20 38 105 30 138 34 10 60 301 40 145 143 291 57 152 41 25 39 33 13 4 18 333 62 257 7 34
0 23535 65 11 74 30 79 28 68 27 279 18 33 160 28 18 12 70 5
0 23625 26 213 60
0 23823 78 84 2 162 91 77 103 44 60 2 140 8 26 37 61 12 250 44 70 102 133
0 23840 51 1 146 86 102
0 23929 46 32 138 6 75 7 36 14 31 79 194 3 5 121 16 6 64 39 9 48 77 48 36 27 39 42 4 134 33
0 23970 133 24 15 71 291 65 69 91 196 78 13 75 283 13 8
0 24366 159 65 10
0 24426 89 95 324 15 234 24 96 12 270 149 67 1 3 40 50 41 100 20 24
0 24522 19 170 310 65 78 108 5 14 107
0 24730 6 32 177 47 94 4 40 63 191 82 134
0 24895 241 18 20 56 65 64 76 3 47 5 44 6 448 74 124 12 240 6 3 90 15 5 83 15 439 86 206 160 118 90 91 1 61
0 24902 88 2 57 16 164 122 43 86 20 67 52
0 24939 329 65 50 12 121 15 48 97 32 7 20 178 29 7 1 76 146 57 17 69 34 1 10 9 65 45 14 38 69 104 37 19 141 5 659 4 16 128 24 12 405 91 34 6 286
0 25488 14 115 245 45 128 1 314 39 271 12 33 81 57 3 19 45 27 7 17 4 51 4 104 8 63 228 95 177 154 22 56 54 75 4 83 21 34 42 15
0 25606 27 65 117 14 19 126 133 147 18 25 42 106 53 2 83 135 12 216 48 56 124 69 88 107 95 86 31 72 26 36 242 32 55 30 175 157 148 36 217
0 25812 79 57 182 30 17 55 20 37 48 31 192
0 26405 2 157 22 194 65 38 186 8 62 148 53 86 75 7 48 22 41 48 59 48 1 27 7 6 40 21 48 24 129
0 26588 59 44 394 16 2 81 174 56 54
0 26964 192 2 132 117 152 32 146 68 77 1 72 149 19 203 13
0 27168 30 12 155 51 163 9 80 82 56 43 163 35 92 3 26 230 16 49 61 155 34 78 167 25 9
0 27363 73 106 117 41 120 75 111 35 476 37 2 72 22 20 127 86 2 37 434 4 46 47 58 37 29 61 107 23 1 80 69 85 105 22 31 11 146 11 13 52 49 36 17 46 74 75 426 161 55 46 42 65 219 89 94 19 170 26 35 34 212 63 47 17 15 223 70 19 79 41 70 66 107 6 369
0 27857 50 37 200 18 8 58 59 4 12 5 85 17 53 40 10 5 24
0 27987 8 21 83 40 93 12 110
0 28019 24 9 96 40 19 48 137 60 78
0 28197 83 78 259 195 105 105 118 27 87 134 112 15 183 145 52 20 99 45 94 8 60 74 141 12 9 45 154 59 78 53 157 48 273 53 21 65 77
0 28227 143 85 73 29 184
0 28486 48 117 169
0 28917 7 75 57 49 144 23 281
0 28954 25
0 29378 117 58 89
0 29448 78 15 107 43 82 42 172 2 174 259 1 66 75 7 98 90 61 33 545 17 107 134 52 3 59 3 67 62 70 34 174 176 291 2 22 50 391 94 87 4 30 27 12 322 19 5 236 55 716 2 56 13 46 37 128 10 48 15 17 199 165 25 33 27 106 24 173 48 387 74 51 36 19 3 4
0 29516 126 45 32 65 58 97 110 2 405 57 12 1 21 7 144
0 29853 142 2 40 6 32 87 149 6 80 2 10 18 42 46 37
0 29951 7 39 5 3 105 35 38 6 71
0 30233 23 172 1 87 101 30 207 18 321 13 132 123 158 51 73 42 68 71 59 9 13 59 383 3 18 101 56
0 30332 210 12 5 20 14 38 11 47 132 3 164 18 119 31 185 41 14 23 20 2 230 23 14 68 115 39 118 59 73
0 30493 153 57 85 106 23 43 80 134 31 58 65 9 13 40 11 36 41 59 128 34 158 23 275 22 76 37 23 71 82 31 109 46 60 45 108 38 29 111 109 10 426 33 124 37 74 16 441 15 42 111 212 12 92 124 118 22 7 85 31 11 67 44 163
0 30677 7 64 23 86 103 38 5 222 76 72 11 81 87 27 9 31 149 36 13 162 14 35 24 3 159
0 30685 112 32 135 9 11 7 28 26 98
0 30716 285 61 89 67 102 66 102
0 31169 41 21 22 95 22 120 59 14 32 3 143 62 95 15 108 15 32 26 8 31 55 24 80 59 46 5 135
0 31183 90 62 15 99 19 8 6
0 31247 326 45 213 38 402 16 32 78 76 14 1 28 153 11 369 4 21 102 201 67 11 27 46 21 8 1 159 24 20
0 31448 153 16 60 82 122 37 30 31 2 20 167 36 19 18 2 14 129 23 73 95 60 71 56 88 75 25 450 57 144 2 8
0 31471 333 10 66 8 251 42 54 46 59 58 291 99 126 5 149 160 29 1 7 23 303 96 125 83 9 72 587 14 132 96 15 35 335
0 31774 18 6 94 75 173 31 49 14 1 33 196 35 150 37 22 167 27 10 41 75 50 94 133 46 62 31 5 91 232 49 54 49 204 118 160 48 134 3 48 4 119 63 174 44 5 4 189 39 6 17 116 2 140 10 146 22 178
0 32187 59 32 15 96 90 22 194 11 202 38 26
0 32226 14 85 68 51 21 4 35 29 222 296 23
0 32403 20 7 7 44 22 88 149 56 21 23 83 10 31 30 343 9 148 3 6 29 46 52 22 8 19 18 35 219 80
0 32607 85 70 118 47 27
0 32914 416 158 182
0 32945 12 34 538 61 29 166 102 21 123 12 184 24 84
0 32988 45 8 89
0 33238 175 82 63 24 30 9 24 112 81 58 118 15 13 39 69 23 31 37 29 14 33 87 17 90 31 35 75 18 35 25 22 41 138 119 27 135 1 65 43
0 33351 28 147 11 46 168 34 11 90 174 7 115 18 313 10 305 124 107
0 33417 49 15 74 23 66
0 33540 238 101 8
0 33541 15 45 66 28 173 11 45 44 54 23 24 83 69 31 31 17 521 6 210 50 67 13 199 52 34 2 1 10 114 61 174
0 33617 34 41 18 64 39 37 197 11 57 2 163 14 56 1 27
0 34481 264 67 13 141 183 23 6 8 85 13 53 8 173 46 223 33 23 80 171 11 159 35 25 8 146 131 182 39 6 2 217 93 170 47 218 126 123 77 8 31 60 116 9 100 57 165 205 21 30 73 71 119 23 150 151 42 92 79 7 57 946 104 147 47 159 51 39 108 112 32 4 14 321 14 267 52 34 1 82 56 95 13 68 69 152 12 4 12 35 123 316 87 130 29 215 136 159 197 440 35 59 39 39 11 148 56 172 141 205 1 136 94 148 1 79 33 198 51 273 72 4 33 216 7 192 35 147 58 89 11 196 16 6 10 62 59 48 26 257 59 99
0 34612 245 49 179 33 225 30 20 20 594 41 50 82 37 34 253
0 34793 20 4 225 65 247 24 319 33 161 6 101 17 42 76 121 1 61 87 46 50 252 54 42 2 55 41 182
0 34835 177 39 178 31 120 125 201
0 35414 31 26 85
0 35613 159 68 101 35 1 15 21 3 23 178 60 4 131 55 56 2 167 31 7 23 22 8 229 63 163 199 205 3 76 130 8 87 68 27 88
0 35692 24 12 200 19 157 23 49 32 93 75 61 6 122 97 1 62 182 67 49 64 256 39 126 38 35 25 349
0 35995 11 22 66 36 59 44 53 34 137 10 6 147 131 27 107 41 158
0 36282 84 28 324 1 59 83 19 9 503
0 36440 11 165 19 40 113 23 32 59 64 82 219 48 285 7 7 5 19 40 462 139 118 19 47 15 149 32 182 86 19 12 7 117 42 35 16 5 29 18 75
0 36451 1 52 228 62 214 70 27 20 61 40 20 9 506 46 393 25 268 25 190 25 25 17 140 11 8 81 276 9 100 37 112 58 11 18 10 65 13 63 36 114 147
0 36503 77 43 32 4 80 38 39
0 37519 168 103 212 112 32 50 515 15 40 15 90 14 33 66 28 10 415 110 116 7 60 27 222 17 65 45 41
0 37788 43 159 21 4 249 39 10 138 59
0 37916 309 112 24 105 81 70 179
0 37953 71 18 43 138 34
0 37955 30 107 32 79 84 3 13 125 36 10 129 1 223 9 5 7 2 35 133 5 139 73 43
0 38147 97 20 173 24 34 16 149 35 265
0 38220 20 8 12 4 26
0 38357 2 69 240 65 101
0 38358 119 123 105 52 25 21 59 113 37 113 13 76 102
0 38776 90 53 14 54 253 54 129 36 139 8 29 3 36 24 182 28 50 145 91
0 39051 242 5 55 53 54 19 69 2 42 10 237 52 195
0 39177 9 5 149 28 78 6 126 50 3 167 142 21 29 111 36 28 154 23 121 8 17 1 214
0 39248 36 3 319 101 134 63 49 62 41 71 173 1 16 33 32 56 101 27 12 26 344 12 215 36 89 7 18 6 49 18 61
0 39467 125 78 55 138 137 3 71 13 251 25 98 15 16 39 150 18 113 69 384 24 164 21 76
0 39675 215 37 228 15 118 141 73 13 48 28 23 122 140 20 261 42 5
0 39758 97 119 18 28 64
0 39879 5 31 318
0 39959 58 62 104 11 200 7 57 16 257 25 155 187 24 3 246 84 104 68 55 45 10 9 64 10 13 70 111 121 17 13 326 61 114 21 46 73 25 89 118 28 76 97 45 16 269 5 255 24 84 22 25 76 33 166 4 60 1 50 79 21 103 107 27 10 8 25 103 73 31 42 7 381 41 2 27
0 40016 31 9 82 18 267 27 73 112 163 110 107 31 22 3 212 53 15 2 90 2 25 23 4 128 34 24 171 70 87
0 40039 67 147 7 12 112 9 51 38 52 3 14
0 40451 49 134 34 35 7
0 40750 139 1 41 25 61
0 41043 382 6 381 26 132 52 90 40 246 2 9 67 97 1 45 30 118 24 97 17 112 96 37 60 63 24 18 47 22 5 20 25 78 48 17 83 44 31 3 109 277 214 6
0 41375 257 17 402
0 41657 7 16 8 87 2 196 5 37 158 186 13 88 20 104 66 60 52 12 52 75 1
0 41772 79 158 42
0 41995 15 22 103
0 42022 11 6 26 2 14 21 249 55 162 12 106 41 406 115 62
0 42454 28 39 5 14 60 29 114 3 56 28 18 1 90 45 58
0 42455 17 19 178 16 56 13 2
0 42710 56 4 61 36 27
0 42927 280
0 43028 110 57 173 7 28 145 177 71 95 3 66 180 168
0 43161 173 26 23 150 54 124 67 19 48 5 255 92 5 18 224 60 191 29 56 55 105 27 168 37 99 28 348 16 273 117 53
0 43263 71 10 411 13 45 46 50 33 254 41 12
0 43436 111 97 79 40 7 24 15 56 60 24 235 113 87 52 33 56 146 6 149 34 138 122 168 30 418 3 281 40 82 29 87
0 43710 75 35 168 37 72 111 32 138 53 31 233 24 17 79 77 42 80 16 73 73 227
0 43807 128 38 40 24 13 15 33 19 61 95 8 94 181 55 116 123 1 113 37 23 74 2 55 11 36 38 99 26 123 271 58 48 140 3 40 29 74
0 43868 34 31 171 7 8 3 71 56 286 17 443 30 93 32 69 155 2 18 186 11 32 9 147
0 44053 142 120 28 13 49 24 14 36 51 93 22 1 27 152 75 65 144 45 223 109 223 16 3 120 3 32 180 25 74 6 301 20 30
0 44210 407 12 183
0 44426 36 40 6 70 182 52 215 22 89 31 3 17 164 23 40 11 100 148 18
0 44865 42 80 5 193 10 23 14 7 100
0 44903 214 95 58
0 44954 108 228 72 233 99 8 124 168 12 4 195 73 15 85 66 43 79 26 532 33 89 50 259 132 16 19 40
0 44998 9 78 157 34 93 66 82 163 35 18 74 28 140 4 95 5 18 26 385 10 72 56 1 3 79 33 42 31 628 116 25 27 265 21 61 15 20 65 126 5 35 113 228 21 7 111 23 16 13 179 201 99 46 144 90 4 143 111 77 36 24 33 242 151 115 157 90 8 27 7 63 32 14 235 330 84 19 14 316 164 41
0 45005 80 63 50 31 11 30 142 123 72 19 251 18 71
0 45028 37 10 8 19 47 88 57 62 52 61 19 8 70 215 79
0 45180 164 7 165 44 70 30 174 6 84 2 36 110 5 8 32 21 12 52 117 87 125 24 17 24 10 76 25 62 95 12 44
0 45260 64 2 93 72 141 173 33 46 185 165 28 29 356 133 17
0 45458 5 34 55 61 2 26 153 25 52 360 134 22 179 3 25 79 282 127 442 10 49 47 71 42 258
0 45500 126 24 26 11 44 12 7 4 3 24 73 6 20 129 227 22 154 16 2 14 31 86 5 58 37 2 8 40 20 30 10 75 9
0 45680 254 28 620 18 5 30 134 56 270
0 45800 176 11 49 40 189 141 71 89 28 64 114 22 67 1 288 118 24 29 158 193 18 28 114 26 18
0 45856 59 22 285 38 6 10 116 77 354 4 267 9 188 22 86
0 45886 146 6 137 119 57 13 194
0 46087 82 82 272 27 49 21 20
0 46115 30 149 91 8 26 10 426 62 83 34 316 102 6 1 56
0 46291 100 8 95 3 26
0 47083 213 25 37 27 231 85 121 76 126 33 75 10 124
0 47272 159 143 55 62 8 11 51
0 47611 340 29 6 41 113 7 146 143 4 59 78
0 47745 70 28 9 32 185 2 55 23 25 19 8 42 215 152 74 172 102
0 47796 262 64 92 81 89 7 62 6 40 5 83 45 6 168 202 88 70 56 185 26 7 32 32 23 43 35 91 55 48 77 7 16 60 3 98 34 56 52 110 111 338 46 3 1 5 6 124 66 26 74 105 80 42
0 47832 36 47 37 13 82 76 157 204 2 37 61 18 263 7 296 14 230 54 95 38 11 73 163 21 27 58 11 54 167 33 124 102 46 7 9 28 94 90 568
0 47877 12 7 38 53 114 89 42 48 37 110 91 26 51 2 19 42 3 206 50 112 253 19 31 17 49 87 70 43 124 82 138 1 28 9 36 68 14
0 47915 48 127 111 160 24 142 11 25 408 15 100 69 108 107 57 11 87 12 97 13 165 37 102
0 48000 43 75 68
0 48270 98 25 98 71 13 233 80 18 43 70 40
0 48535 36 5 27
0 48893 57 28 103 260 147 290 17 11 422
0 49034 113 66 348 16 183 19 138 200 66 15 75 102 159 80 73 150 176 120 105 70 11 75 331 30 27 70 65 55 95 94 23 20 44 83 33 14 136 52 18 38 94 20 73 50 23 155 130
0 49060 49 148 66 5 94
0 49176 324 109 5 106 127
0 49293 64 9 1 5 36 12 9 35 118 11 88 59 157 31 5 20 320
0 49316 144 95 33 48 26
0 49477 51 1 163 53 266
0 49620 87 38 79 46 45 35 115 35 19 38 16 17 135 33 9
0 49648 53 26 116 114 599 7 32 26 9 46 408 115 22 42 108 84 27 8 17 68 120 29 143 22 62 155 96 4 108 10 20 20 59
0 49732 249 41 75 193 25 5 189 136 12 25 780 34 1 61 63 58 176 4 300 142 48 93 125 193 113 160 116 87 86 13 145 38 33 3 15 158 123 96 202 93 6 4 236 76 107 38 21 38 220 47 179 24 2 143 48 41 128 2 43 10 106 21 249 4 44 70 26
0 50056 57 14 75 153 15 45 17
0 50377 40 1 7 6 25 57 86
0 50438 9 6 43 30 10 22 30 14 117 51 43 26 73 20 274 64 95 149 4 10 72 22 42 76 179
0 50595 23 24 126 85 118 63 109 136 14 119 14 58 44 56 128 162 112 121 69 17 20 1 240 9 52
0 50694 259 2 339 156 31 36 208 25 22 109 5 40 58 82 88 98 31 7 46 35 80
0 50701 52 13 164 49 57 31 165 2 187 27 23 43 84 147 50 48 11 34 63 32 201 25 255 14 240
0 50742 177 50 62 23 82 28 79 38 28 7 57 231 12 92 231 16 35
0 51046 157
0 51123 3 10 147 46 133 119 178 31 18 5 115 13 33
0 51164 60 51 135 83 11 11 31 29 4 49 85 75 148 85 145 27 92
0 51209 233 64 96 27 25 456 22 129 32 80 280 7 31 14 18 11 176 82 219 32 50 21 715 47 55 308 272 7 68 79 45 3 11 47 50 72 38 12 328 13 6 40 4 19 158 1 10
0 51223 330 27 14 4 53 147 530
0 51268 112 23 270 4 55 76 21 56 252 63 94
0 51592 37 14 126 28 19 68 41 165 29 45 241 14 122 17 47 30 137 126 111 1 169 45 1 70 97 9 35 5 51 104 75 59 29 54 46 4 54 87 31 22 36 77 8 46 35 1 126 20 144 65 25 139 6 48 58
0 51598 480 123 91 41 21 26 197 187 247 19 17 27 184 52 99 7 346 76 238 27 439 32 48 46 211 21 14 43 44 26 6
0 51813 63 173 2 6 165 17 111 75 40
0 51914 28 73 307 19 4 13 49 8 69 49 91
0 52129 145 141 112 40 53 129 72 123 598 94 52 13 256
0 52202 163 47 76 33 244 13 77
0 52278 155 175 50 41 184 79 65 21 88 51 107 66 249 21 29 103 92 36 15 80 13 34 259 14 64 30 68
0 52284 13 16 22 40 66
0 52324 44 24 19 55 91 89 23 116 8 288 35 97 74 56 102 93 73 94 450 9 41
0 52787 28 194 127 57 135 2 2 46 29 8 57 14 111 107 23 4 60 62 139 2 298 42 63 79 34 86 144 39 180 124 47 114 64 14 104 107 26 13 92 37 196 24 695 42 15 52 66 135 39 43 20 14 59 73 151 60 64 20 33 28 50 56 215 34 57 15 132 21 113 124 10 23 294 4 112 31 1
0 52944 105 28 177 33 29 25 28
0 53093 231 15 25 16 115 37 89 89 186 92 179 74 15 7 40 36 47 1 49 9 184 64 52 44 42 76 96
0 53178 47 36 30 12 35
0 53327 59 84 67 202 185 40 87 5 14 127 82 39 89 1 63 43 100 2 212 18 19
0 53479 65 117 20 20 12 23 50 33 37 56 73 94 29 43 31 24 88 22 59 4 47 35 18 178 42 77 24 49 67 75 247 21 244 7 372 65 42 14 169 39 5
0 53652 156 66 309 6 98 26 102
0 53662 94 40 128 13 3
0 53713 159 5 18 48 15 30 332 16 18 53 23
0 53861 47 98 19 7 9 68 77 15 21 8 49 111 13
0 54179 97 52 139
0 54331 139 9 28 9 100 66 215 62 77 15 50 1 137 5 86 32 85 84 112 32 6 84 7
0 54679 4 1 126 30 12 63 21 29 38 61 106
0 54709 49 7 145 7 104
0 55081 198 31 76
0 55262 342 61 155 3 160 38 20 48 10 36 191
0 55381 31 25 11 61 86 91 195 62 10 6 194 18 40 44 3 81 145 4 53 2 234 15 117 4 48
0 55501 43 1 156 176 19 54 30 20 35 34 32 61 7 84 29 31 126 35 29 17 121 10 64 29 153 2 14
0 55781 23 37 54 13 5
0 55806 154 47 71
0 55934 109 46 178 3 132 8 302 12 3 24 36 22 54 51 11 72 146 81 19 15 203 37 25 37 40 36 303 23 71
0 55950 122 33 173
0 55968 88 20 79 59 130 64 11 13 14 10 4 78 85 47 215 54 79 88 30 97 148
0 56117 71 113 55 9 14 1 121
0 56137 109 72 18 108 132
0 56334 82
0 56528 2 84 213 14 54 139 81 1 29 20 2 61 25 35 105 23 22
0 56958 160 35 39
0 57177 16 35 110 97 11 2 33 93 1 2 97
0 57388 384 40 111 55 54 17 113 3 109 31 189 57 36
0 57629 206 29 314 14 27 93 10 66 16 69 75 145 59 14 304 2 31 31 243 23 42
0 57705 29 36 269 38 49
0 57712 77 5 71 5 93
0 57978 97 10 74
0 58063 34 51 152 30 33 121 50
0 58144 98 21 150 7 140 6 118 44 6 29 37 82 84 3 58 53 17 30 336 56 8 71 222 1 29 17 147 33 119 48 122 7 46 3 232 59 1
0 58424 2 50 412 21 20 61 10 5 17 85 57 72 3 4 8 65 61 47 6
0 58501 37 51 23 36 61 41 325 54 202 60 19 29 1 52 45
0 58796 8 10 104
0 58797 21 105 25 45 32 64 9 24 83 51 315 97 204 132 83 13 14
0 59211 106 106 37 93 72 39 342 106 31 108 22 19 53 35 129 40 22 89 103 105 23 152 66 19 3 49 25 16 90 75 7 46 46 32 359 36 12 16 7 102 17 161 100 8 64 7 189 5 209 7 46 39 497
0 59249 277 15 5 49 51 28 21 98 32 50 165 92 24 85 98 5 35 1 116 8 33 16 285 36 135 46 347 10 154 64 35
0 59252 20 112 247 53 14 31 16 105 100 29 189 26 78 7 62 16 120 289 328
0 59276 163 24 57 32 36 47 71 11 33
0 59325 51 111 196 26 35 58 193 54 130 10 23 34 97 61 114
0 59527 224 37 147 146 49
0 59619 11 19 143 4 89
0 59656 18 12 128 83 192 49 47 19 14 30 434 19 119 1 313 111 52 57 8 45 87
0 59691 151 6 29 142 253 89 28 15 31 18 75 19 102 21 402
0 59938 43 74 445
0 59977 125
0 60222 68 50 172 131 41 16 317 7 92 65 93 24 359 60 21 15 24 7 46 108 268
0 60365 54 29 95 93 12 62 49 24 161 26 11 11 331 22 71 2 199 8 72 6 73 33 1 131 63 11 3 6 18 20 82
0 60372 37 48 39 125 176 21 121 18 10 5 40 112 22 19 37 322 45 9 222 10 64
0 60382 198 42 30 19 161 114 211
0 60581 122 8 14 27 29 53 28 26 44 23 25 125 51 12 30 75 239 26 61 14 120 24 17 24 12
0 60714 144 4 52 42 27 28 77 1 40 77 96 15 127 98 13 34 158 28 171 12 223 22 11 6 58 23 22 87 46 65 108
0 60949 217 15 27 83 172 57 6 59 150 25 39 40 66 60 92 47 216 128 227 139 37 19 204 33 16 58 14 25 51 44 36 83 251 50 15 17 92 57 36 34 160 139 47 12 205
0 60990 150 3 95 17 8 78 125 70 51 31 84 10 21 25 67 1 88 19 105 37 50 77 290 41 111 38 19 123 113
0 61107 279 24 75 84 85 150 223
0 61131 10 3 7 217 260 58 83
0 61272 14 33 16 16 379 28 69 20 284 24 74 30 83 32 2 52 32 347 86 134 98
0 61399 24
0 61912 98 65 112 29 120 17 594 53 28 21 216 6 384 10 121 124 84 56 98 171 119 65 148 11 23 34 7
0 62059 29 29 239 37 45 5 89 32 37
0 62250 96 18 5 81 100 18 173 6 25 37 202 39 65 74 84 10 36 120 126 15 21 96 68 128 15 18 26 7 213 20 50 5 16 36 195 10 120 5 90 24 113 81 6 5 178 9 269 193 112 13 20 6 204
0 62278 27 80 241 22 104 111 168 64 9 27 64 85 263
0 62358 130 71 110
0 62433 69 4 2 106 98 28 48 185 49 70 748 33 37 81 1 26 73 150 35 54 53 53 118 2 56 80 23 75 65 10 95 84 61 33 9 23 10 31 123
0 62913 38 16 21 7 167 41 331 16 158 57 28 52 257 66 365 23 42 2 156 122 56 4 83 37 136 49 145
0 62977 84 39 51 51 322 6 140 30 115 27 41 31 283 103 18 39 69
0 63252 130 12 27 71 17 92 3 32 86 79 94 92 38 19 80
0 63590 61 51 12 10 271 26 312 41 3 59 25 67 170 3 85 33 192 8 56
0 63592 148 90 94
0 63708 27 44 58
0 63927 4 42 80 3 46 71 71 29 148 1 18 20 91 15 26 30 298 36 74 71 87 19 223 75 79 18 79 23 239 5 188 27 141 58 3 44 131 15 23 39 113 31 249 82 29 8 74
0 64428 137 3 216 89 65 41 13
0 64468 59 35 48 51 11 101 115 5 276 38 221 11 7 14 125 9 203
0 64515 272 18 143 46 22 138 59 111 191 88 120 132 33 43 1 34 129 34 181 99 78 25 23 15 25 10 101
0 64914 79 163 46 64 7 99 34 63 13 186 33 16 133
0 65358 157 81 9 26 45 91 42 30 15 35 75 7 48 88 16 14 209 61 74 20 6 224 23 8 237 55 92 57 22 46 96 4 265 66 133 38 55 5 173 56 48 29 36 4 210 35 1 61 122 9 25 8 5
0 65675 81 78 54 132 303 3 86 4 30 51 19 2 42 17 112 39 4 41 126 69 76
0 65676 240
0 65757 232 34 68
0 66243 65 2 150 130 28 22 216 35 48 64 300 106 82 26 159 9 25 80 34
0 66297 125 46 318 1 26 13 58 35 52 1 97 20 25 121 95 113 3 13 286 2 128 37 72 9 108 30 16
0 66450 47 33 110 54 16 31 7 23 104 25 71 9 181 27 1 21 37 9 1 73 20 37 128 74 50 96 234 2 166 21 20 54 258 70 11 50 258 2 313 55 1 20 67 34 185 3 13 56 203
0 66520 355 101 63 26 1
0 66576 46
0 66610 324 28 83 53 30
0 66811 162 89 41 24 424 115 317 204 49 13 36 32 33 7 92 122 359 31 109 95 86 47 6 36 105 28 83 7 68 14 68 76 73 4 88 4 92 10 11 81 319 67 66 161 21 35 90 12 108 57 28 104 58 76 18 55 6 7 261 122 57 14 222 24 21
0 66816 13 19 23 6 84 216 14 26 142 57 17 9 81 57 14 121 465 1 49 39 182 53 106 23 23 46 15
0 66872 4 33 50 40 61 125 171 41 235 23 47 25 3 4 292 68 134 11 71
0 67061 407 148 126 53 12 50 28 48 64 67 20 27 208 31 414 102 22 39 13 31 204 17 19 45 22 53 211 8 66 17 36 18 199 38 68
0 67294 7 54 20 118 16
0 67301 172 5 330 87 25
0 67371 29 71 197 13 12
0 67444 204 52 189 31 120 20 1 38 20 46 2 30 23 112 8 10 60 35 28 21 58
0 67456 73 6 89 22 24
0 67472 5 22 20 43 146 4 96 1 39 17 15 53 35 7 117 25 91 6 1 146 2 198 80 58 94 1 316 35 270 41 37 49 40 82 154 12 195 3 65 11 11 30 248 29 121 29 24 51 44
0 67717 21 13 20 54 191 37 60 107 8 74 27 7 23 34 19 32 53 63 73 8 106 76 67 16 22
0 67772 88 40 4 120 42 97 69 27 89 52 115 8 149 1 41
0 67972 11 93 69 15 64 188 48 78 94 100 54 31 73 186 20 5 169 142 3 99 283 81 126 11 126 81 30 27 50 89 71 39 126 28 11 11 30 53 17 6 72 11 136 90 163 59 13 24 1 201 217 59 75 20 12 4 178 12 65 55 183 140 9 37 45 48 71 17 85 55 4 52 10 23 135 49 249 67 25 65 216 273 67 102 155 60 37 47 67 343 156 101 127 91 134 6 20 4 94 86 150 58 28 33 91 38 235 162 15 27 26 33 5 16 130 1 28 26 107 19 178 21 99 39 141 29 58 13 50 124 8 73 111 12 81
0 68037 37 60 25
0 68056 59 72 124 21 64 25 29 36 42
0 68301 11 13 34 90 227
0 68463 141 5 5 42 92 99 19 37 74 2 74 41 55 32 189 26 182 199 191
0 68668 86 93 111 41 121 12 1 3 48
0 68819 32 5 3 6 189 145 154 79 18 12 314 57 1 56 70 12 63 44 158 124 29 106 100 38 11 11 66 16 3 3 12 48 18 71 6 230 27 18 210 38 60
0 68860 328 24 18 9 41 18 90
0 68999 12 89 12 10 22 47 36 3 66 21 126 28 7 47 19 159 2 20 40 89 32 41 392 60 95 33 23 5 79 22 12 44 2 56 180
0 69107 89 51 90 1 57
0 69230 77 5 469
0 69752 45 13 62 153 57 11 108 6 55 64 176 1 14 71 5 59 56 140 19 3 22 84 107 11 6
0 69982 131 21 131 77 166 9 263 12 39
0 70068 249 10 47 136 20 31 48 21 153 175 10 97 74 78 3 19 220 88 59 29 306 25 5 18 314 75 166 28 86 150 34 26 207 2 440 90 67 9 39 63 9 204 8 15 367 40 85 130 75
0 70211 50 6 3 50 133 44 73 64 208 48 131 7 89 43 330 2 6 41 136
0 70219 173 57 207 15 514 11 154 5 37 65 210 69 149 31 105 124 50 12 352 31 14 47 72 15 30
0 70336 1 42 43 77 14 97 84 3 189 41 3 182 66 55 28 44 50 47 56 32 55 35 316 113 55 1 99 33 131 9 55
0 70389 40 108 140 106 92
0 70468 103 10 53 99 237 8 12 6 78 10 108 9 133 48 45 102 59 184 26 75 169 38 5 99 40
0 70626 15 11 259 229 55 73 19 65 292 24 8 100 18 1 4 1 111 53 76 28 50 10 43 67 168
0 70631 6 58 23 16 22 51 277 15 86 133 11 11 63 6 68 37 55
0 70824 12 223 26 148 217 57 52
0 70875 20 115 31
0 71018 585 101 58 24 19
0 71387 117 7 127 1 115 32 2
0 71407 47 35 30 26 2 19 14 39 185 38 17
0 71596 101 10 40 83 68 33 134
0 71632 159 47 104 44 70
0 71718 137 3 6 12 2 4 50 3 65 76 298 34 7 9 157 2 41 1 17
0 71736 8 4 3 21 19 107 17 35 247 46 14
0 71893 90 11 14 228 95 25 121 112 26 228 4 15 274 56 119 65 91 17 70 1 27
0 72393 169 106 239
0 72481 28 115 16 29 28 3 42 52 123
0 72554 174 11 26 27 34 16 144 58 302 9 17 21 16 21 41
0 72632 67 73 49 143 153 15 164 57 110
0 72761 51 1 371 255 23 39 177 94 50 53 23 9 135 331 64 42 87 168 14 9 10 8 46
0 73345 157 121 17 12 1 161 24
0 73468 45 16 20 35 5 209 99
0 73532 38 46 215 183 5 9 189 23 78 24 3 42 74 5 5 8 145
0 73620 21
0 73845 25 25 88 117 105 74 9 111 100
0 73939 157
0 74071 58 10 112 27 192 16 103 7 36 19 112
0 74229 42 1 64 11 117 15 47 56 33 4 214
0 74236 45 80 368 117 25 39 42 16 19 10 15 40 71 56 47 134 90 5 193 41 103 36 8 12 363 91 72 132 115 81 32 20 24
0 74348 100 7 150 58 131 32 38
0 74451 17 108 5 39 15 92 37 107 69 50 26 215 127 33 71 32 301 19 64
0 74758 8 43 182 45 80 23 204 59 167 29 116 25 256 5 31 158 111 132 269 36 611 9 23 5 32 114 383 55 97 68 16 73 81 6 195 10 39 6 156 72 147 100 14 75 14 101 39 12 110 344 106 12 17 7 191 23 263 29 129 6 120 52 6 93 25 43 5 113 224
0 74812 77 28 51 46 53 196 234 75 223 90 139 35 134 69 258 24 36 39 36 10 56 86 3
0 74953 13 12 85 112 150 8 17 7 56 28 39
0 74998 65 40 87 10 26 109 27 41 232 30 3 33 33 13 26 26 44 91 52 41 52 34 51 89 110 34 63 27 398 68 84 36 95 60 32 4 52 87 41 68 22 5 31 42 18
0 75098 4 17 25 128 11 39 3 121 15 16 77 13 147 79 132 3 136 18 305 40 171 36 215 359 42
0 75721 186 35 59 4 102 97 62
0 76598 157 105 14 49 13 283 90 79 105 43 215
0 76661 226 32 496 41 116 22 86 2 90 6 46 34 23 33 375 5 107 74 100 47 201 17 12 165 47 13 130 18 88 9 252 18 212 88 193 18 158 56 11 8 196 31 23 10 37 134 29 84 4 168 32 12 86 40 31 11 310 60 32 40 51 72 147 47 144 23 246 20 79
0 76966 199 2 30
0 77208 169 86 80 8 143 52 42 102 60 103 67 46 30 65 25 53 340 12 13 1 36 50 111
0 77498 107 14 184 127 23 45 97 52 108 29 55 80 116 1 153 16 101 6 38 109 53 1 32 119 137 4 238 154 22 64 58
0 77548 119 93 3 6 201 40 66 4 33 111 2 47 24
0 77631 61 5 30 136 58 4 167 3 257 11 79 43 107
0 78121 128 17 16 84 62 53 82 5 491 301 258 29 67
