0 0 156 22 32 3 11 34 10 24 197 15 126 57 46 20 87 53 43 11 14 41 9 29 182 149 70 78 266 25 129
0 129 117 1 109 29 109 43 46 66 113 42 248 40 28 29 12 41 26 89 129 14 5 79 51 62 11 72 16 1 117 13 44 26 290 82 111 15 56 2 13 116 6 47 12 25 148 32 124 5 86 3 162 165 98 106 13 66 80 92 36 10 188 96 50 62 43 2 237 47 84 1 213 31 55 3 200 1 97 3 151 8 54 16 351 28 404 15 102 50 12 5 241
0 137 93 49 287
0 144 115 55 15 5 75 1 25 51 162 23 82 81 213 95 99 39 23 1 15 19 125 23 24 50 2 91 7 89 125 39 92 1 118 59 44 33 233 60 212 82 2 13 52 89 11 1 2
0 166 235 25 19 60 62 190 8 45 92 35 39 48 14 5 45 115 15 9 9 26 13 43 6 18 6 130 59 98 234
0 280 89 55 76 11 119 55 95 29 40 72 36 51 2 118 9 39 106 139 5 33 122
0 311 61 37 22 170 11 2 42 89 16 17 27 16 163 181 126 213 33 67 200 41 121 3 43 28 342 3 12 8 51 88 83 38 59 25 15
0 466 34 125 25 38 201 8 340 31 97 35 69 11 54 42 63 48 34 4 4 22 93 37 70 22 50 28 196 114 38 15 326 63 102 43 9 33 15 111 83 147 56 23 20 27 107 110 100 73 268 1 34 5 4 1 139 38 18 28 88 29 104 50 136 36 41 22 91 31 83 61 150 108 7 71 5
0 501 140 41 15 18 189 65 5 32 107 90 263 86 223 15 301 4 21 64 120 128 66 110 504 1 58 43 71 33 3 68 4 23 121 28 220 35 109 154 89 71 50 8 147 195 132 74 57 17 9 153 108 46 94 45 36 65 153 93 115 39 83 21 246 15 246 4 26
0 765 173 66 16 75 171 8 67 8 245 1 2 22 107 125 162 24 95 6 103 60 47 11 291 6 62
0 850 65 18 56 4 21 90 122 6 11
0 1163 277 43 3 15 11 67 10 103 4 10 26 82 173 7 2 12 48
0 1334 52 54 194 23 28 68 62 86 103 31 113 18 128 31 414 2 122 186 209 58 132
0 1374 37 79 25 115 21 8 237 163 8 5 334 59 131 27 2 119 196 48 161 28 86 64 125 17 100 67 43 53 61 70 180 89 252 6 111 173 73 45 104 16 11 10 358 72 12 39 98 14 59 87 5 57 87 95 27 4 170 40 15 88 94 53 209 107 10 15 19 88 177 52 103 2 123 62 59 16 119 10 99 76 229 8 44 15 187 138 226 44 87 34 108 124 62 24 42 64 202 24 39 11 42 25 6 101 115 68 11 22 118 6 281 104 6 80 28 77 201 78 127 205 244 47 5 20 79 257 68 7 89 41 15 213 10 60 74 3 32 38 110 74 8 1 2 40 17 26 284 15 19 46 228 71 2 31 312 68 3 159 320 45 60 35 363 33 112 14 194 65 2
0 1409 3 45 27 84 54 3 21 2 175 51 86 4 64 84 17 33 134 20 76 22 237 18 39 95 144 9 143 124 16 106 11 52 70 3 208 2 202 44 64 19 308 4 192 98 146 51 102 22 110 217 71 4 230 52 130 107 59 17 84 75 45 44 63 48 6 80 17 42 59 17 54 119 101 3 102 51 79 15 36 23 159 104 18 26 68 1 42 4 85 178 42 6 2 14 158 36 122 38 335 11 72 16 1
0 1411 369 45 81 32 7 60 6 58 68 32 233 220 58 20 31 89 291 9 210 31 19 64 138 59 29 64 93 11 59 19 168 11 51 34 181 54 96 58 109 79 112 40 255 46 31 16 58
0 1606 120
0 1620 6 24 53 61 82 29 81 34 214
0 1796 33 46 11 18 121 19 106 17 52 28 49 35 27 13 28 11 103 88 198 36 365 15 37 189 46 10 6 23 132 36 171 2 142 28 43 6 193 24 13 19 126 6 157 27 79 55 28 30 2 11 62 215 115 31 120 30 5 61 4 49 24 2 14 15 531 23 122 93 72 7 73 8 27 80 88 40 24 11 137 37 36 120 32 10 47 32 137 44 167 45 22 10 12 6 93 5 10 92 175 72 280 28 28 6 52 127 9 35 59 22 89 19 4 9 38 129 17
0 1866 77 61 62 73 34 54 128 202 68 145 173 31 38 15 58 170 89 34 18 76 46
0 2091 10 79 163 25 41 34 121 127 14 49 28 45 141 10 74 129 140 59 81 50 84 138 97 44 20 44 124 44 42 108 38 26 54 91 20 85 100 197 7 1 50 24 19 58 74 58 72 61 17 51 92 2 144 4 146 74 381 16 92 1 148 69 75 2 20 7 227 5 3 1 163
0 2313 196 34 205 46 30 30 17 25 85 16 75 121 64 56 236 10 587 54 125 116 22 17 21 20 55 21 24 9 84 19 16 83 31 55 376 75 17 21 256 10 263 18 346 3 112 41 92
0 2409 25 12 9 107 49 3 26 6 23 89 511 12 59 8 211 55 20 3 62 127 170 97 48 30 35 24 77 88 9
0 2458 18 44 68 8 263 57 192
0 2775 55 46 99
0 2834 94 25 12 15 10 13 11 68 255 7 78 22 337 28 124 111 168 6 3 27 45 49 35 19 44
0 3053 50 125 30 24 66 30 21 124 210 6 102 12 20 25 252 124 154 41 15
0 3093 22 1 49 20 7 10 41 16 112 4 49 27 210 33 95 10 118 15 29 3 42 26 263 34 26 15 62 16 8 20 150 2 9 54 21 82 26 20 119 11 38 26 53 21 62 81 61 1 193 49 237 15 162 50 92 87 162 16 43 7 54 3 48 1 45 203 45 20 267 29 42 22 64 23 45 46 429 29 28 73 74 41 52 18 2 29 262 62 147 67 55 108 70 10 42 19 33 139 83 67 17 97 288 2 82 21 82 18 173 17 6 38 24 190 30 12 7 79 275 244 30 22 163 6 98 174 134 2 238 43 9 99 48 29 60 138 2 154 51 62 39 14 84 232 68 8 85 47 155 46 23 1 34 10 154 33 1 3 111 23 220 20 3 27 64 11 250 7 45 9 187 230 3 55 30 6 38 39 170 5 48 1 36 192 55 28 271
0 3236 72 4 126
0 3365 141 7 196 20 101 113 62 52 18 4 13 14 150 99 103 8 259 5 10 1 80
0 3557 51 32 361 17 39 64 27 27 61 45 9 105 44 28 24 5 53 137 196 8 204 46 66 19 138 43 149 15 36 146 38 106 144 111 7 189 307 38 71 7 207 61 54 28 97
0 3578 122 52 35 65 226 5 304 58 11 65 135 29 82
0 3655 147 53 3 93 11 27 38 3 79 73 195 21 16 100 468
0 3810 77 98 54 9 123 30 274
0 3832 216 40 214 41 84 11 257 39 32 14 2 103 192 18 1 34 8
0 3889 14 84 3 62 177 13 36 56 175 26 304 13 61
0 3938 26 28 33 59 45 56 18 49 71 15 399 67 107 59 102 22 47 7 12 27 73 27 21 63 11 9 26 22 34 113 119 63 237 170 18 20 32 2 19 89 191 29 124 42 13 28 19 56 167
0 3946 141 3 70 23 69 134 18 24 39 88 20 9 120 133 234 37 155 48 164 3 165
0 4198 78 15 171 10 12 40 3 138 110 22 178 62 97 315 8 9 324 4 23 17 6 124 48 23 87 37 74 7 101 73 124 10 96 22 27 80 25 3 62 30 155 29 3 24 60 107 144 51 71 12 98 2 21 194 17 51 10 26 367 126 135 41 68 60 14 28 42 84 60 55 579 48 32 39 111 5 88 5 141 5 1 25 32 214 101 67 1 13 14 66 121 8 65 15 5 24 263 31 44 87 312 13 83 76 58 3 24 33 206 4 157 100 20 14 102 34 59 83 150 4 22 31 42 7 121 6 74 35 63 16 127 17 51
0 4200 194 82 8 20 35
0 4259 31 28 334 37 17 5 78 29 210 4 82 49 188 20 148 39 162 40 237
0 4310 63 34 106 17 58 2 71 140 107 67 16 10 143 22 67 212 9 114 68 5 202
0 4320 20 10 76 55 7 12 76 177 176 60 183 105 140 12 13 26 68 49 162 42 42 7 41 43 21 30 401 92 80 87 133 28 19 19 77 80 88 71 48 12 138 91 289 24 197 39 207 38 73 162 65 53 151 137 26 19 549 106 55 98 419 20 44 22 128 118 84
0 4595 93 10 131 3 2 39 70 1 54 51 29 24 27 95 498 32 5 10 53
0 4625 264 16 30 14 34 121 22 30 45 3 157 6 52 34 86 48 12 97 122 44 23 43 45 3 78 29 32
0 4967 33 25 196 34 21
0 5171 39 26 11 44 89
0 5267 116 81 121 30 66
0 5619 212 109 7 39 232 50 41 5 10 23 142 41 20 221 143 28 5 18 31 14 299 18 11 4 156 6 242 12 183 30 10 152 90 148 187 69 19 46 3 41 44 36 465 6 56 19 159 4 210 117 414 12 69
0 5702 72 47 7 2 230 119 737 85 39 98 5 1 32 86 2 41 64 59 338
0 5724 59 46 260 18 270 51 160 113 9 154 68 17 6
0 5794 97 2 42
0 6014 167 14 200 59 6 60 45 12 204 17 41 42 7 15 318 24 307 26 1 32 40 53 103 78 11 23 47 5 37 40 2 12 6 74 113 31 229 67 350 114 1 101 36 67 158 10 92 3 8 141 143 45 4 37 188 57 44 34 58 14 24 6 85 45 39 61 26 34 131 18 251 53 387 120 98 18 13 90 15 5 9 6 13 49 46 44 23 56 16 52 160 62 106 45 1 9 38 80 61 1 8 54 169 5 18 46 156 22 15 59 42 1 230 21 53 9 25 32 114 62 190 47 100 54 15 62 186 80 222 53 60 48 99 39 131 3 38 44 5 99 52 68 116 17 49 34 149 54 257 21 11 19 59 78 70 71 32 33 91 79 50 6 103 51 87 46 159 53 172 51 54 17 484 26 134 34 34 83 5 32 15 4 47 12 40 45 324 36 63 67 163 66 35 98 32 70 11 15 10 31 13 52 366 37 231 47 189 194 75 10 158 3 551 49 2 12 48 129 67 64 263 99 45 57 10 23 8 76 16 63 129 2 46 78 47 1 93 10 9
0 6195 98 58 44 41 151 95 36 17 10 46 43 104 142 3 103 27 304 17 163 37 35 14 105 28 413 47 24 132 51 25 8 90 18 2 111 28 2 1 7 7 171 16 63 1 10
0 6234 56 16 156 35 14 127 21 21 3 47 2 9 15 137 2 50 47
0 6409 65 56 112 12 31 8 94 40 88 14 140 29 89 30 189 49 128 36 349 1 10 13 57 47 57 16 201 13 29 32 50 3 126 2 53 8 135 100 35 33 17 54 97 48 94 83 5 55 46
0 6459 21 22 6 84 72 20 151 5 20 8 58 4 60 15 29 89 45 36 46 109 30 22 148 36 137 20 3 8 89 30 3 32 72 81 80 10 159 9 42 117 15 93 86
0 6652 84 81 56
0 6675 220 50 87 7 308 28 9
0 6699 144 5 54 86 57 83 40 100 110 33 6 174 215 106 90 6 22 2 143 76 137 71 53 49 42 21 60 11 3 21 24 26 69 20 161 40 25 66 34 68 18
0 6901 45 183 49 83 61 3 297 66 5 80 3 7 155 174 64 97 5 25 422 61 6 80 99 1 160 197 219 193 23 26 108 68 69 96 139 162 153 33 167 55 109 66 349 16 305 30 18 13 210 143 162 8 84 6 63 27 30 22 26 28 71
0 7038 159 34 75 24 90 61 43 17 132 38 147 95 50 46 129 10 160 20 134 55 113 166 25 53 133 2 238 51 42
0 7190 90 34 111 12 50 52 34 45 19 5 39 22 50 12 259
0 7312 66 1 241 49 58 31 1
0 7449 15 3 161 26 14 131 57 8 366 24 40 2 45 28 83 2 100 39 33 29 294 194 66 21 84 28 19 78 40 12 3 24 44 193 40 61 5 67 27 2 69 13 4 26 310 124 13 37 50 71 207 2 153 16 59 26 150 2 171 65 6 45 239 18 21
0 7466 83
0 7478 22 62 44 8 227 16 11 58 104 108 75 50 29 26 27 121 94 57 12 37 236 43 129 27 128 70 23 9 256 33 9 17 101 60 162 58 24 14 168
0 7996 145 100 23 25 22 47 288 35 58 29 26 49 229 47 292 95 279 39 173 21 49 90 2 14 50 42 96 108 111 22 168 195 43 19 38 57 3 73 19 97 137 205 115 21 133 4 60 38 105 62 370 74 18 3 56 46 25 28 33 24 46 68 125 227 166 14 41 57 117 32 327 84 26 43 117 7 379 61 32 79 50 50 43 112 44 60 94 176 2 6 24 94 130 33 28 19 8 10 2 4 71 125 39 16 12 5 67 45 10 63 26 57 130 113 1 13 21 57 39 19 126 21 456 47 2
0 8016 6 66 119 59 260 134 89 14 77 34 22 16 252 3 73 17 114 94 43 10 1 91 36 117 80 13 25 21 147 145 259 36 35 18 86 62 21 30 35
0 8063 208 20 211 9 62 53 49 33 56 88 24
0 8374 311 37 7 43 175 35 24 30 66 30 38 49 26 3 52
0 8475 18 40 288 118 187 76 13 113 104 108 126 13 390 26 6 4 83 35 45 2 172 65 148 23 117 13 114 22 41 64 141 103 53 22 90 80 84 35 84 52 120 2 204 70 44 24 36
0 8550 161 22 103 49 59 75 118 57 171 33 171 105 14 143 18
0 8568 23 4 162
0 8585 80 22 205 41 73 331 516 138 332 15 55 27 124 18 77
0 8886 164 49 34 112 23 129 74 11 88 61 19 123 56 73 289 25 64 91 150 16 59 80 25 65 74 110 111
0 9054 12 126 9 148 26 6 89
0 9158 221 12 88 37 114 139 47 44 109 12 14 92 349 31 45 34 5 41 9 43 225 47 99 26 13 4 24 117 55 22 53 17 315 31 271 113 143 44 243 25 199 57 357 31 44
0 9175 78 215 282 6 121 9 70 127 26 35 11 145 53 4 300 31 1 69 456 4 140 37 193 5 175 8 138 102 51
0 9234 75 4 69 16 286 47 142 29 39 46 44 17 2 4 87 59 25 10 34 68 88 35 121 21 63 79 24 38 164
0 9272 21 280 234 29 86 23 36 21 144
0 9457 130 298 37 8 77 74 12 89 126 89 2 9 63 23 15 3 57 26 1 12 88 55 123 2 174 32 475 10 36 29 232 5 55 63 66 21 43 166 66 36 107 8 397 73 51 38 241 1 54 25 42 68 38 147 25 8 165 18 401 5 69 6 10 1 42 159 2 68 23 38 164 38 194 7 59 3 159 26 175 67 361 91 280 49 45 26 28 34 271 53 1 43 8 32 44 13 3 44 59 80 33 23 7 26 4 103 40 17 25 32 203 21 41 14 12 83 141 20 124
0 9609 381 30 59 55 240
0 9844 68 16 194 65 25 30 56 57 3 33 38 31 25 27 309 30 81 26 58 26 115 1 4 186 397 46 173 32 151 16 71 23 29 16 119 4 183 31 23 86 15 37 306 51 56 40 18 3 22 82 24 86 175 2 112 111 112 93 73 30 62 1 20 38 105 30 138 34 10 60 301
0 10061 285 146 114 76 81 13 77 17 26 2 35 167 123 129 13 17 77 62 65 11 74 30 79 28 68 27 279 18 33 160 28 18 12
0 10069 9 30 26 213 60 53 132 39 168 1 323 46 153 52 88 30 4 70 16 13 73 31 23 125 87 35 203 67 23 6 51 1 146 86 102 71 59 23 63 69 12 38 14 18 28 16 157 97 5 3 242 8 11 32 78 5 96
0 10212 36 27 39 42 4 134 33 35 28 67 48 8 142 146 130 35 181 98 156 7 150 142 25 4 6 132 159 65 10 45 40
0 10496 324 15 234 24 96 12 270 149 67 1 3 40 50 41 100 20 24 22 64 10 340 155 129 39 215 3 27 54 50 70 6 32 177 47 94 4 40
0 10782 164 67 157 55 241 18 20 56 65 64 76 3 47 5 44 6 448 74 124 12 240 6 3 90 15 5 83 15 439 86 206 160 118 90 91 1 61 26 5 44 3 29 32 82 243 22 172 10 133 26 216
0 11275 129 25 23 61 29 24 194 16 14 10 356
0 11294 1 76 146 57 17 69 34 1 10 9 65 45 14
0 11398 208 19 37 71 10 330 7 8 255 12 24 203 181 17 11 143 195 183 14 115 245 45 128 1 314 39 271 12 33 81 57
0 11426 89 14 14
0 11438 51 4 104 8 63 228 95
0 11669 43 28 107 38 8 42 41 17 84 8 188 40 27 65 117 14 19 126 133 147 18 25 42 106 53 2 83 135 12 216 48 56 124 69 88 107 95 86 31 72 26 36 242 32 55 30 175 157 148 36 217 28 137 40 113 91 60 9 110 10 74 24 62 96 139 198 2 157 22 194 65 38 186 8 62 148 53 86 75 7 48 22 41 48 59 48 1 27 7 6 40 21 48 24 129 21 122 30 87 197 32 1 161 87 111 27 72 126 192 2 132 117 152 32 146 68 77 1 72 149 19 203 13 63 136 15 23 78 102 82 18 40 164 28 86 82 69 46 5 13 460 8 97
0 12134 34 78 167 25 9 184 130 37 211 59 82 60 150 56 70 238 73 1 143 11 40 64 171 1 74
0 12146 46 47 58 37 29 61 107 23 1 80 69 85 105 22 31 11 146 11 13 52 49 36 17 46 74 75 426 161 55 46 42 65 219 89 94 19 170 26 35 34 212 63 47 17 15 223 70 19 79 41 70 66 107 6 369 43 329 25 73 100 35 4 116 30 7 6 9 43 33 27 79 5 9 12 34 44 8 21 83 40 93 12 110 22 22 12 17 48 80 10 95 69 119 39 180 60 83 78 259 195 105 105 118 27 87 134 112 15 183 145 52 20 99 45 94 8 60 74 141 12 9 45 154 59 78 53 157 48 273 53 21 65 77 11 20 72 169 37 58 92 6 87 48 117 169 14 288 4 150 29 97 72 46 141 5 13 25 8 283 59 116 45 371 24 78 15 107 43 82 42 172 2 174 259 1
0 12258 13 49 180 31 65 273 34 54 268 26 6 30 5 34 124 35 67 87 352 146 3 11 100 196 188 44 8 15 53 6 644 10 9 118 110 358 3 28 26 23 73 64 19 24 29 9 397 83 49 17 53 53 48
0 12401 387 74 51 36 19 3 4 33 45 63 89 16 130 29 194 55 3 203 113 6 1 11 13 72 71 113 142 2 40 6 32 87 149 6 80 2 10 18 42 46 37 19 66 4 78 3 5 53 69 19 11 36 128 94 23 172 1 87 101 30 207 18 321 13 132 123 158 51 73
0 12503 142 30 18 7 117 192 5 9 202 28 139 33 210 12 5 20 14 38 11 47 132 3 164 18 119 31 185 41 14 23 20 2 230 23 14
0 12676 77 59 118 37 307 54 153 57 85 106 23 43 80 134 31 58 65 9 13 40 11 36 41 59 128 34 158 23 275 22 76 37 23 71 82 31 109 46 60 45 108 38 29 111 109 10 426 33 124 37 74 16 441 15 42
0 12994 24 46 247 59 43 4 169 16 21 34 87 82 116 62 7 64 23 86 103 38 5 222 76 72 11 81 87 27 9 31 149 36 13 162 14 35 24 3 159 22 5 56 63 68 18 6 14 14 52 49 33 11 285 61 89 67 102 66 102 67 302 21 42 11 189 11 239 30 27 16 6 72 123 48 29 54 29 16 51 4 61 28 48 40 117 23 9 68 27
0 13129 124 8 198 10 15
0 13334 43 163 90
0 13446 402 16 32 78 76 14 1 28 153 11 369 4 21 102 201 67 11 27 46 21 8 1 159 24 20 77 134 77 31 30 163 61 73 15 61 1 39 84 71 10 35 1 27 65 45 37 190 30 141 28 176 38 49 225 114 72 3 4 162 8 333 10 66 8 251 42 54 46 59 58 291 99 126 5 149 160 29 1 7 23 303 96 125 83 9 72 587
0 13643 191 8 69 168 281 101 18 6 94 75 173
0 13716 27 1 66 98 70 75 74 11 333 14 19 21 150 25 187 67 92 31 61 3 182 116 98 27 97
0 14069 160 48 134 3 48 4 119 63 174 44 5 4 189 39 6 17 116 2 140 10 146 22 178 28 275 30 63 8 192 45 44 97 22 101 75 13 52 13 14 85 68 51 21 4 35 29 222 296 23 71 118 10 13 4 87 11 176 75 111 11 46 42 19 16 59 172 17 74 6 3 58 23 104 11 16 10 36 18 438 40 23 68 85
0 14246 93 14 14 103 416 158 182 29 21 6 68 269 122 15 332 51 41 62 23 92 48 42 15 15 45 8 89 93 167 88 163 32 47 15 17 12 224 41 115 59 29 7 78 35 45 16 74 15 28 17 173 9 180 16 69 38 36
0 14320 22 41 138 119 27 135 1 65 43 39 75 14 293 6 91
0 14421 11 90 174 7 115 18 313 10 305 124 107 11 44 25 30 37 45 33 12 41 238 101 8 74 1 8 89 33 55 87 21 23 88 27 45 12 165 35 62 16 33 261 12 105 100 34 25 100 103 17 3 1 19 57 122 87 67 26 34 41 18 64 39 37 197 11 57 2 163
0 14505 2 14 703 288 264 67 13 141 183 23 6
0 14632 26 27 15 87 92 112 65
0 14871 171 11 159 35 25 8 146 131 182 39 6
0 15196 186
0 15337 218 126 123 77 8 31 60 116 9 100 57 165 205 21 30 73 71 119 23 150 151 42 92 79 7 57 946 104 147 47 159 51 39 108 112 32 4 14 321 14 267 52 34 1 82 56 95 13 68 69 152 12 4 12 35 123 316 87 130 29 215 136 159 197 440 35 59 39 39
0 15559 112 86 282 103 2 68 188 74 1
0 15656 198 51 273 72 4 33 216 7 192 35 147 58 89 11 196 16 6 10 62 59 48 26 257 59 99 38 88 123 98 90 65 113 60
0 15714 594 41 50 82 37 34 253 66 121
0 15724 225 65 247 24 319 33 161 6 101
0 15786 151 61 1 31 174 23 100 126 107 21 3 28 82 91 27
0 16051 77 89 62 60 249 101 12 193 31 26 85 83 133
0 16254 101 35 1 15 21 3 23 178 60 4 131 55 56 2 167 31 7 23 22 8 229 63 163 199 205 3 76 130 8 87 68 27 88 67 53 12 23 100 38 79 45 25 64 47 150 31 11 61 194 1 123 91 134 25 127 128 78 63 75 18 50 175 83 101 11
0 16353 71 30 87 27 68 69 19 3 293 66 54 54 81 79 40 96 84 28 324
0 16441 166
0 16466 503 96 106 6 330 10 79 57 46
0 16642 64 82 219 48 285 7 7 5 19 40 462 139 118
0 16712 30 75 64 91 172 10 24 4 234 21 69 8 10 15 35 38 199
0 16713 103 114 123
0 16922 27 20 61 40 20 9 506 46 393 25 268 25 190 25 25 17 140 11 8 81 276 9 100 37 112 58 11 18 10 65 13 63 36 114 147 13 35 39 85 16 8 40 76 20 130 339 168 103 212 112 32 50 515 15 40 15 90 14 33 66 28 10 415 110 116 7 60 27 222 17 65 45 41 22 180 22 317 11 8 125 78 5 276 30 29 43 309
0 16958 209 41 139 90 19 13 71 18 43 138 34 53 2 15 213 16 157 42 6 7 250 18 19 65 2 112 18 3 13 1 70 67 9 70 146 22 38 64 97 20 173 24 34 16 149 35 265 13 49 10 16 6 7 13 21 46 2 69 240 65 101 31 1 60 245 53 104 13 42 30 225 19 225 7 152 51 88 140 90 53 14 54 253 54 129 36 139 8 29
0 17012 48 91 56
0 17446 91 30 183 121 9 28 106 27 38 35 4 21 20 119 103 98 109 42 9 5 149
0 17562 12 63 100 2 333 71 41 15 222 18 55 77 46 61 16 9 1 107 153 24 36 3 319
0 17762 125 25 124 21 142 87 2 8 65 16 111 51 53 6 52 172 23 108 72 45 13 9 12 25 35 31 108 73 125 78 55 138 137 3 71 13 251 25 98 15 16 39 150 18 113 69 384 24 164 21 76 43 139 108 73 114 29 59 281 37 25 24 55 12 243 70 40 131 84 3 16 28 97 119 18 28 64 4 81 3 61
0 18315 53 29 123 52 22 100 14 29 32 129 50 78 374 12 5 123 168 52 136 28 90 5 17 32 20 7 140 56 241 9 26 163 121 57 41 23 145 13 177 59 56 38 193 23 32 135 10 128 48 42 44 13 151 17 331 2 119 1 100 40 41 52 213 14 20 4 49 52 145 16 83 4 762 21 3 14 143 19 31 9 82 18 267 27 73 112 163 110 107 31 22 3 212 53 15 2 90 2 25 23 4 128 34 24 171 70 87 23 15 34 294 4 24 56 18 26 75 26 6 7 16 138 49 134 34 35 7 13 199
0 18318 41 25 61 107 196 191 12 191 52 66 103 45 79 123 4 5 134 49 2 23 60 59 47 49 33 56 192 19 119 32 48 9 93 11 9 10 49 39 96 9 165 22 61 2 218 139 428 3 9 111 257 17 402 50 188 4 31
0 18577 2 196 5
0 18813 371 7 175 10 207 33 119 26 23 26 149 1 7 39 79 158 42 7 149 8 44 52 67 9 11 6 26 2 14 21 249
0 19056 23 53 82 203 230 31 74 144 28 39 5 14 60 29 114 3 56 28 18 1 90 45 58 15 1 9 37 89 32 28 25 1 19 85 56 4 61 36 27 1 145 140 63 34 110
0 19315 14 14 289 89 141 48 6 33 359 84 152 45 173 26 23 150 54 124 67 19 48 5 255 92 5 18 224 60 191 29 56 55 105 27 168 37 99 28 348 16 273 117 53 24 68
0 19344 411 13 45 46 50 33 254 41 12 78 115 56 193 40 80 4 48 8 112 30 47 118 226 44 103 17 111 73 12
0 19445 138 122 168 30 418 3 281 40 82 29 87 49 183 38 69 84 73 36 222 16 275 27 62 117 48 9 158 39 84 40 31 37 145 114 183 33 128 38 40 24 13 15 33 19 61 95 8 94 181 55 116 123 1 113 37 23 74 2 55 11 36
0 19593 52 62 541 29 96 70 5 20 57 37 109 21 34 31 171 7 8 3 71 56 286 17 443 30 93 32 69 155 2 18 186
0 19640 18 74 160 62 142 120 28 13 49
0 19661 72 26 185 11 2 14 303 38 130 72 89 112 218 112 32 2 240 2 63 90 49
0 19679 301 20 30 7 105 204 24 92 90 72 36 40 6 70 182 52 215 22 89 31 3 17 164 23 40 11 100 148 18 23 293
0 19919 5 193 10 23 14 7 100 3 25 107 190 29 135 17 108 228 72
0 20067 16 62 335 6 8 98 145 8 170 33 86 40 51 266 66 45 100 130 263 8 37 20 405 15 9 78 157 34 93 66 82 163 35 18 74 28 140 4 95 5 18 26 385 10 72 56 1 3 79 33 42 31 628 116 25 27 265 21 61 15 20 65 126 5 35 113 228 21 7 111 23 16 13 179 201 99 46 144 90 4 143 111 77 36 24 33 242 151 115 157 90 8 27 7 63 32 14 235 330 84 19 14 316 164 41 29 5 40 126 25 61 6 59 71 245 36 37 126 35 36 74 8 37 10 8 19 47 88 57 62 52 61 19 8 70 215 79 74 102 82 13 83 87 35 60 87 12 42 3 18 219 3 16 16 42 6 103 59 174 63 48 9 47 5 152 13 124 48 23 22 74 27 64 2 93 72 141 173 33 46 185 165 28 29 356 133 17
0 20265 5 34 55 61 2 26 153 25 52 360 134 22 179 3 25 79 282 127 442 10 49 47 71 42 258 78 28 63 48 13 21 22 23 4 8 2 47 37 12 10 258 114 44 77 32 1 27 16 171
0 20438 37 2 8
0 20468 59 5 150 5 41 60 254 28 620 18 5 30 134 56 270 61 80 88 22 25 80 95 282 36 177 14 127 57 43 34 1 144 236
0 20553 158 193 18 28 114 26 18 36 38 30 44
0 20666 6 10 116 77 354 4 267 9 188 22 86 15 20 73 12 69 238 29 26 97 26 67 82 82 272 27 49 21 20 37 19 15 298 46 16 13 20 213 124 42 68 158 203 3 2 28 16 59 100 8 95 3 26 30 528 107 50 19 54 116 170 61 151 63 66 38 20 62 32 63 159 143 55 62 8 11 51 24 226 170 57 3 81 57 14 73 286 2 117 39 82 45 70 28 9 32 185 2 55 23 25 19 8 42 215 152 74 172 102 132 34 131 128 46 162
0 20686 62 6 40 5 83 45 6 168 202 88 70 56 185 26 7 32 32 23 43 35 91 55 48 77 7 16 60 3 98 34 56 52 110 111 338 46 3
0 20694 11
0 20890 26 74 105 80 42 94 24 18 93 19 25 41 152 79 407 1 74 31 36 132 14 148 28 115 108 48 75 6 146 82 41 14 116 6 107 84 65 62 203 23 13 5 56 47 180 284 177 15 12 7 38
0 21061 177 21 96 19 220 46 51 26 3 10 84 2 412 25 223 127 37 16 34 25 174 35 85 62 163 69 2 14 17 18 136 7 107 13 48 127 111 160 24 142 11 25 408
0 21210 138 54 213 29 22 44 24 49 25 83 73 51 15
0 21275 150 34 52 90 98 25 98 71 13 233 80 18 43 70 40 8 177 18 9 14 39 120 57
0 21429 519 74 580 9 21 211 229 47 113 66 348 16 183 19 138 200 66 15 75 102 159 80 73
0 21693 240 53 139 6 149 166 60 14 140 33 110 48 188 12 39 22 166 17 28 68 103 9 76 47 40 37 100 12 309 65 19 9 49 148 66 5 94 9 78 162 218 3 211 64 82 39 64 9 1 5 36 12 9 35 118 11 88 59 157 31 5 20 320 10 15 72 190 17 96 13 16 54 51 1 163 53 266 35 95 44 75 40 91 23 70 58 70 10 76 8 33 68 66 5 161 10 53 26 116 114 599 7 32 26 9 46 408 115 22 42 108 84 27 8 17 68 120 29 143 22 62
0 21836 7 54 19 10 39 30 334 28 249 41 75 193 25 5 189 136 12 25 780 34 1 61 63 58 176 4 300 142 48 93 125 193 113 160 116 87 86 13 145 38 33 3 15 158 123 96 202 93 6 4 236 76 107 38 21 38 220 47 179 24 2 143 48 41 128 2 43 10 106 21 249 4 44 70 26 18 216 29 28 38 306 8 90 9 33 107 40 1 7 6 25 57 86 60 41 5 12 22 60 5 44 15 27 59 101 22 52 37 39 137 127 48 298 2 19 36 44 21 152 90 124 53 23 24 126
0 22013 125 55 272 7 237 7 115 22 111 64 323 56 241 35 34 10 2 120 17 26 100 33 259 2 339 156 31 36 208 25 22 109 5 40 58 82 88 98 31 7 46 35 80 61 5 26 25 82 98 29 62 83 4 94 53 12 85 42 294 25 95 6 67 32 64 101 50 128 27
0 22135 28 89 100 31 46 41 55 40 76 14 13 29 462 6 183 116 31 18 1 102 157 31 52 2 19 74 91 67 238 89 61 9 10 58 25 17 78 14 60 51 135 83 11 11 31 29 4 49 85 75 148 85 145 27 92 115 30 117 127 48 53 13 911 11 258 16 159 140 13 16 27 9 22 88 163 110 64 25 41 358 94 28 616 136 14 34 157 23 6 6 93 25 144 19 24 164 25
0 22253 4 19 158
0 22268 28
0 22763 53 7 7 27 293
0 22841 30 56 46 135 7 28 151 11 112 126 125 47 266 108 37 14 126 28 19 68 41 165 29 45 241 14 122 17 47 30 137 126 111 1 169 45 1 70 97 9 35 5 51 104 75 59 29 54 46 4 54 87 31 22 36 77 8 46 35 1 126 20 144 65 25 139 6 48 58 75 4 240 246 46 81 11 51 99 373 124 38 9 53 92 103 50 13 173 151 119 54 220 63 24 91 106 42 7 85 22 52 3 43 72 63 173 2 6 165 17 111 75 40 23 68 14 146 154 37 2 25 25 15 35 97 46 62 72 145 141 112 40 53 129 72 123 598 94 52 13 256 13 49 82 93 38 66 122 26 39 134 26 155 175 50 41 184 79 65 21 88 51 107 66 249 21 29 103 92 36 15 80 13 34 259 14 64 30 68 12 4 7 31 11 79 33 98 14 44 24 19 55 91 89 23 116 8 288 35 97 74 56 102 93 73 94 450 9 41 191 309 14 388
0 23012 135 2 2 46 29 8 57 14 111 107 23 4 60 62 139 2 298 42 63 79 34 86 144 39 180 124 47 114 64 14 104 107 26 13 92 37 196 24 695 42 15 52 66 135 39 43 20 14 59 73 151
0 23108 40 17 55 25 111 108 68 29 30 66 42 57 247 5 46 147 7 56 62 1 33 53 105 28 177 33 29 25 28 68 100 116 30 13 32 58 74 45 178 93 184 90 148 8 14 20 72 24 2
0 23133 184 64 52 44 42 76 96 9 57 24 72 15 23 18 101 50 59 84 67 202 185
0 23264 9 7 254 41 77 45 1 32 85 50 4 106 36 10 202 51 65 117 20 20 12 23 50 33 37 56 73 94 29 43 31 24 88
0 23352 7 24 69 9 355 21 153 12 98 34 150 124 42 122 13 186 129 21 27
0 23469 5 15 115 78 131 155 12 49 52 51 18 4 94 40 128 13 3 25 34 80 10 9 95 8 59 166 32 9 105 12 62 50 47 98 19 7 9 68 77 15 21 8 49 111 13 6 212 49 104 70 112 51 139 9 28 9 100 66 215 62 77 15 50 1 137 5 86 32 85
0 23637 64 3 167 4 49 116 4 1 126 30 12 63 21 29 38 61 106 12 20 25 13 73 14 52 8 124 198 31 76 24 121 171 122 78 5 80 76 10 95 5 71 96 119 40 31 25 11 61 86 91 195 62 10 6 194 18 40 44 3 81 145 4 53 2 234 15 117
0 23709 130 40 43 1 156
0 23738 108 15 39 18 67 16 121 4 167 15 62 63 69 15 34 61 20 32 58 77 3 7 24 94 23 37 54 13 5 8 17 77 93 36 140 43 109 46 178 3 132 8 302 12 3 24 36 22 54 51 11 72 146 81 19 15 203 37 25 37 40 36 303 23 71 6 11 61 66 87 105 6 88 20 79 59 130 64 11 13 14 10 4 78 85 47 215 54 79 88 30 97 148 15 99 36 225 28 17 7 2 61 16 7 109 72 18 108 132 2 131 41 76 65 2 84 213 14 54 139 81 1 29 20 2 61 25 35 105 23 22 5 287 80 70 20 46 73 16 35 110
0 23754 4 17 185 1 3 49 63 71 384 40 111 55 54 17 113 3 109 31 189 57 36 50 161 103 57 157 28 14 186 5 131 8 138 38 289 30 27 152 4 16 61 122 45 21 23 26 29 36 269 38 49 9 5 39 10 36 10 47 14 89 97 10 74 13 57 17 102 76 59 17 242 25 184 27 98 21 150 7 140
0 23930 87 3 57 19 164
0 23937 58 53 17 30 336 56 8 71 222 1 29 17 147 33 119 48 122 7 46 3 232 59 1 47 187 1 100 206 42 10 121 5 9 9 169
0 24152 3 4 8 65 61 47 6 37 51 19 102 12 71 31 81 163 108 101 120 10 57 1 104
0 24163 197 4 20 52 83 1 21 105 25 45 32 64 9 24 83 51 315 97 204
0 24287 26 7 260 138 106 106 37 93 72 39 342 106 31 108 22 19 53 35 129 40 22 89 103 105 23 152 66 19 3 49 25 16 90 75 7 46 46 32 359 36 12 16 7 102 17 161 100 8 64 7 189 5 209 7 46 39 497 76 25 139 30 3 97 26 56 11 196 16 99 83 183 12 169 49 9 18 2 58 15 17 31 143 71 68 92 174 20 77 128 18 88 1 20 112 247 53 14 31 16 105 100 29 189 26 78 7 62
0 24466 578 164 42 8 163 24 57 32 36 47 71 11 33
0 24515 51 111 196 26 35 58 193 54 130 10 23 34 97 61 114 10 135 112 73 74 292 25 23 31 11 19 143 4 89 49 25
0 24549 128 83 192 49 47 19 14
0 25199 37 60 2 157 221 26 114 4 90 44 66 12 151 6 29 142 253 89 28 15 31 18 75 19 102
0 25801 15 83 43 74 445 2 26 63 101 82 68 50 172 131 41 16 317
0 25939 129 47 47 180 119
0 25984 24 7 46 108 268 75 96 27 57
0 26262 12 62 49 24 161 26 11 11 331 22 71 2 199 8 72 6 73 33 1 131 63 11 3 6 18 20 82 53 5 19 95 20 249 88 42 61 36 5 9
0 26596 22 19 37 322 45 9 222 10 64 15 7 99 84 15 37 81 228
0 26780 133 61 15 7 53 15 106 14 51 22 46 13 249 26 23 15 149 120 52 31 28 60 48 9 47 6 149 45 144 4 52 42 27 28 77 1 40 77 96 15 127 98 13 34 158 28 171 12 223 22 11 6 58 23 22 87 46 65 108 113 157 109 30 14 165 86 113 3 118 75 50 20 80 33 120 46 93 108 256 114 278 19 37 102 66
0 26954 14 25 51 44 36 83 251
0 26976 34 46 114 18 68 80 277 24 24 103 142 14 150 3 95 17 8 78 125 70 51 31 84 10 21 25 67 1 88 19 105 37 50 77 290 41 111 38 19 123 113
0 27093 279 24 75 84 85 150 223 15 16 5 6 4 433
0 27267 83 49 94 7 65 8 32 190 55 35 39 142 48 37 60 42 64 1 103 16 693 43 267 49 1 43 24 68 342 49 129 56 57 60 34 297 105 14 41 108 11 192 19 61 248 42 111 49 341 60 130 74 22 12 67 4 41 49 29 29 239 37 45 5 89 32 37 129 127 48 36 3 162 50 36 87 11 13 73 101 78 33 147 42 20 18 240 63 30 11 191 34 256 8 35 13 13 107 39 25 9 8 71 98 19
0 27280 90 24 113 81 6 5 178 9 269 193 112 13 20 6 204 29 19 14 159 121 43 52 221 84 127 5 53 32 170 132 11 27 130 71 110 93 50 35 7 1 212 49 55 24 370 25 140 374 66
0 27522 1 26 73 150 35 54 53 53 118 2 56 80 23 75 65
0 27664 167 31 65 5 46 5 62 62 134
0 27720 31 11 14 84 81 166 32 79 114 14 103 129 131 183 46 21 4 78 243 28 8 42 74 68 98 73 79 22 84 39 51 51 322 6 140 30 115 27 41 31 283 103 18 39 69 34 183 65 23 14 141 9 183 2 63 43 158 47 183 19 37 40 94 113 61 51 12 10 271 26 312 41 3 59 25 67 170 3 85 33 192 8 56 4 1 74 180 47 13 39 27 44 58 117 146 2 84 40 5 23 142 36 57 74 1 9 39 46 29 13 59 149 71 37 142 44 38 112 150 40 36 40 45 120 9 94 54 71 116
0 27851 131
0 27886 78 57 61 125 164 15 16 37 31 167 137 3 216
0 27983 81 7 82 14 59 35 48 51 11 101 115 5 276 38 221 11 7 14 125 9 203 66 32 136 36 72 92 11 275 30 222 96 175 60 263 17 85 1 67 65 68 91 197 39 50 12 29 13 19 51 65 133 79 163 46 64 7 99 34 63 13 186 33 16 133 130 296 79 162 5 51
0 28256 42 30 15 35 75 7 48 88 16 14 209 61 74 20 6 224 23 8 237
0 28394 114 11 91 48 7 133 131 67 75 28 9 87 112 24 58 18 7 105 70 1 121 61 18 13 15 3 100 106 81 78 54 132 303 3 86 4 30 51 19 2 42 17 112 39 4
0 28582 138 38 5 1 240 4 54 116 67 34 89 162 65 2 150 130 28 22 216 35 48 64 300 106 82 26 159 9 25 80 34 63 36
0 28718 318 1 26 13 58 35 52 1 97 20 25 121 95 113 3 13 286 2 128 37 72 9 108 30 16 123 102 24 66 55 107 8 61 4 45 52 49 36 18 91 53 1 41 19 17 1 145 10 73 64 148
0 29005 234 2 166 21 20 54 258 70 11 50 258 2 313 55 1 20 67 34 185 3 13
0 29310 19 24 355 101 63 26 1 1 37 23 17 12 324 28 83 53 30 159 134 81 178 21 48 212 230 159 407 25 25 18 63 17 14 46 243 180 62 55 189 43 94 3 72 53 55
0 29331 68 14 68 76 73 4 88 4 92 10 11 81 319 67 66 161 21 35 90 12 108 57 28 104 58 76 18 55 6 7 261 122 57 14 222
0 29362 132 2 13 19 23 6 84 216 14 26 142 57 17 9 81 57 14 121 465
0 29435 77
0 29593 106 23 23 46 15 43 38 2 65 25 80 31 249 86 81 118 46 24 50 2 8 146 136 67 22 36 166 63 407 148 126 53 12 50 28 48 64 67 20 27 208 31 414 102 22 39 13 31 204 17 19 45 22 53 211 8 66 17 36 18 199 38 68 12 156 4 108 10 236 8 25 3 172
0 30087 174 13 17 24 29
0 30382 26 6 101 25 204 52 189 31 120 20 1 38 20 46 2 30 23 112 8 10 60 35 28 21 58 9 8 37 11 45 43 12 239 6 5 22 20 43 146 4 96 1 39 17 15 53 35 7 117 25 91 6 1 146 2 198 80
0 30523 2 158 70 135 81 19 97 20 164 77 24 98 6 33 22 6 59 124 57 61 57 12 102 22 120 82 21 13 20 54 191 37 60 107 8 74 27 7 23 34 19 32 53 63 73 8 106
0 30623 31 11 67 19 88 40 4 120 42 97 69 27 89 52 115 8 149 1 41 333 134 6 186 35 30 32 376 24 155 47 199 27 61 37 372 10 9 85 283 2 198 142 162 63 21 63 162 15 54 25 177 36 77 63 56 6 21 15 105 9 12
0 30654 136 90 163 59 13 24 1 201 217 59 75 20 12 4 178 12 65 55 183 140 9 37 45 48 71 17 85 55 4
0 30668 45 68 97 125 134 13 129 108 546 34 204 78 119 19 94 34 685 78 202 64 182 67 11 10 8 47 171 75 116 14 65 46 75 118 323 8 54 13 66 3 32 65 1
0 30745 107 19 178 21 99 39 141 29 58 13 50 124 8
0 30912 24 41 9 22 37 60 25 21 13 30 144 62 41 32 49 15 71 21 21 82 11 13 34 90 227 46 108 71 10 3 83 46 197 10 73 37 3 37 81 28 63 95 52 91 398 96 44 69 86 93 111 41 121 12 1 3 48 100 101
0 30925 3 6 189 145 154 79 18 12 314 57 1 56 70
0 31020 88 79 248 15 211 50 75 6 21
0 31067 3 3 12 48 18 71 6 230 27 18 210 38 60 17 27 164 47 9 18 21 36 45 174 47 12 89 12
0 31099 94 18 5 33 41 63 55 4 93
0 31576 2 20 40 89 32 41 392 60 95
0 31610 10 40 44 6 88 1 112 90 25 36 89 51 90 1 57 4 82 39 10 235 119 174 45 13 62 153 57
0 31772 12 28 127 88 2 7 141 3 118
0 32191 19 3 22 84 107 11 6 20 153 66 42 66 154 83 18 132 24 20 244 29 249 10 47
0 32220 61 24 42 77 349 5 194 37 155 2 38 110 175 30 57 153 49 3 35 157 149 83 56 43 300 17 52 104 3 220 179 34 17 20 125 5 407 4 30 184 79 43 259 38 86 48 50 6 3 50 133 44 73 64 208 48 131 7 89 43 330 2 6 41 136 59 5 87 114 104 30 257 22 77 9 19 129 105 138 75 61 53 247 25 24 176 61 7 93 36 30 15 146 39 1 42 43 77 14 97 84 3 189 41 3 182 66 55 28
0 32295 94 28 64 28 70 158 226 28 2 50 66 66 17 28 19 18 40 108 140 106 92 63 53 52 19 27 197 119 16 6 12 39 19 54 18
0 32438 45 102 59 184 26 75 169 38 5 99 40 58 105 8 22 130 457 28 145 10 130 146 48 4 199 9 1 2 2 56 106 38 55 25 20 22 133 84 84 2 6 58 23 16 22 51 277 15 86 133 11 11 63 6 68
0 32520 27 65 12 223 26 148 217 57 52 5 34 10 230 16 19 48 585 101 58 24 19 17 246 59 13 64 2 58 63 1 55
0 32591 69 15 52 1 37 7 78
0 32705 17 17 126 51 19 20 166 34 65 67 17 12 159 47 104 44 70 48 58 69 5 3 24 1 8 25 5 33 151 149 67 4 17 79 3 21 1 9 54 6 8 4 3 21 19 107 17 35 247 46 14 51 105 45 21 7 456 48 49 61 223 13 456 2 30 137 111 60 129 46 33 35 2 14 6
0 32959 211 120 39 30 28 115 16 29 28 3 42 52 123 36 49 87 21 13 54 17 31 72 116 151 18 9 42 8 41 21 39 26 67 73 49 143 153 15 164 57 110 56 86 26 2 186 510 12 78 89 187 25 105 12 17 68 661 32 84 44 335 7 18 5 15 23 26 195 157 121 17 12 1 161 24 13 82 23 31 10 70 3 418 50 85 22 38 46 215 183 5 9 189 23 78 24 3 42 74 5 5 8 145 3 59 11 39 75 25 25 88 117 105 74 9 111 100 3 63 79 46 44 58 10 112 27 192 16 103 7 36 19 112 24 105
0 32961 64 11 117 15 47 56 33 4 214 80 5 23 159 184 233 13 78
0 33009 19 10 15 40 71 56 47 134 90 5 193 41 103 36 8 12 363
0 33117 263 58 161 16 39 12 34 38 100 7 150 58 131 32 38 46 69 9 216 3 77 8 183 19 213 35 100 13 430 64 65 36 64 151 37 32 344 103 8 43 182 45 80 23 204 59 167 29 116 25 256 5 31 158 111 132 269 36 611 9 23 5 32 114 383 55 97 68 16 73 81 6 195
0 33176 12 78 143 74 200 7 150 7 202
0 33211 110 344 106 12 17 7 191 23 263 29 129 6 120 52 6 93 25
0 33218 226 112 110 18 77 28 51 46 53 196 234 75 223 90 139 35 134 69 258 24 36 39 36 10 56 86 3 23 94 7 23 43 223 75 16
0 33237 56 28 39 110 30 33 79
0 33267 26 109 27 41 232 30 3 33 33 13 26 26 44 91 52 41 52 34 51 89 110 34 63 27 398 68 84 36 95 60 32 4 52 87 41
0 33299 9 16 84 9 121 34 4 17 25 128 11 39 3 121 15 16 77 13 147 79 132 3 136 18 305 40 171 36 215 359 42 14 415 93 69 30 8 51 194 31 49 293 157 105 14 49 13 283 90 79 105 43 215 172 42
0 33393 496 41 116 22 86 2 90 6 46 34 23 33 375 5 107 74 100 47 201 17 12 165 47 13 130 18 88 9 252 18 212 88 193 18 158 56 11 8 196 31 23 10 37 134 29 84 4 168 32 12 86 40 31 11 310 60 32 40 51 72 147 47 144 23 246 20 79 6 203 100 3 15 115 81 169 86 80 8 143 52 42 102 60 103 67 46 30 65 25 53 340
0 33413 2 18 99 56 147 97 107 14 184 127 23
0 33559 103 54 57 28 160 58 1 77 32 51 12 19 218 27 2 16 238 69 8 119 307 11 128 29 60 17 119 93 3 6 201 40 66 4 33 111 2
0 33595 58 28 61 5 30 136 58 4 167 3 257 11 79 43 107 30 327 64 33 8 168 31 105 41 9 246 602 129 57 34 18 188 54 20 27 129 124 46 84
0 33947 23 34 169 33 44 129 197 6 175 214 69 6 26 42 7 30 21 15 80 58 9
0 34285 38 13 64 106 26 6 37 25 27 15 64 33 28
0 34475 177 23 6
0 34565 1 73 225 45 5 7 24 72 41 17 19 130 1 6 157 24 142 75 212 179 81 29 88 63 39 24 44 28 184 29 173 43 62 60 94 89 7 83 161 337 117 16 143 28 10 283 153
0 34567 72 31 226 220 170 79 3 19 161 72 93 21 87 24 95 6 169 27 1 29 49 70 16 36 27 19 53 53 48 1 262 7 44 42 45 40 22 13 15 25 51 71 10 57 164 43 3 39 50
0 35491 325 38 11 26 5 145 37 7 18 202 45 7 66 27 201 90 287 4 27 35 381 6 80 40 41 33 176 87 139 53 120 111 137 9 233 26 50 48 102 67 157 64 78 69 243 181 5 9 89 166 182 2 127 9 78 185 31 50 203 48 333 41 45 49 188 16 28 43 3 127 321 34 171 143 252 24 3 127 5 111 239 150 29
0 35644 145 19 46 1 158
0 36004 91 82 234 527 22 12 59 82 102 24 45
0 36076 251 43 98 97 43 39 205 105 63 79 153 47 13 127 92 2 17 84 120 37 12 3 210 69 2 47 33 12 213 14 19 29 82 43 34 67 61 51 10 78 43 1 53 1 79 26 93 22 185 1 28 41 121 37 105 116 16 19 90 16 79 31 36 1 51 42 189 28 115 82 148 19 12 276 25 69 335 40 142 23 94
0 36098 31 5 94 146 17 21 91 9 87 75 138 76 102 91 72 6 74 7 14 62 140 38 8 28 40 46 280 39 260 49 108 50 234 3 3 49 3 84 27 75 177 46 44 2 12
0 36366 17 2 10 64 193 48 50 45 55 26 250 11 56 69 96 35 20 65 420 214 289 11 121 12 87 75 27 114 204 28 73 50 72 19 13 32 19 24 82
0 36423 53 93 68 4 307
0 36470 29 31 36 39 10 125 115 29 10 38 237
0 36540 6 28 31 47 16 195 373 62 70 16 89 54 78 11 47 58 287 42 172 25 6 15 13 87 132 134 141 50 17 156 69 82 45 32 21
0 36567 19 72 323 78 112 21 57 121 49 63 114 35 21 11 76 65 303 31 70 18 31 12 247
0 36587 50 170 46 43 286 33 61 33 131 30 183 49 78 20 3 25 4 47 12 4 34 40 18
0 36715 32 49 88 34 297 330 17 30 115 61 15 35 382 31 240 105 77 105 126 40 19 29 254 1 32 47 1 73 8 3 8 10 74 27 73 58 15 45 91
0 36855 183 2 161 14 7 86 29 44 154 47 21 78 130 116 23 10 376 18 35 41 202 39 20 49 149 23 33 54 110
0 36932 27 42 209 40 52 2 35 8 25 25 76 26 220 58 16 9 15 34 61 114 82 83 99 51 211 8 30 24 9 11 145 55 20 63 58 17 44 47 150 44 356 169 12 6 47 66 39 49 23 1 60 59 41 6 94 65 142 23 81 14 32 66 98 24 126 6 57 56 253 23 443 226 12 5 47 18 166 51 17 3 168 54 480 73 100 35 252 7 42 12 80 125 58 69 86 22 81
0 37026 4 17 52 2 22 61 97 6 52 11 59 96 58 11 87 9 51 68 3 138 86 2 301 24 49 46 18 26 66 97 99 18 21 57 115 85 93 340 417 19 271 130 114 93 31 2 10 13 61 90 342 194 146 41 41 8 109 7 23 109 56 37 135 17 66 20 106 51 110
0 37236 9 19 10 76 120 87 37 3 179 5 66 10 87 23 16 57 55 22 108 31 59 34 126 74 15 5 99 9 14 45 32 25 96 1 247 79 42 66 83 25 32 50 69 36 407 21 2 23 186 24 25 9 206 77 108 173 233 43 85 40 44 18 12 19 67 118 80 19 69 56 24 1 16 83 410 54 267 47 10 26 8 174 86 82 68 44 100 57 22 56 59 4 25 48 160 8 25 107 4 57 49 29 25 117 20 9 105 4 106 83 266 28 293 113 203 151 57 1 32 4 106 24 142 31 11 75 30 18 7 63 89 28 119 12 3 28 46 60 44 17 16 27 1 87 227 163 67 16 25 129 10 6 121 12 57 112 133 5 198 66 6 10 5 140 138 3 110 147 38 87 263 23 109 3 14 7 99 69 20 102 89 3 31 80 73 71 26 4 45 108 74 203 37
0 37401 62 194 118 12 126 90 83 14 127 37 11 9 124 2 90 30 219 46 48 53 100
0 37522 58 42 10 76 6 33 76 34 10 13 99 42 48
0 37769 250 33 6 3 68 184 110 22 186 8 33 119 177 5 40 45 4 82 79 42 9 67 3 96 53 46 232 56 5 33 2 19 93 70 107 128 185 68 497 48 41 21 223 24 14 102 153 19 239 66 82 94 75 10 110 99 5 49 44 4 419 39 54 129 277 100 223 48 138 18 637 17 13 35 157 109 327 46 41 30 106 60 124 38 25 26 102 109 99 31 71 8 70 62 29
0 37775 50 162 22 24 243 154 22 34 159 85 55 23 18 11 58 23 292 3 17 94 18
0 37893 37 19 83 22 341 131 70 33 27 179 228 20 37 15 2 61 21 67 54 25 46 2 23 45 155 28 17 89 17 45 133 40 5 33 63 11 36 87 43 1 139 118 178 40 92 45 46 7 229 4 114 10 227
0 38115 203 49 327 5 14 48 354 22 127 58 256 42 57 32 194 72 31 53 250 34 138 9 31 55 48 1 209 61 795 132 162 8 171 4 124 28 26 28 210 6 40 25 319 43 72 18 132 22 101 189 29 152 352 17 52 55 290
0 38613 14 297 196 40 185 92 97 86 140 16 121 34 118 46 18 17 138 18 56 3 67 27 24 155 107 26 69 117 16 1 74 32 287
0 38642 78 25 104 9 49 11 7 128 24 39 72 82 21 23 2 53 25 48 235 136 62 53 105 55 95 5 194 17 137
0 38804 41 4 38 1 24 49 39 106 108 31 71 99 323 6 42 28 48 44 196 90 140 24 12 13 37 88 4 46 42 32 31 13 246 115 39 63 72
0 38867 114 37 173 2 77 36 37 16 37 32 186 120 226 34 83
0 38933 19 213 177
0 39000 3 32 112
0 39062 175
0 39312 60 26 58 23 44 18 7 11 311 39 16 10 130 4 102 44 56 29 280 5 106 31 251 23 14 92 65 114 68 50 22 131 29 14 167 67 19 108 55 29 34 84 7 31 195 51 84 82 69 17 198 1 128 14 21 14 117 13 131 104 161 126 7 3 30 5 3 51 37 33 5 37 18
0 39323 78 134 68 35 16 12 32 32 60 109 27 91 65 137 1 139 64 83 66 11 32 86 145 1 53 81 254 10 218 73 125 30 94 6 299 9 2 260 67 23 241 22 249 65 16 78 97 6 162
0 39353 3 28 151 7 141 195 2 38 43 83 109
0 39459 199 57 190 5 111 43 54 23 183 84 6 75 17 34 58 5 28 7 111 9 10 24 86 1 39
0 39592 24 12 452 4 69 82 296 123 101 102 73 10 178
0 39749 242 25 135 31 158 5 33 43 50 7 332 31 8 7 17 53 18 45 160 196 242 90 131 27 43 31 177 3 4 9 14 27 96 6 20 28 38 42 126 22 148 18 40 116 21
0 40074 9 8 131 29 124 36 78 37 14 56 2
0 40096 24 35 215 38 194 41 167 83 66 18 2 278 124 12 232 19 66 33 198 65 65
0 40295 9 73 288 52 54 92 67 26 138 82 182 19 32 75 83 15 39 30 106 205 6 18 305 113 279 10 355 77 76 77 14 145 10 23 98 31 127 44 192 35 61 6 23 48 328 8 104 111 188 7 25 50 107 82 393 18 209 201 46 29 7 5 38 3 37 34 98 56 148 1 30 126 27 3 24 8 63 66 97 53 87 32 94 22 29 102 4 27 67 18 16
0 40454 196 29 14 49 149 108 22 1 53 48 139 36 4 83 398 105 4 41 277 24 7 38 34 54 2 28 120 5 70 201 58 55 39 11 402 15 65 168 10 13 61
0 40513 66 117 37 80 70 9 267 124 47 154 12 258 43 21 58 80 237 56 48 50 15 161 118 1 1
0 41072 210 28 59 4 240 56 17 50 216 4 244 3 379 112 113 34 43 168 72 9 180 13 51 41 46 47 42 46 35 66 22 77 5 4 299 83 100 69 68 85 78 11 44 64 67 37 94 51 103 5 379 26 368 88 279 45 24 12 13 22 336 6 11 32 179 26 111 66 104 41 89 84 95 5 40 9 147 37 75 28 5 19 61 128 26 65 95 75 33 202 40 68 193 47 43 1 26 7 71 30 86
0 41081 62 23 83 29 21 22 52 27 254 12 56 49 316 35 5 26 38 66 75 138 122 19 153 166 31 15 39
0 41121 21 146 127 73 74 11 24 48 61 102 76 3 17 4 16 119 210 14 187 9 63 75 96 22 45 67 4 7 66 45 88 23 34 15 13 28 105 81 65 129 128 101 141 18 59 26 177 21 24 31 20 9 9 8 150 17 2 104 92 201 176 29 11 68 303 54 33 40 118 11 5 12 25 1 13 122 88 12 19 12 228 23 118 34 11 77 197 6 301 113 218 33 75 154 25 71 246 52 110 66 180 6 97 19 111 8 102 8 99 7 3
0 41510 280 24 24 24 39 106 30 19 6 65 50 29 126 10 48 15 69
0 41559 86 26 333 15 290 18 49 91 12 9 93 11 22 64 164 13 216 38 22 2 210 53 30 94 81 127 23 36 38
0 41603 123 3 95 18 243 81 128
0 41653 20 43 116 76 5 15 28 25 91 40 80 96 49 72 195 80 149 82 69 47 236 6 42 40 106 40 376 141 204 21 27 15 439 72 11 156 10 64 6 112 133 8 47 106 18 16 43 60 255 18 25 38 119 2 23 20 164 20 47 126 229 19 184
0 41717 101 31 203 14 301 19 242 14 43 18 135 1 10 28 62 1 243 113 105 121 309
0 41977 11 48 8 78 28 120 82 56 95 6 10 60 3 40 113 34 53 17 286 46 30 55 48 54 157 121 1 12 30 24 139
0 42116 1 15 74 45 114 33 46 93 229 21 101 7 40 41 109 179 30 209 61 12 126 188 414 32 123 86 223 6 16 86 194 29 180 25 3 179 153 24 3 11 75
0 42136 19 2 58 108 20 4 51 57 114 14 132 133 157 36 74 72 214 98 22 10 100 4 12 20 456 49 89 86 74 48 176 20 183 16 84 49 41 55 3 83 257 74 34 70 30 14 74 17 163 25 11 5 21 40 51 185 36 64 1 8 46 27 8 96 12 47 157 16 65 130 40 45 121 94 15 56 112 57 10 66 142 61 5 25 52 32 388 69 47 87 59 25 2 43 10 77 169 9 122 15 41 77 65 17 110 78 80 19 251 96 21
0 42238 237 42 3 36 10 1 74 30 38 11 10 129 21 9 187 33 15 2 67 41 80 44 19 192 110 77 52 163 129 42 36 3 86 13 1 28 116 152 63 84 155 87 23 25 6 6 259 21 187 14 264 8 72 15 54 9 87 37 143
0 42248 12 50 58 18 196 65 232
0 42470 61 16 295 17 109 26 22 17 156 53 206 28 75 8 152 27 5 13 13 38 58 49 94 32 139 41 69 8 61 89 80 20 142 96 131 11 30 89 114 83 8 15 68 34 39 60 46 15 33 1 17 54 24 19 66 96 418 24 66
0 42488 175 57 2 127 217 54 53 57 151 46 4 36 45
0 42573 193 7 75 51 5 91 153 1 32 63 180 10 185 24 142 130 33 4 20
0 43079 17 34 194 94 31 23 33 26 92 34 5 83 60 23 74 82 43 49 40 9 37 68 48 7 19 45 136 29 45 57 506 80 54 4 89 33 10 16 140 24 45 22 154 102 13 52 170 43 94 17 161 179 3
0 43086 29 37 167 42 75 37 214 22 204 9 61 6 291 2 23 97 41 17 48
0 43421 280 137 51 13 70 6 229 96 4 22 27 124 58 105 39 56 211 16 7 7 79 17 252 18 16 67 92 63 12 53 122 17 31 110 48 3 39 11 98 50 147 36 90 130 101 11 2 11 22 5 1 6 127 28 48 51 75 23 43 145 124 73 62 47 68 100 116 34 105 49 274 80 18 56 118 17 26 49 1 116 113 36 175
0 43461 161 65 107 7 6 76 23 26 11 1 74 69 147 80 34 30 350 30 127 12 204 51 83 47 48 29 87
0 43494 45 42 167 41 56 34 225 2 15 23 64 11 2 111 194 8 165 54 63
0 43559 7 62 138
0 43669 112 2 8 72 108 120 33 27 43 26 126 78 29 68 109 17 2 30 39 10 77 35 128 134 159 93 103 38 38 11 62 143 27 80 31 67 24 40 5 85 15 15 60 1 103 14 45 12 385 4 90 3 203 120 316 18 155 122 79 71 146 16 8 71 110 9 23 84 357 21 529 98 43 5 15 3 67 52 296 43 56 14 20 21 1 100 19 94 16 64 22 42 59 21 318
0 43989 95 28 182 37 35 91 68 79 7 16 1 19 237 5 279 8 85 15 12 6 42
0 44335 32 32 89 24 13 31 89 22 65 79 92 159 113
0 44378 73 115 283 124 37 8 218 87 30 24 145 12 8 46 18 53 73 124 8 79 301 183 11 84 15 9 127 33 98 18 35 86 122 148 99 34 1 8 92 25 39 165 84 15 29 42 86 111 37 2 58 22 33 113 352 12 33 28 50 12 197 25 5 11 30 42 11 99 45 39 140 6 74 44 270 18 160 35 10 22 62 96 231 2 185 172 25 50 143 38 91 72 150 28 7 36 61 33 74 51 110 66 75 52 161 19 67 7 24 16 90 20 8 19 3
0 44382 30 83 18 43 84 159 158 21 291 4 3 41 62 46 145 21 119 46 60 125 54 11 127 56 32 54 31 52 100 43 81 87 177 12 11 45 1 15 81 21 46 49 5 2 97 12 39 11 106
0 44498 235 30 30 128 119 161 17 24 235 10 144 43 169 2 26 26 115 18 325 11 139 4 48
0 44817 204 18 89 5 283
0 44897 166 34 52 19 3 35 9 22 197 41 147 11 40 159 32 10 8 85 11 14 15 71 64 19 54 54 280 25 125 10 60 20 111 72 23 20 144 72 111 30 7 4 61 15 236 21 102 53 268 3 28 23 62 1 35 7 9
0 45130 97 53 94 30 119 71 48 86 100 72 69 62 130 10 21 25 18 1 53 15 20 14 1 104 56 7 13 28 14 61 77 51 11 64 188 6 250 2 56 136 156 15 169 8 102 73 83 4 51 258 38 37 103 111 250 124 105 11 21 111 37 92 51 20 96 42 112 57 30 126 29 125 11 71 227 121 148 20 3 29 18 14 79 35 2 3 16 41 21 110 63 44 49 35 81 88 30 31 27 7 13 14 1 17 137 11 276 3 244 43 561 49 37 51 134 19 28 79 44 17 182 28 230 207 73 2 1 57 350
0 45209 16 34 67 35 42 10 33 23 757 20 6 7 281 44 43 60 150 18 208
0 45250 11 166 1 10 23 20 499 39 48 20 68 28 119 16 18 10 125 10 34 15 30 91 11 8 2 53 106 21 87 138 155 66 49 106 252 212 56 10 61 5 199 137 6 10 43 3 58 81 65 24 24 7 160 51 164 101 105 13 164 11 67 81 1 5 74 18 143 37 10 1 161 11 193 17 10 128 89 11 32 45 65 85 1 121 181 4 110 34 61 37 8 60 31 6 35 53 77 87 21 90 112 74 208 9 55 126 59 41 78 3 299 180 485 18 10 11 50 12 32 1 81 42 12 4 11 8 35 10 103
0 45293 244 7 13 13 74 5 32 28 80 3 99 7 49 14 11 118 50 8 46 13 47 50 163 47 22 34 295 16 39 35 79 30 223 1 163 39 140
0 45318 125 39 105 9 14 28 21 108 97 64 24 10 31 122 102 25 148 110 172 67 498 33 125 91 13 37 3 24 61 35 108 48 69 5 160 8 75 18 147 88 9 9 19 83 107 9 139 40 15 12 25 27 3 91 90 67 273 98 70 4 70 111 122 3 224 57 40 51 263 34 21 334 5 97 52 50 140 70 77 23 78 10 109
0 45325 120 9 78 87 34 29 1 21 23 35 56 42 8 11 99 1 138 45 2 47 119 41 207 117 162 27 111
0 45478 39 9 80 1 53 115 421 56 91 46 34 59 168 230 97 70 54 96 194 12 255 123 253 9 47
0 45598 32 22 32 28 56 9 105 87 24 77 33 16 204 173 25 224 135 2 465 76 141 22 130 32 195 5 36 9 51 65 182 45 163 71 51 128 148 69 218 4 32 164 144 66 54 24 11 35 28 56 159 70 112 7 93 45 24 17 127 65 87
0 45660 483 56 142 25 38 160 59 17 179 197 192 2 65 36 57 40 57 10 35 12 217 151 45 14 150 16 117 20 122 34 9 10 113 3 86 53 17 13 109 102 130 42 188 56 134 13 108 20 73 37 64 3 6 26 19 39 108 51 35 66 83 22 30 115 91 37 28 104 117 112 73 55 37 29 39 50 25 169 283 19 36 24 19 191 180 193 48 38 73
0 45667 20 7 262
0 46302 15 73 76 31 102 85 102
0 46352 34 26 1 56 22 9 64 8 39 18 83 95 178
0 46482 9 2 28 119 147 104 66 26 122 52 20 13 25 1 36 59 243 25 297 6 125 25 12 178 62 1 68 47 62 41 174 122 87 65 15 78 227 19 108 24 93 24 33 22 51 37 145 38 125 9 187 45 277 17 107 51 26 7 30 68 104 65 129 19 4 14 190 14 97 55 53 33 16 4 4 48 60 53 196 16 46 169 64 8 27 17 19 44 118 24 23 13 15 60 76 6 184 192 64 19 136 75 209 103 2 32 101 78 113 19 188 107 235 10 64 5 45 12 17 10 48 1 110 2 180 46 112 26 74 23 59
0 46930 25 117 232 112 243 36 48
0 47105 73 67 14 32 139 34 162 19 19 10 39 19 72 10 56 51 214 43 173 67 24 42 33 121 85 94 36
0 47294 82 41 15 38 106 18 56 70 50 87 51 1 14 43 87 11 36 20 98 9 452 223 90 5 285 86 280 188 453 65 29 58 45 39 42 2 33 2 38 138 41
0 47359 10 8 231 9 8 30 136 67 530 232 41 195 45 26 114 55 33 115 464 30 13 9 103 69 65 61 74 7 80 5 260 88 15 51 176 104 1 13 21 41 187 7 3 11 132 9 20 3 348 201 200 4 24 21 142 9 140 19 275 127 97 65 148 15 5 57 182 49 14 3 751
0 47652 96 8 118 110 19 20 28 28 32 127 37 4 30 61 114 36 194 6 50
0 47906 105 189 11 19 206 15 285 72 42 49 184
0 48488 41 27 2 36 62 59 64
0 48520 53 29 132 101 149 107 55 52 410 205 159 87 47 12 8 57 103 29 33 87 68 61 95 68 235 3 65 2 70 15 196 24 77 2 40 7 153 16 7 16 174 54 673
0 48585 112 76 33 54 64 11 59 100 4 55 6 23 153 36 136 44 164 12 12 34 71 12 40 5 13 26 104 179 10 28 134 103 129 67 69 34 236 32 32 6 246 25 162 85 73 118 64 11 93 10 65 34 97
0 48828 249 100 101 38 26 47 114 14 35 42 100 61 152 240 36 123 53 218 333 8 22 13 119 183 210 33 7 138 106 44 145 26 138 46 156 87 58 7 21
0 49159 27 77 42 47 3 137 89 15 128 2 29 32 127 43 1 40 253 32 2 137 76 68 301
0 49350 187 54 34 118 130 129 73 38 20
0 49363 53 1 15 107 103 37 4 2 478 7 111 68 86 88 41
0 49403 54 108 1 71 20 62 35 48 36 130 73 10 113 33 14
0 49434 39
0 49686 113
0 49747 225 16 344
0 49761 35 96 18 1 138 9 94
0 49803 130 2 71 11 31 115 26 36 146 47 114 6 39 76 85 24 139 64 1 260 116 30 13 97 46 7 1
0 49878 70 19 65 24 113 1 37 129 131 77 2 4 83 8 70 40 7
0 50052 147 48 147 17 63 16 106 64 29 98 72 5 35 13 162 36 34 70 61 74 151 81 192 54 128 96 2 41 109
0 50222 103 74 219 112 43 7 76 38 223 31 42 82 51 17 50 51 82 22 12 4 133 38 80 41 26 6 272 10 93 92 325 7 39 18 62 176 7 19 347 15 8 70 31 1 36 28 11 54 15 19 25 17 66 128 23 38 41 35 266 20 2 19 18 45 15 155 24 25 116 16 250 1 133
0 50444 42 1 82 35 26 138 73 52 24 69 27 12 91
0 50490 314 72 39 7 23 33 49 113 9
0 50756 287 21 567 39 10 22 71 68 125 50 191 4 6 86 58 18 367 96 122 36 14 59 84
0 50788 56 5 6 30 66 64 105 25 14 144 217 38 7 32 102 71 74 2 53 1 4 1 162 92 30 4 206 107 20 85 27 44 55 9 213 5 240 79 37
0 50928 239 92 12 155 45 8 38 42 47 23 2 60 116 94 312
0 51064 12 12 234 13 85 284 2 35 100 45 174 3 112 85 48 20 24 10 156 56 61 108 12 132 131
0 51351 71 20 39 87 85 5 165
0 51794 40 47 73 3 113 36 152
0 51848 127 18 35 116 105 150 133 20 35 16 168 107 160 128 69 1 76 75 81 58 165 27 108 84 4 9 8 76 168 85 178 50 115 79 15 44 466 54 52 4 36 5 8 14 30 62 124 22 140 53 84 2 41 34 208 54 110 94 109 9 195 4 156 28 234 25 19 33 64
0 52718 186 38 172 72 204 2 107 33 94 128 200 34 2 27 34 39 113 9 12 30 139
0 52880 33 35 268 37 146 41 107 49 75 9 99 44 41 37 144 22 275 9 26 21 146 1 10 16 168 1 25 22 90 94 156 91 253
0 53096 69 54 184 9 118 7 102 51 20 13 116 17 35 74 9 82 16 17 173 78 374 13 81 54 36 1 163 9 41 65 3 10 221 30 4 49 8 64 9 56 21 62 12 110 199 14 398
0 53186 83 2 304 113 219 41 99 66 215 8 172 1 145 12 43 212 53 27 676 69 8 58 177 21 3 27 295 49 58 6 25 49 20 25 234 32 22 39 21 32 41 95 150 69 4 22 104 48 88 108 3 159 204
0 53244 11 62 8 56 150 83 94 5 120 27 86 170 60 40 63 3 90 31 234 14 77 48 194 72 17 284 55 147 12 15 112 105 73 13 81 11 357
0 53285 65 1 21 13 185 30 64 6 108 108 79 6 38 115 3 62 4 103 30 49 86 213 67 34 56 19 149 67 190 16 50 4 172 5 28 7 26 74 296 53 50 46 76 7 416 36 239 103 5 25 38 45 64 9 233 52 352 15 66 51 160 26 40 53 7 104 75 66 120 31 372 61 17 27 147 74 31 3 204 3 60 39 79 4 67 67 12 13 141 66 113 17 145
0 53455 35 6 8 107 222 83 98 26 41 7 105 205 90 49 44
0 53583 11 20 1 70 68 14 62 51 108 49 77 127 15 85 5 60 82 95 361 95 67 2 363 37 162 69 73 53 115 87 67 60 40 17 482 198 46 94 126 45 198 23 266
0 53631 143 65 138 54 128 29 63 52 205 64 146 16 1 80 83 10 463 78 389 46 315 93 76
0 53876 3 25 133 21 78 2 4 8 278 49 75 66 39
0 53884 209 32 4 68 75 5 181 3 60 184 4 18 138 176 145 7 16 6 53 1 61 11 13 51 108 22 12 47 192 65 61 31 94 59 187 18 63 31 49 3 319 54 67 105 211 9 455 22 93 64 265 9 353
0 54015 113 33 197 11 54 54 140 21 330 2 91 64 368 34 551 23 25 92 469 8 15 66 12 4 219 89 43 7 7
0 54192 12 31 28 41 241 31 25 53 17 53 40 29 158 236 74 21 21 204 92 22 70 95 46 14 34 28 171 8 36 132 4 62 252 39 33 3 49 34 32 16 24 30 415
0 54380 37 56 44
0 54425 159 10 57 48 36 61 63 108 94 8 67 27 16 45 115 40 18 119 23 157 101 53 20 14 9 84 163 25 71 8 68 118 22 8 14 118 83 65 41 13 26 64 17 3 24 4 117 16 59 35 436 64 200 3 1 16 217 37 58 13 70 17 19 27 15 40 41 31 325 6 13 24 202 16 28 104 197
0 54475 216 54 314 13 2 9 5 10 129 51 210 60 107 72 35 134 191 8 251 79 176 51 4
0 54584 44 10 60 24 57 45 76 48 82 29 38 59 79 153 25 51 107 238 32 90 1 22 11 1 191
0 55035 28 90 15 29 82 84 326 67 89 44 72 9 61 55 107 259 98 14 73 27 1 49 26 44 6 75 37 95 217 5 74 129 119 140 140 2 238 50 186 6 80 7 138 68 37 210 103 88 69 24 168 85 15 9 30 12 135 136 235 189 40 18 37 60 33 76 69 57 60 51 40 47 258 7 41 4 25 2 137 5 128 97 58 33 36 57 56 37 147 23 30 206 490 7 23 46 152 8 5 9 164 41 23 49 244
0 55373 245 257 6 120 164 57 81 124 250 45 49 17 77
0 55802 85 22 75 20 37 180 76 44 20 62 171 57 136 26 53 31 374 104 377 45 20 9 17 61 44 120 5 52 59 8 215 79 17 7 446 104 4 11 64 28 9 22 38 90 18 78 50 53 113 47 13 11 59 245 10 41 49 28 3 40 99 29 192 66 91 55 81 25 78 81 74 5 197 42 9 42 34 17 92 137 68 13 36 28 70 60 77 19 39 108 166 59 2 23 28 202 39 70 56 64 35 3 18 45 49 6 14 42 76 18 54 138 56 207 189 7 31 16 187 17 87 56 73 18 165 57 375 11 31 99 5 89 4
0 55846 46 19 18 11 48 6 107 2 46 22 25 27 252 18 100 10 31 22 185 10 63 4 1 23 96 103 126 36 269
0 55865 18 16 40 53 64 22 56 27 173 110 89 35 317 180 90 16 21 14 74 7 16 89 145 18 5 46 40 5 29 110 103 22 9 106 155 121 93 85 197 86 7 13 163 4 14 211 82 1 682 16 174 9 115 17 15 30 44 20 5 104 397 83 106 53 97 2 59 37 310 37 104 51 145 34 10 37 143 31 35
0 55947 111 17 676 101 12
0 55979 161 67 49 22 220 156 60 11 106 47 69
0 55994 41 6 102 99 157 21 127 66 21 6 97 27 51 100 168 59 31 69 33 92 173 52 143
0 56286 2 80 52
0 56636 34 38 23 6 46 48 10 81 498 256 3 15 312 82 131 26 252 30 304 7 179 139 5 18 13 7 119 9 19 80 28 127 14 65 38
0 56668 29 19 3 40 228 117 797 63 29 10 145 348 40 32 191 1 170 6 59 13 33 138 14 20 4 95 221 9 44 42 26 38 201 49 218 8 136 3 169 72 63 50 33 45 41 13 3 111 1 89 91
0 56746 23 37 38
0 56802 34 140 143 13 32 28 95 7 437 238 90 34 284 45 108 76 51 90 46 5 24 52 92
0 56939 13 36 54 27 24 41 31 1 115 67 224 21 31 3 110 15 3 21 217 8 201 18 156 47 60 48 310 34 229 19 43
0 57060 56 10 135 15 66 22 268 129 73 65 62 88 190 116 144 13 384 29 113 18 1 11 94 216 17 43 164 26 124 3 4 122 137 21 286 22 64 75 118 22 2 86 14 41 105 59 245 20 28 10 102 57 196 2 133 19 193 44 74 124 166 1 38 46 584 1 195 81 142 4 135 143 40 135 76 4 28 58 128 75 40 34 52 16 156 19 98 21 66 93 29 22 157 23 194
0 57074 84 94 23 54 12 49 37 33 56 194 234 160 18 30 212 1 203 27 39 20 106
0 57080 8 1 289 10 7 39 161
0 57613 9 11 121 113 64 38 38 27 62 51 98
0 57635 65 14 241 107 20 202 81 11 65 52 79 23 22 3 73 206 150 16 95
0 57820 56 13 213 6 305 15 56 28 405 3 123 24 56 7 63 44 37 21 121 64 21 45 173 90 133 5 11 53 27 8 142 59 24 14 7 31 62 78 105 17 73 178 107 17 229 135 53 21 102 75 11 24 21 80 42 66 26 33 70 35 220 18 60 211 78 33 137 36 107 13 38 40 34 54 34 39 23 161 13 75 19 131 2 23 111 216 54 114 17 16 64 93 231 7 106 27 152 71 322 31 88 11 115 64 233 238 78 32 48 27 99 102 150 76 145
0 57900 217 122 158 29 13 58 15 97 237
0 57979 94 76 86 53 46 172 72 24 159 3 41 41 102 56 178 32 13 30 63
0 58059 322 9 235 8 39 11 63 44 40 69 212
0 58505 9 45 38 216 147 23 134 20 16 78 37 6 2 96 328 53 65 54 101 41 28 43 114 47 102 45 116 135 48 25 194 34 95 13 34 46 80 16 97 1 238 13 479 5 88 29 137 30 5 9 1 16 86
0 58535 15 67 13 24 159
0 58635 212 69 32 35 42 2 35 9 61 78 5 110 550 25 11 94 57 8 28 7 103 40 127 135 13 77 410 1 65 32 195
0 58702 181 48 18 39 123 12 52 56 104 105 205 1 99 35 15 46 88 5 15 23 93
0 58806 28 60 106 21 154 8 25 126 24 28 67 80 12 53 302 2 93 3 20 57 6 11 104 19 141
0 59402 95 25 71 5 152 59 3 251 19 42 12 103 64 56 199 1 12 80 35 51 8 18 48 3 178 47 23 1 11 127 81 24 119
0 59521 4 37 52 1 130 143 49 30 171 43 75 35 271 32 62 31 288 18 73
0 60225 136 5 222 78 372 33 118 52 60 48 218 49 73 72 21 71 180 9 250 29 61 37 37 5 138 163 96 47 19 201 172
0 60470 64 7 2 25 28 172 37 16 83 27 19 11 69 248 15
0 60564 21 23 268 6 107 14 36 16 44 6 3 150 25 52 141 18 26 12 38 79 123 24 83 40 204 17 53 84 66 20 28
0 60607 97 41 53
0 60622 34 85 16 42 83 139 110 96 34 72 3 271 344 4 32 5 104 72 25 30 92 80 50 48 183 57 11 1 491
0 60768 89 14 14 22 5 33 145 69 12 106 24 11 29 104 22 3 124 134 74 15 190
0 60779 51
0 60869 20 61 136 56 39 18 57 80 112 31 195 35 169 48 30 150 144 69 26 5 80 54 173 22 131 37 52 23 108 56 87 6 126 8 33 56 79 5 222 90 437 40 45 36 83 8 47 10 34 139 15 68 13 25 105 204 104 24 12 45 19 48 235 76 48 3 69 89 44 190 171 56 4 6 182 2 41 17 111 5 75 14 221 72 9 152 136
0 61147 50 47 400
0 61537 41 43 322 20 9 11 30 53 293
0 61793 349 67 297 21 158 41 550 43 122 5 248 50 59 114 627 32 444 221 65 90 208 18 24 1 7 7 85 25 15 28 451 15 90 4 53 144 9 210 1 37 68 16 9 2 78
0 62444 132 17 207 15 176 83 20 78 14 62 2 36 31 52 88
0 62491 77 7 7 10 49 5 56 26 122 32 129 2 383 184 73 50 25 64 75 33 288 40 141 41 73 43 46 62 95 1 317 10 26 29 67 34 18 172 48 20 56 109 119 23 31 24 46
0 62907 52 55 18 26 94 6 274 14 54 65 9 6 176 60 36 131 245 117 176 71 196 52 358 2 362 13 90 53 49 69 70 27 1 35 260 32 262 129 48 2 97 2 127 23 19 18 172 2 43 7 189 17 56 70 26 79 102 11 29 21 50 68 95 19 254 99 55 9 56 3 142 56 83 32 104 55 5 58 221 35 6 69 63 87 51 23 11 46 146 50 13 145 146 163 201 6 17 32 2 123 90 5 34 197 9 7 79 27 44 51 2 56 186 47 94 72 47 98 278
0 63523 69 84 27 34 63
0 63614 199 171 25 70 282
0 63664 70 89 38 150 61 7 35 51 24 13 67 16 70 194 25 83 354 52 117 54 7 4 260 42 190 14 29 17 59 73 225 14 59 134 39 64 124 8 324 3 45 82 5 62 40
0 63678 24 35 10 18 129 47 115 3 89
0 63784 6 10 8 5 7 9 189 90 21 64 475 47 20 30 66 1 5 5 87 90 20 231 45 10 11
0 64050 105 17 16 12 34 73 100 93 227
0 64052 6 32 235 87 10 20 369 22 136 3 152 6 7 56 185 36 122 213 51 102 22 2 101 121 34 8 72 48 7 48 113 54 45 45 152 4 13 94 60 11 18 3 154 7 109 16 308
0 64145 212 138 18 50 76
0 64256 92 25 66 141 57 83 213 80 302 31 9 9 14 6 76 8 168 40 153 26 37 29 486 56 223 64 26 1 131 68 36 2 152 12 67 10 96 12 145 21 13 57 278 9 228 10 6 20 47 9 224 46 6 89 53 69 52 24 3 20 31 31 90 54 26 117 164 72 312 98 54 125 107 21 59 26 8 16 3 4 178 39 8 42 80 81 28 39 95 36 14 32 180 27 84 76 69 35 29 32 79 56 151 61 85 25 9 82 69 4 23 45 67 39 171 22 107 33 315 29 102 39 46 12 225 7 251
0 64744 81 35 360 34 10 7 61 317 35
0 64783 146 14 176 99 25 59 13 36 44 7 83 53 116 123 195 62 269 6 136
0 64933 28 52 156 29 10 76 175 26 210 49 26 7 30 69 112 153 210 54 83 119 126 165 18 92 101 40 230 146 30
0 64939 36 52 6 27 46 26 15 121 1
0 64999 2 36 47 52 4 31 33 15 165 15 188 43 205 7 380 134 7 9 78 23 118 127 40 30 123 44 332
0 65006 64 22 40 51 250 154 96 82 32 42 83 21 107 73 18 4 171 37 13 53 493 99 80 13 25 10 19 41 6 57 40 100 178 11 73 32 534 1 326 36 2 20 5 19 101 71 374 4 2 25 7 24 32 16 85 61 83 28 171 71 204 23 66 46 116 9 146 113 200 147 24 33 188 78 17 30 9
0 65018 15 29 142 3 76 58 37 35 40 6 3 4 18 5 361 57 100 50 245 2 34 13 110 30 27 14 139 73 179 60 6 142 127 31 99 40 96 37 146 40 41 6 17 58 9 59 11 240 34 138 3 63 23
0 65249 165 4 287 70 255 123 94 61 46 84 66 80 11 6 100 36 29 17 102 5 286 137 297 53 117 120 69 47 47 88 49 13 41 123 31 40 135 77 37 40 74 54 59 8 121 47 98
0 65573 77 24 25 8 13 101 211 143 15 235 19 39 128 76 267 159 68 41 151 51 121 78 606 20 114 51 13 13 10 21 11 8 399 71 55 27 19 1 81 87 60 22 152 108 135 76 1
0 65722 265 129 150 94 291 85 6 52 147 35 26 47 91 123 4 3 44 45 194 11 76 32 75 1 51 29 95 16 8 122 244 114 38 34 141 23 27 15 23 6 36 26 355 204 11 39 8 128 68 32 178 28 54 8 198 61 185 58 9 52 126 2 96 33 107 31 85 48 86 21 87 4 312 37 107 1 126
0 65897 6 6 113 37 27 3 165 195 47 26 70 65 251 188 67 1 32 28 353 84 121 36 87 55 237 43 106 142 133 110 41 108 219 122 12 75 19 167 104 22 64 17 59 8 148 28 12 3 31 25 32 7 30 44 117 13 86 8 60 65 2 25 32 10 190
0 65979 21 27 237 14 561 82 184 338 68 66 33 77 12 8 80 117 192 28 3 74 18 248 12 27 15 27 33 8 142 45 3 115 53 28 8 16 387 45 75 14 22 51 358 178 156 7 63 9 11
0 66136 102 50 141 178 15 82 26 6 1
0 66236 6 36 130 82 107 44 14 72 6 58 138 21 4 33 317 10 121 68 171 78 407 27 47 2 6 94 49 97 45 131 105 21 116 12 227 31 100 18 1 39 204 29 215 56 15 36 6 13 86 70 39 54 119 23 44 76 82 8 36 23 30 44 126 28 249 36 24 1 149 22 20 11 159 44 343 53 67 138 98 112 20 97 319 17 28 3 88 7 257 180 143 19 99
0 66404 115 34 40 86 52 142 27 53 15
0 66629 100 122 44 99 12 21 94 63 9 40 143 45 30 4 41 139 4 104 18 54 44 13 129 2 40 94 92 118 100 12 15 9 108 32 354 24 224 20 62 61 28 15 28 21 10 26 80 71 345 7 218 1 75 4 116 63 86 132 94 3 71 12 179 34 14 49 89 46 97 47 89 91 97 101 245 63 283 116 355 3 124 52 204 5 169 8 74 97 150 1 27 41 6 63 44 34 152 11 175 1 118 45 11 174 139 43 242 15 103 68 285 18 146 23 20 20 206 34 11 4 152 115 59 14 297 10 71 34 119 178 31 108 11 7 90 14 64 36 19 1 15 10 37 11 29 47 13 5 155 87 207 9 120 62 56 76 66 6 204 21 16 29 34 12 63 54 107 66 12 20 85 7 162 28 26 246 46 33 112 154 146 11 2 36 116 2 48 1 78 74 23 36 131 58 18 48 37
0 66776 66 130 216 24 132 6 261 14 59 14 52 14 58 3 435 73 90 3 39 37 42 95 215 8 59 81 116 25 119 47 269 43 95 96 49 91 307 24 128
0 66938 180 209 85 103 6 14 9 77 85 39 48 34 58 62 13 15 8 60 38 43 95 3 81 78 51 41 16 21 5 7 91
0 66997 8 2 88 97 3 36 65 3 7 20 64 24 42 41 79 35 469 122 101 97 259 6 274
0 67028 77 28 182 52 249 65 71 6 2 18 153 16 30 22 18 81 41 81 152 16 39 44 59 84 277 48 63 27 550 8 193 125 133 45 74 12 13 29 101 56 121 84 50 58 103 160 75 51 4 252 844 11 45 50 4 44 27 89 120 128 25 111 175 16 90 9 114 38 29 24 50 26 836 108 91 4 107 42 4 1 350 16 15 2 117
0 67289 45 20 153 69 27 14 64 12 191 201 127 96 171 19 81 10 306 73 53 7 132 98 18 26 224 8 74 69 31 39 4 57 80 16 211 76 101 34 114 33 407
0 67522 211 63 15 58 85 31 33 92 17 17 69 92 1 95 141 42 198 32 166 202 223 94 130 36 26 18 15 76 123 24 20 46 72 29 45 119 22 1 286 86 28 45 216 20 1 34 37 43 19 7 138 52 92 33 44 19 38 97 4 56 21 10 73 13 32 13 165 87 98 40 31 7 73 2 1 84 88 6 166 97 80 52 212 95 51 49 38 65 239 19 2 22 52 17 1 116 79 2 2 67 117 134 7 79 6 1 52 1 87 38 42 73 136 64 23 1 29 8 22 72 68 6 46 43 30 82 322 58 315 25 6 9 1
0 67921 85 46 98 18 65 19 44 84 367 26 188 48 20
0 68031 4 3 70 39 87 92 66 97 53 14 345 59 85 44 122 33 349 40 53 65 331 11 94 14 2 132 30 6 91 37 145 6 127 7 199 20 45
0 68101 88 65 299 66 71 6 61 32 19 66 7 36 14 20 43 12 101 115 84 53 32 9 194 49 75 39 288 76 66 93 69 64 58
0 68157 21 22 116 31 160 61 61 124 6 6 201 31 30 48 7 18 28 2 490 45 52 29 3 61 150 31 14 32 1 58 229 32 60
0 68280 1 34 70 36 121 1 12 66 98 11 8 44 28 185 101 171 172 132 58 4 183 1 69 254 32 100 19 52 12 25 47
0 68861 58 53 14 38 11 80 10 9 148 4 565 56 45 48 138 69 254
0 68906 45 73 24 128 237 78 45 6 77 34 107 14 151 50 141 23 247
0 68947 157 21 60 39 100 69 220 106 147 15 116 36 55 20 41 34 40 238 6 45 317 2 311 15 125 38 53 198 41 141 52 27 22 39 225 7 9 37 176 1 53 95 412 71 76 59 329 46 6 32 328 48 55 28 10 5 20 49 396 27 99 55 64 166 39 37 201 21 2 6 17 78 54 66 19 7 145 18 25 40 16 37 27 20 100 1 203 15 15 28 23 50 9 79 313 10 25 153 30 268 24 11 168
0 69087 25 44 17
0 69117 69 58 162 85 143 94 36 43 172 42 60 22 81 40 122 44 147 10 84 20 56 85 159 74 21 56 161 22 21 26 98 6 175 47 109 117 75 66 99 73 13 4 273 4 58 34 248 208 39 37 88 142 155 21 170 4 182 127 450 78 59 3 305 21 242 12 35 124 169 38 59 64 293 8 15
0 69289 72 1 12 10 185 7 30 48 7 353 166 32 506 78 261 32 285 68 122 28 13 126 76 56 77 50 201 6 66 25 7 17 2 95 168 1 206 2 60 7 184 76 114 11 166 6 33 27 134 20 199 41 27 30 15 43 177 68 7 97 130 10 163 30 84 101 115 64 115 84 27 88 77 43 4 143 7 6 13 5 52 1 183 83 110 56 35 27 75 145 255 3 509 47 63 86 305 15 15 122 20 32 292 2 226 21 225 19 79 21 42 104 243 194 169 1 163 91 55 58 38 9 55 30 196 19 95 3 83 28 214 36 168 52 175 75 130 17 18 28 110 14 94 95 22 22 19 58 115 20 135 132 22
0 69498 49 38 60 92 67 130 147 39 121 49 310 48 155 16 330 4 29 17 147 63 19 22 66
0 69599 95 54 62 29 80 49 51 42 31 1 167 15 87 42 85 7 53 55 44 115 180 41 348 2 130 23 27 65 13 51 59 6 5 78 26 12 47 21 74 12 5 27 65 33 14 13 61 13 34 38 64 43 133 21 25 1 14
0 69671 488 41 145 119 25
0 69794 173 8 165 275 74 23 79 18 92 78 91 73 8 1 46 120 9 72 50 35 64 36 320 13 18 13 4 48 106 93 144 31 10 33 246 19 237 47 28 44 73 7 422
0 69865 235 78 19 41 276 71 19 7 2 89 100 65 153 28 9 19 204 109 95 7 74 59 241 26 148 103 139 7 126 8 9
0 70294 274 16 42 31 286 62 4 73 78 2 4 87 76 78 19
0 70449 6 73 89 22 27 15 17 8 63 7 43 76 80 157 21 141 110 3 16 7 21 38 60 26 2 61 17 98 245 187 368 98 21 12 20 82 123 110 176 44 41 46 210 123 376 172 47 27 55 67 5 59 25 44 19 70 62 8 47 38 38 143 78 127 83 1 61 36 14 64 30 83 393
0 70451 42 6 23 109 54 42 67 47 98 162 38 63 159 18 341 17 70 93 6 19 52 97 28 133 51 21 30 8 213 22 76 17 75 18 109 99 138 67 28 117 17 26 126
0 70602 52 43 68 1 290 47 51 134 14 173 56 13 11 31 85 1 36 75 46 57 148 49 106 25 4 94 35 56 214 47 172 42 155 3 41 19 69 201 36 17 38 126 30 3 33 20 36 32 43 83 77 4 11 5 64 16 19 25 20 89 210 106 182 54 2 20 369 48 233 58 22 72 365 28 124 182 25 67 56 81 152 52 61 52 196 24 40 12 163 71 14 258 3 157 158 36 263 37 183 17 57 50 61 86 34 49 123 15 54 46 25 13 336 118 22 87 105 7 21 15 21 30 20 93 53 38 748 22 78 41 24 20 162 59 67 118 35 109 152 36 55 7 24 16 210 4 67 47 33 27 50 3 4 51 52 17 8 35 8 20 28 6 15 4 4 32 134 45 53 39 33 12 366 35 92 82 266 1 27 110 29 7 39 57 103 37 147 46 171 15 246 1 28 51 86 7 80 22 1 133 17 75 151 38 58 53 161 7 4 55 33 4 63 58 40 42 31 91 20 91 25
0 71008 33 13 216 70 95
0 71213 520 4 19 98 184 19 54 29 42 26 225 9 55 96 22 122 232 79 127 68 161 31 220 1 78 18 39
0 71489 97 15 117 4 13 29 85 124 45 58 250 141 50 45 424 53 45 17 27 4 76
0 71748 112 13 6 39 207 94 29 30 168 107 74 45 45 15 155
0 71871 278 21 2 114 37 24 69 63 60 51 5 6 171 82 59 35 44 17 17 75 233 78 23 46 143 8 30 201 14 57 376 109 85 10 38 56 5 63 125 86 34 131 53 25 75 4 38 64 263 37 95 2 50 31 3 31 60 41 24 53 49 8 33 16 5 25 20 67 89 51 35 60 23 40 277 52 93 28 33 101 71 26 131 98 30 27 20 50 57 27 25 28 105
0 71882 32 56 56
0 72072 117 15 158 86 143 90 372
0 72201 108 29 12 3 141 21 93 78 120 53 26 11 50 3 152
0 72355 9 111 176 10 46 63 153 49 21 156 11 41 1 10 32 7 50 6 3 24 75 74 14 47 40 22 16 15 83 112 8
0 72447 305 64 43 64 248 11 129 46 233 35 88
0 72532 165 5 221 3 215 4 11 13 13 28 40 35 238 13 268
0 72587 21 176 194 26 17 55 65 37 191
0 72695 26 119 184 62 198 25 87 2 93 114 35 54 37 19 115 11 116
0 72735 9 8 32 29 69 2 20 60 93 22 14 5 294 50 166 34 77 7 31 6 80 54 146 76 48 17 83 10 208 2 77 11 17 33 3 26 67
0 72857 312 118 18 19 72 12 59 23 46 2 3 39 59 28 15 9 200 13 27 152 69 2 147
0 72905 37 43 89 8 90 75 47 2 3
0 73260 274 100 51 6 81 76 163 125 53 81 15 8 324 92 124 34 93 44 27 211 226 23 106 57 139 28 142 18 11 33 76
0 73328 12 2 7 187 7 53 110 39 71 27 130 20 15 62 35 23 79 60 40 2 213
