0 0 156 22 32 3 11 34 10 24 197
0 189 114 23 40
0 347 43 11 14 41 9 29 182 149 70
0 746 50 65 224 43 117 1 109 29 109 43 46 66 113 42 248 40 28
0 764 81 13 178 65 28 3 157
0 949 11 72 16 1 117 13 44
0 1384 164 56 29 28 4 7 232
0 1525 12
0 1747 63 62 10 43 5
0 2241 98 106 13 66 80 92 36 10 188 96 50 62 43 2 237 47 84
0 2560 61
0 2569 200 1 97 3 151 8 54
0 3096 55 202 30 51 99
0 3109 241 3 6
0 3255 287 57 5 58 109 8 9 38 1 13 101
0 3322 82 81 213 95 99 39 23 1 15 19 125 23 24 50 2 91 7
0 3509 78 46 2 59 117 22 66 117 119 106 164 1 25 26 178 6 1 1 68
0 3861 50 10 120
0 4431 8 45 92 35 39 48 14
0 4499 230
0 4526 9 26 13
0 4535 35 3 260 30 196 117 51 38 89
0 4648 22 60 109 48 57 20 144 18 101 1 235
0 4763 106
0 4771 65 61 88 11 61 37 22 170 11 2 42 89 16 17 27 16 163 181 126 213 33 67 200 41 121 3 43 28 342
0 4788 15
0 5050 83 38 59 25 15 92 104
0 5425 25 38 201 8 340
0 5570 69 35 21 27 83 32 96
0 5580 4 22 93 37 70
0 5655 56 98 228 19 30
0 5844 102 43 9 33 15 111 83 147 56 23 20 27 107 110 100 73 268 1 34 5 4 1 139 38 18 28 88 29 104 50 136 36 41
0 5980 61 42 122 75 215
0 6193 5
0 6228 140 41 15 18 189 65 5 32 107 90 263 86 223 15 301 4 21
0 6408 255 33 219 252 1 29 85 36 66 2 136 2 45
0 6490 220 35 109 154 89 71 50 8 147 195 132 74 57
0 6504 305 54 92 47 89
0 6697 153 93 115 39 83
0 7065 29 123 7 13 60
0 7324 132 8 150 86 15 34 15 123 1 1 43 54 250 81 47 48 12 52 120
0 7355 291 6 62 11 57
0 7408 56 4 21 90 122 6 11
0 7721 277 43 3 15 11
0 7735 205 2 20 13 164 87 14 1 24 24 51 57 52 54 194
0 7777 135 31 171 52 62
0 7830 128 31 414 2 122 186 209 58 132 210 27 19 158
0 8173 21 8 237
0 8185 9 167 117 66 53 1 238 98 95 81 56 43 127 63 34 50 134 22 106 31 139 90 177 126 11 56 346 37 90 52 32 6 20
0 8399 12 39 98 14 59 87 5 57 87 95 27 4 170 40 15 88 94 53 209 107 10 15 19 88 177 52 103 2 123 62 59 16 119 10 99 76 229
0 8465 30 94 275
0 8597 87 34 108 124 62 24 42 64 202 24 39 11 42 25 6 101 115 68 11 22 118 6 281
0 8606 159 14 154 101 156 64 409 122 94 3 40 40 514 34 13 45 82 8 425 5 120
0 8615 32 38 110 74 8 1 2 40 17
0 9041 29 10 92 114 141 1 62
0 9245 3 159 320 45 60 35 363 33 112 14 194 65 2 127 23 2 89 14 168 27 5 11 4 88 101 43 8 32 167 9 66 67 39
0 9310 237 18 39 95 144 9 143 124 16
0 9327 104 35 5 104 4 101 87 32 37 154 8 96 196 73 101 51 44 55 434 36 7 115 104
0 9647 59 17 84 75 45 44 63 48 6 80 17 42 59
0 9727 237 51 6 51 101
0 9770 36 23 159 104 18 26 68 1 42
0 9897 356
0 9915 2 14 158 36 122
0 10417 22 36 32 1 115 1 369 45 81
0 10427 120 3 115 34 63 117 440
0 10487 31 89 291 9 210 31 19
0 10693 118 15 128 47 22 30 38 84 21 26 67 91 107
0 10866 109 79 112 40 255 46 31 16 58 1 130
0 10899 9 3 47 27 121 41 58 41 68 107 290 59 33
0 10915 35 61 37 53 33 26 56 25 69 14 25
0 10947 103 88 198
0 11494 30 19 377 23 20 3 46 66 72
0 11499 142 28 43 6 193 24 13 19 126 6 157 27 79 55 28 30 2 11 62
0 11671 61 60 59 3 121 2 98 12 4 7 30 266 46 61 185 36 13 37 16 14 160 44 80 12 21 69 74 18 240 16 20 24 63 69 87 84 89 11 19 6 11 47 10
0 11947 175
0 12367 56 14 11 26 254 5 70 30 44 45 37 2 17 19 258
0 12440 47 39 121
0 12657 34 54 128 202 68 145 173
0 12714 29 29 339 45 68 9 152
0 12979 150 5 158 82 50
0 13080 121 127 14 49 28
0 13291 20 37 258 70 118 41 100 42 275
0 13422 20 44 124 44 42 108 38 26 54 91 20
0 13571 393 4 2 25 47 10 116 37 116 36 121 9 101 46 3 72 8
0 13791 381 16 92 1 148 69 75 2 20 7 227 5 3 1 163
0 14013 196 34 205 46 30 30 17 25 85 16 75 121 64
0 14367 19 294 107 63 232 11 33 11 40 28 42 12 17
0 14424 16 83 31 55 376 75 17 21 256
0 14818 35 173 6
0 14939 92 35 64 13 24 5 213 25 6 13 12 12 178
0 14975 59 8 211 55 20 3 62 127 170 97 48 30 35 24 77 88 9 9 33 9 88 34 16 132 114 96 5 106 55 46 99 30 40 47 49 6 30 5 25 6 136 128 13 39 43 169 56 62 221 84 12 2 53
0 15120 35 19 44 24 146
0 15494 30 24 66 30 21
0 15809 12 51 24 10 49 126 247 77 82 8 466 14 22 1 49 20 7 10 41 16 112 4 49 27 210
0 15952 19 59 30 15 5 21 52
0 16054 26 15 62 16 8 20 150 2 9 54 21 82 26 20 119 11 38 26 53 21 62 81 61 1 193 49 237
0 16297 100 46 174
0 16344 43 7 54 3 48 1 45 203 45 20 267 29 42 22 64 23 45
0 16987 58 14 146 37 82 26 35 1 58 131 123
0 17187 55 108 70 10 42 19 33 139 83 67 17 97 288 2 82
0 17309 35 87 34 3 75
0 17877 30 12 7
0 18289 488 15 43 82 12 49 347 67 4 119 85 5 197 24 57 30 275
0 18749 51
0 18807 27 42 464 34 15 43 94 78 91 12 1 17 20
0 18904 1 3 111 23 220 20 3 27 64 11 250 7 45 9 187 230 3
0 18949 11 19 77 85 10 24 1 18 383 28 56
0 18960 96 36 8 63 52 43 141 7 196 20 101 113 62 52 18 4 13 14 150 99 103 8 259 5 10 1 80 56 128
0 19056 361 17 39 64 27 27 61
0 19069 210 22 56 12 9 27 273 98 15
0 19207 66 19 138 43 149 15 36 146 38 106 144 111 7 189 307 38 71 7 207 61 54
0 19352 32 7 122 52 35 65 226
0 19808 116
0 20001 135 29 82
0 20078 147 53 3 93 11
0 20135 6 40 145 98 42 8 200
0 20156 104 39 195 27 17 62 60 137 40 8 216 40 214 41 84 11 257 39 32 14 2 103 192 18 1 34 8 15 38 7 167 2 123 89 25 18 111 88 51 152 26 31 120 17 26 28 33
0 20223 112 9 98 36 30 200 133 54 118 51 44 24 13
0 20304 73 27 21
0 20320 17 13 43 17 225 60 126 119 339 9 39 16 3
0 20586 191 29 124
0 20605 56 10 112 84 49 3 141 3 70
0 20708 267 9 48 20 176
0 20735 120 133 234
0 20967 95 82 6 83 329 84 78 15 171
0 20984 80 2 276
0 21049 178 62 97 315 8 9 324 4 23 17 6
0 21120 45 44 73 37 13 51 146 62 19 48 43 14 160 13 6 31 60 78 58 2 47 30 213 72 101
0 21155 98 2 21 194 17 51 10 26 367
0 21357 81 34 120 7 56 21 167 30 109 290 95 16 78 56 9 44 9 71 9 1 49 16 428 51 133 1 26
0 21554 121 8 65
0 21561 47 132 61
0 21821 312 13 83 76 58
0 21857 65
0 21867 157 100 20 14 102 34 59 83 150 4 22 31 42 7 121 6 74 35 63 16 127
0 21943 11 1 194 82 8
0 21995 47 20 31 28 334
0 22020 9 39 57 105 8 41 97 94 40
0 22137 162 40 237 24 34 32 68 53 34 29 4 36 279 54 133
0 22167 143 22 67
0 22180 227 34 10 101 168 4 20 10 76 55 7 12 76 177 176 60 183 105 140 12 13 26 68 49 162 42 42 7 41 43 21 30 401 92 80 87 133 28 19 19 77 80 88
0 22252 23 69 181 145 47 99 77 104 75 37 324 33 106 76 274
0 22307 549 106 55
0 22936 39 22 43 64 236 42 46 92 93 10 131 3 2 39 70 1 54 51 29 24 27
0 23683 64 3 19 27 68 10 264 16 30 14 34 121 22 30 45 3 157 6 52
0 23811 95 6 194 61 88 12 86
0 23819 78 29 32 6 228
0 23894 196 34 21 4 136
0 23972 11 44 89 7 64
0 24213 121 30 66 65 235 106 217 4 77 116 99 21 9
0 24280 142
0 24309 441 72 55 3 36 16 28 150 35
0 24320 156 6 242
0 24595 59 5 303
0 25038 187 69 19 46 3 41 44 36 465
0 25122 38 80 8
0 25473 414 12 69 22 55 36 94 4 4 115 238 369 169 20 196 3 2 16 171 1 82
0 25648 338 14 15 30 92 130 35
0 25801 160 113 9 154 68 17 6 3 47 49 4 21 595 74 167 14 200 59 6 60 45 12 204 17 41 42 7
0 26278 47 154 52
0 26374 40
0 26529 155 6 46 24 10 19 80 1 23 3 148
0 26621 229 67 350 114 1 101 36 67 158 10 92 3 8
0 26835 89 2 74 94 113 22 68 29 28 12 11 43 90 20 122 13 68 66 35 126 105 194 239 49 36 7 180 8 10
0 26851 13
0 26919 88 12 111 8 104 80 124 53 89 1 17
0 27158 61 1 8 54 169
0 27184 92
0 27250 15 59 42 1 230 21 53 9 25 32 114 62 190 47 100 54 15
0 27529 159 111 106 30 95 50 78 66 6 19 88 3 197
0 27732 116 17 49 34 149 54 257
0 27748 38 30 156 35 142
0 27846 91 79 50 6 103
0 27976 92 80 105 86 102 27 34 242 51 67 67
0 28224 5 32 15 4 47
0 28283 89 162 71
0 28483 163 66 35 98 32 70 11
0 28497 61 7 104
0 28606 231 47 189 194 75 10 158 3 551 49 2 12 48 129 67 64 263 99 45 57 10 23 8 76 16 63 129 2 46 78 47 1 93 10 9 56 121
0 28778 44 41 151 95 36 17 10 46 43 104 142
0 28933 54
0 28984 163 37 35 14 105 28 413 47 24 132 51 25 8 90 18 2 111 28 2 1 7 7 171 16 63 1 10 21 26 28 32
0 29087 14 127 21 21 3 47 2 9 15 137 2 50 47 62 117 33 111
0 29121 31 8 94 40 88 14 140 29 89 30 189 49 128
0 29644 2 5 25 29 94 29 32 101 26
0 29738 50 3 126
0 29817 16
0 30117 35 33 17 54 97 48 94 83 5 55 46 54 33 11 43
0 30368 72
0 30594 10 10 15 29 7
0 30637 29 89 45 36 46 109 30
0 30858 71 69 40 2 15
0 30946 3 32 72 81 80 10 159 9 42
0 30968 185 43 6 65 84 81 56 7 16 110 100 44 14 154 55 5 101 8 144 5 54 86 57 83 40
0 31133 65 3 347 108 212 45 11 11 3 72 152 69 141 27 98 21 41 30 22 2 41
0 31210 69 20 161
0 31247 131 17 135 9 149 68 45 183 49
0 31339 5 149 132 3 159 2 13 78 347 32 194 3 50 211 122 3 160
0 31340 160 197 219 193 23 26 108 68 69 96 139
0 31570 65 84 109 55 132 175 32 153 59 9 26 105 285 81 16 42 11 32 53 15 43 13 56 36 72 46 159 34 75 24 90 61 43
0 31768 76 74 190 25 91
0 31797 160 20 134 55 113 166 25 53 133 2 238 51 42
0 31949 90 34 111 12 50
0 32000 89 10 9 20 43 25 23 130 16 41 66
0 32361 97
0 32452 1 80 92 8 6 81 51
0 32843 57 8 366
0 32902 3 23 56 42 3
0 33019 33 29 294 194 66 21 84 28 19 78 40
0 33023 48 22 385
0 33204 5 67 27 2 69
0 33210 51 155 247
0 33320 50 71 207
0 33550 32
0 33627 150 2 171 65 6 45 239
0 33659 2 6 83 48 8
0 33844 44 8 227
0 33860 115 52 216 38 100
0 33938 27 121 94
0 33956 74 118 85 65 53 64 140 12 17 128 65 5 34
0 34134 162 58 24 14 168 154 346 73 200 12 49
0 34274 288 35 58
0 34312 98 115 93 146 190 140 77
0 34374 49 90 2 14 50 42 96 108 111 22 168 195 43 19 38 57 3 73 19
0 34580 409 58 41 67 7 30 76 53 123 185 148 9 6 28 91 13 55 17 47 23 135
0 35261 166 14 41 57 117 32 327 84 26 43 117 7 379
0 35308 157 25 99 22 223 22 120 47 352 1 11 12 187
0 35407 28 19 8 10 2 4 71 125 39 16 12 5 67
0 35422 125 13 113 65 226 1 26 11 113
0 35479 126 21 456 47 2
0 35499 6 66 119 59 260 134 89 14 77 34 22
0 35877 5 37 34 57 187
0 35905 1 91 36 117 80
0 35943 42 74 290
0 36049 35 18 86 62 21 30 35 12 31 104 40 106 17 31 106 25 66 28 175 12 37 104 311 37 7 43 175
0 36085 60 33 60 19 97 13 6
0 36256 68 9 80 144 235 94 152
0 36594 104 108 126
0 37179 52 3 8
0 37284 45 2 172 65 148 23 117 13 114
0 37345 128 71 205 27 43
0 37585 84 35 84 52 120 2 204 70 44
0 37638 37 25 161 22 103
0 37727 150 59 113 86 65 86 209 7 286 9 7
0 37761 7 81 37
0 37881 44 103 81
0 38873 516 138 332 15 55 27 124 18 77
0 39174 164 49 34 112 23 129 74
0 39305 122 10 245
0 39524 289 25 64 91 150 16 59
0 39562 129 37 219 56 17 56 12 126 9 148 26 6 89 57 70 111 23
0 39672 114 139 47 44 109 12 14 92 349
0 39739 67 3 82 5 86 113 94
0 39816 13 4 24 117 55 22 53 17 315 31 271
0 40030 87 122 50 100 113 179 62 22 68 6 78 215 282 6 121 9 70 127 26 35 11 145 53
0 40479 61
0 40686 456
0 40896 73
0 40910 175 8 138 102 51 36 40 38 7 35 32 143 94 71 58 20 91 22 33 1 8
0 41087 25 10 34 68 88 35 121 21 63
0 41123 76 82 23 13 21 280 234 29 86 23 36 21 144 149 124 65 595
0 41146 77 74 12 89 126
0 41149 17 32 46 8 6 29 51 1 23 44 109 62 4 87 63 238 19 18 57
0 41163 55 63 66 21 43 166 66 36 107 8 397 73 51 38 241 1 54 25 42 68 38 147 25 8 165
0 41765 9 35 11 5 2
0 42240 2 68 23 38 164
0 42531 13 30 6 80 51 88 133 181 181
0 42678 45 26 28 34 271 53 1 43 8 32 44 13 3 44 59 80 33 23 7 26 4 103 40 17 25 32 203 21 41
0 42695 166 71 40
0 42709 101 191 60 30 109 120 173 79 68 16 194 65 25
0 42793 113 2 65 19 61 13 53
0 42882 81 26 58 26 115 1 4 186 397 46 173 32 151 16 71 23 29 16 119 4 183 31 23 86 15 37 306 51 56 40 18
0 42915 163
0 43171 175 2 112
0 43339 186 37 60 31 1 10 75 53 59 69 67 5 120 151 79 73 285 146 114 76 81 13 77
0 43378 4 18 333 62 257
0 43429 77 62 65
0 43539 59 40 56
0 43618 279 18 33 160 28 18 12
0 43626 9 30 26 213 60 53 132 39 168 1 323 46 153 52 88
0 43631 140 8 26 37 61 12 250
0 43736 203 67 23 6 51 1 146 86 102
0 43825 46 32 138 6 75 7 36 14 31 79 194 3 5 121 16
0 43920 78 5 96
0 44063 36 27 39 42 4 134 33 35 28
0 44135 15 71 291 65 69 91 196 78 13 75 283 13 8 3 264
0 44329 10 45 40 45 189 162 30 117 48 48 24 135 298 34 2 2 79
0 44451 100 20 24 22 64
0 44961 310 65 78
0 44969 27 54 50 70 6 32 177 47 94 4 40 63 191 82 134 79 110 121 35 10 111 33 127
0 44977 47 5 44 6 448 74 124 12 240
0 44982 180 8 9
0 45026 439 86 206 160 118 90 91 1 61
0 45033 88 2 57 16 164 122 43
0 45062 133 26 216 13 329 65 50 12 121 15 48 97 32 7 20 178 29 7 1
0 45280 113 9 138 17 2 5 18 33 89 7 75 35 208 19 37 71 10
0 45291 16 128 24 12 405 91 34 6 286 98 366 7 230 123 89 64 2 157 78 136 24 17 162 29 6 10 89 14 14 9 8 26 8 52 16 32 456 48 354 77 43 28 107 38 8 42 41 17 84 8 188 40 27 65 117 14 19 126 133 147 18 25 42 106 53 2 83
0 45309 431 24 112 62 138 44 214 48 171 16 144 13 71 121 64 28 59 88 314 74 71 109 55 69 79 57 182
0 45334 110 10 74 24 62 96 139
0 45336 314 11 387 33 75 93 15 31 296 27 171 38 14 24 44 21 95 30 95 1 53 4 12 20 42 24 47 65 42 61 59 44 394 16 2 81 174 56 54 36 251
0 45340 132 117 152 32 146 68 77 1 72 149 19 203 13 63 136 15 23 78 102 82 18
0 45586 56 43 163 35 92 3 26 230 16
0 45677 310 17 156 84 49 5 367 65 73 106 117
0 45857 150 56 70 238 73 1 143 11 40
0 46113 2 37 434 4 46 47 58 37 29 61 107 23 1
0 46216 170 53 43 16 22 73 22 7 104 25 71 9 91 37 149 213 322
0 46352 42 65 219 89 94 19 170
0 46404 68 106 125 24 33 8 446
0 46460 79 41 70 66 107 6 369
0 46954 50 37 200 18 8 58 59 4 12
0 47081 33
0 47200 10 5 24 17 87 4 41
0 47320 93 12 110 22 22 12 17 48 80
0 47462 137 60 78
0 47640 83 78 259 195 105 105 118 27 87 134 112 15 183 145 52 20 99 45 94
0 47730 147 71 23
0 47863 154
0 47980 105 79 96 137 106 11 129 39 22 10 143 85 73
0 48256 6 87 48 117 169 14 288
0 48480 57
0 48696 46 141 5 13 25 8 283 59 116 45 371
0 48812 30 54 85 41 84
0 48816 174 259 1 66 75 7 98 90 61 33 545 17 107 134 52 3 59 3 67
0 48921 67 87 352 146 3 11 100 196 188 44 8 15 53
0 49887 19 5 236
0 50961 3 28 26 23 73 64 19 24 29 9 397
0 51035 33 27 106 24 173 48 387 74 51 36 19 3 4 33 45 63 89
0 51230 58 97 110 2 405
0 51248 1 11 13 72 71 113 142 2 40 6 32 87 149
0 51368 3 5 35
0 51506 37 19 66 4 78
0 51513 105
0 51570 11 36 128 94 23 172 1
0 51721 60 104 35 161 26 66 246 79 101 37 83 34 142 30 18 7 117 192 5
0 52023 56 70 66
0 52059 5 20 14 38 11 47 132 3 164 18 119 31 185 41 14 23 20 2 230 23 14
0 52232 77 59 118 37 307 54 153 57 85 106 23 43 80 134 31
0 52329 17 7 79 6 71 21 118 64 67 79 45 138 44
0 52440 23 71 82 31 109 46 60 45 108
0 52483 221 55 20 213 65 62 74 37 32
0 52526 42 111 212 12 92 124 118 22 7 85 31 11 67 44 163 58 123 4 127 12 171 52 76 3 444 38 144 6 161 44 54 5 61 75 72 7 323 7 70 12 5 80 44 3 112
0 52728 18 6 14 14 52 49 33
0 53155 122 45 133
0 53353 102 67 302 21 42 11 189 11 239 30 27
0 53362 143 62 95 15 108
0 53410 51 4 61
0 53482 80 59 46 5 135 14 9
0 53668 15 99 19 8 6 69 43 163 90
0 53780 402 16 32 78 76 14 1 28 153 11 369 4 21 102 201 67 11 27 46 21 8 1 159
0 53809 153 67 153 16 60
0 53992 73 15 61 1 39 84 71 10 35 1 27 65 45 37 190 30 141
0 54256 75 25 450 57 144 2 8
0 54279 333 10 66 8 251 42 54 46 59 58 291 99 126 5 149 160 29
0 54290 46
0 54576 125 83 9 72 587 14 132 96 15 35 335 141 202 9 12 47 149 87 61 25 27 1 66 98 70 75 74 11 333 14 19
0 54801 50 94 133 46 62
0 54808 182 116 98 27 97 102 236
0 54950 134 3 48 4 119 63 174 44 5 4 189 39 6 17 116 2 140
0 55168 44 89 55
0 55256 63 8 192 45 44 97 22 101 75 13 52 13 14 85 68 51 21 4 35 29 222 296 23 71 118 10 13 4 87
0 55520 149 56 21
0 55644 19 16 59 172 17
0 55653 6 29 46 52 22 8 19 18 35 219 80 12 136 43 140
0 55792 27 7 205 208 315 91 58 11 12 34 538 61 29
0 55945 41 62 23 92 48 42 15 15 45 8 89 93 167 88 163 32 47 15 17 12 224 41 115 59 29 7 78 35 45 16 74 15 28 17 173
0 56215 31 35 75
0 56267 49 11 82 69 238
0 56671 1 65 43
0 56784 28 147 11 46 168 34 11 90 174
0 56957 36 157 20
0 57327 107 11 44 25 30 37 45 33 12 41 238 101 8 74 1 8 89 33 55 87 21 23 88 27 45 12 165 35 62 16 33
0 57345 210 50 67 13 199 52 34 2 1 10 114 61 174 34 51 17 81 9 127 20 73 99 22 29 3 82 28 28 2 14 703 288 264 67 13 141 183 23 6 8 85 13 53 8 173 46 223 33 23 80 171 11 159
0 57383 16 73 261 91 77 3 3
0 57662 170 47 218 126 123 77 8 31 60 116 9 100 57 165 205 21 30 73 71 119 23 150 151
0 57800 158 4 113 473 208 74 94 80 101
0 58124 112 32 4 14 321
0 58525 103 17 1
0 58692 95 13 68 69 152 12 4 12 35
0 59166 174 65 58 108 271 80 393 220 69 30 78 20 21 74 112 86 282 103 2 68 188 74 1 40 65
0 59319 273 72 4 33 216 7 192 35 147 58 89 11 196 16 6 10 62 59 48 26 257
0 59468 75 44 245 49 179 33 225 30 20 20 594 41 50
0 59524 68 127 131 61 20 4 225 65 247 24 319 33 161 6 101 17 42
0 59705 1 31 174 23 100 126 107 21 3 28 82 91 27 14 177 39 178
0 59885 249 101 12 193 31 26 85
0 60084 159 68 101 35 1 15 21 3 23 178 60 4 131 55 56 2 167
0 60094 45 11 15 115 125 82 398
0 60102 76 130 8 87 68 27 88 67 53 12 23 100 38 79 45 25 64 47 150 31 11
0 60392 1 62 182 67 49 64 256 39 126 38 35 25 349
0 60695 11 22 66 36 59 44 53 34 137
0 60704 293 66 54
0 60826 158 20 191 42 55 162 2 30 166 10 17
0 61114 106 6 330 10 79 57 46 16 118 32 163 110 95 143 14 4 9 10 80 231 277 59 38 24 30 75 64 91 172 10 24 4 234 21 69 8 10 15 35 38 199 4 1 52 228 62 214 70 27 20 61
0 61144 17 253 91 197 50 134 49 95 49
0 61194 140 11 8
0 61608 18 50 73 56 116 6 36 5 130 7 125 18 227 74 26 18 77
0 61655 8 40 76 20 130 339 168 103 212
0 61702 100 258 29 20 29 45 27 17 131 14 19 208 220 58 14 30 53 111 34 33 90 21 44
0 61767 317 11 8 125 78 5 276 30 29 43 309 112 24 105 81 70 179 10 25
0 61820 43 138 34 53 2 15 213 16 157
0 61829 13 125 36 10 129 1 223 9 5
0 61832 70 67 9
0 62051 43 19 128 49 39 87 47 17 32 75 69 133 25 25 20
0 62069 7 13 21
0 62072 138 120 129 51 62 1 119 123 105 52 25
0 62160 225 19 225 7 152
0 62291 279 45 106 7 107 127 107 65 72 70 16
0 62298 36 24 182
0 62373 290 46 60 92 242 5 55
0 62454 38 35 4 21 20 119 103 98 109 42 9
0 62678 55
0 62696 126 50 3 167 142 21 29 111 36
0 62926 46 61 16 9 1 107 153
0 62979 6 160 201 67 125
0 63164 41 71 173 1 16
0 63212 111 51 53 6 52 172 23
0 63319 89 7 18 6 49 18 61 54 146 63 156 28 275 69 5 36 25 126 49 49 29 8 78
0 63371 113 69 384 24 164 21 76 43 139 108 73 114 29 59 281
0 63408 48 28 23 122 140 20 261 42 5
0 63491 97 119 18
0 63587 7 41 5 31 318 185 53
0 63771 104 11 200 7 57 16 257
0 64003 374 12 5 123 168
0 64207 55 45 10 9 64 10 13 70 111 121 17
0 64695 121 57 41
0 64912 25 89 118 28 76
0 64980 32 135 10 128 48 42 44 13 151 17 331 2 119 1 100 40 41 52 213 14 20
0 65054 103
0 65100 83 4 762 21 3 14 143 19 31 9 82 18 267 27 73
0 65345 220 54 62 11 6 106 106 8 3 45 4 13 45 2 255 17 47 86 140 44 46 8 67
0 65356 24 56 18 26 75 26 6 7 16 138 49 134 34 35 7 13 199 70 2 21 50 31 214 98 382 6 381 26 132 52 90
0 65724 4 5 134 49 2 23 60 59 47
0 65774 112 96 37 60 63 24 18 47 22 5 20
0 65891 96 9 165 22 61
0 66218 277
0 66227 9 111 257 17 402 50 188 4 31 4 173 1 392 3 73 79 371 7 175 10 207 33 119 26 23 26 149 1 7 39 79 158 42 7 149 8 44 52 67 9 11 6 26
0 66248 41
0 66411 162 12 106 41 406 115 62 37 288 14 77 3 28 30 57 57 6 28 56 9 1 45 90 29 30
0 66436 37
0 66484 56 13 2 10 170 28 8 31 71 14 1 73 280 32 68 55 113 87 14
0 66917 177 71 95
0 67016 359
0 67243 89 87 52 12 300 27 247 34 37 24 9 128 184 3 36 112 120
0 67330 56 55 105 27 168 37 99 28 348 16 273 117 53 24 68 36 20 206 25 23 92
0 67427 254 41 12 78 115
0 67716 79 40 7 24 15 56 60 24 235 113 87 52 33
0 67935 12 75 68 69 244 84 60 209 5 141 79 41 58
0 68082 183 38 69 84 73 36 222 16 275
0 68174 233 24 17 79 77 42 80
0 68283 145 114 183 33 128
0 68342 48 7 29 17 38 31 189 4 187
0 68507 116 123 1 113 37 23 74 2 55 11 36 38 99 26 123 271 58 48 140
0 68566 57
0 68729 41 17 62 86 14 4 6 36 111
0 68778 443 30 93 32 69 155 2 18 186 11 32 9 147 80 124 71 240 14 25 25 48 7 72 26 185 11 2 14 303
0 68972 144 45 223 109 223 16 3 120 3
0 69241 49 37 12 151 40 15 14
0 69852 24 92 90 72 36 40 6 70 182 52 215
0 69985 62 2 33 82 46
0 70017 100 148 18 23 293
0 70257 5 193 10 23 14
0 70407 6 13 214
0 70494 135 17 108 228 72 233 99 8 124 168 12 4 195 73 15 85 66 43 79
0 71291 66 45 100 130 263 8 37
0 71899 30 5 155 79 68
0 72095 82 163 35 18 74 28 140 4 95 5 18
0 72672 19 36 111 1 6 40 65
0 72763 628 116 25 27 265
0 72855 30 10 130 63 9
0 73193 228 21 7 111 23
0 73212 358 101 197 23 288
0 73223 143 111 77 36 24 33 242 151 115
0 73358 16 14 13 32 64 7 470 165 167 10 27 158 327 21 58 3 80 63 50 31 11 30 142 123 72 19 251 18 71 37 15 19 19
0 73413 47
0 73498 123 26 121 10 15 35 430 40 148 51 164 7 165 44 70 30 174 6 84
0 73551 219
0 73574 32
0 73591 103 59 174 63 48
0 73661 10 76 25
0 73803 23 22 74 27 64 2 93 72 141 173 33 46 185
0 73844 58 178 266 9 123 66 5 34 55 61 2 26 153 25 52 360 134 22 179 3 25 79 282 127 442 10 49 47 71 42 258 78 28
0 73916 26 11 44 12 7 4 3 24 73 6 20 129 227
0 74147 32 1 27 16 171
0 74320 37
0 74331 79
0 74420 10 75 9
0 74600 254 28 620 18 5
0 74800 111 135 121 40 176 11 49
0 75083 282 36 177 14 127 57 43 34 1
0 75437 24 29 158 193 18 28 114 26 18 36 38 30 44 143 75 3 20 58 153 177 7 134 17 94 44 43 29 10 146
0 75642 238 29 26
0 75681 134 41 163 136 54 25 42 10 74 10 30 149 91 8 26 10 426 62 83 34 316
0 75690 2 28 16 59 100 8 95 3 26 30 528 107 50 19 54 116 170 61 151 63 66
0 75720 124 16 126 80 286 28 124 4 22
0 75792 226 170 57 3 81 57 14
0 76221 4 59 78 41 89 35 56 5 63 93 4 28 45 13 38
0 76347 215
0 76458 343 51 263 17 262 64 92 81 89 7 62 6 40 5 83 45 6 168 202 88 70 56 185 26 7 32 32 23 43 35 91
0 76530 153 4 32 30 5 49 68 28 104 55 222
0 76666 3 1 5 6 124 66 26 74 105 80 42 94 24 18 93 19 25 41 152 79 407 1 74 31 36 132 14 148 28 115 108 48 75 6 146
0 76727 27 58 11 54 167 33 124 102 46 7 9 28 94 90 568 89 30
