0 0 163 115 42 84 73 13 53 42 69 10 12 91 117 71 388 59 160 175 42 40 22 4 33 8 240 29 9 12 131 14 71 20 70 1 398 153 70 47 15 73 32 55 8 242 120 53 88 15 25 2 52 38 318 3 126 29 37 9 86 16 155 23 112 96 92 4 253 67 223 26 78 54 309 39 523 112 222
0 389 132 93 114 29 108 129 53 30 247 204 20 37 41 3 19 58 54 74 50 99 13 35 68 10 145 62 110 11 16 11 283 21 191 23 53 1 117 1 17 48 192 32 324 69 96 73 37 4 17 17 26 39 10 144 43 12 76 16 84 81 14 40 54 160 21 68 78 23 84 51 44 110 68
0 451 94 41 58 7 7
0 535 8 4 83 5 92 18 267 26 47 15 63 29 1 60 49 77 117 97 56 20 317 33 151 33 74
0 606 66 2 143 144 30 23 68 30 170 1 142 27 126 177 180 62 110 41 46 49 448 37 124 94 76 81 39 29 128 29 79 121 16
0 669 151
0 708 114 6 322 40 173 1 109 31 101 14 62 59 17 21 90 62 282 21 153 97 105 12 25 16 179 55 106 36 107 82 110 61 45
0 831 179 22 175 71 151 58 69 57 125 17 20 113 23 44 14 1 148 55 53 12 23 33 13 53 72 2 418 70 3 34 19 21 132 55 94 7 114 22 52 27 178 137 30 92 119 9 12 8 100 43 129 25 86 15 36 102 177 20 117 54 30 87 22 26 34 54 122 13 197 1 6 67 97 32 95 90 44 23 15 183 311 84 24 76 8 20 95 1 127 13 32 17 20 72 135 15 177 11 23 134 53 106 108 75 128 84 216 82 169 4 71 17 541 41 88 97 43 18 194 124 117 81 281 55 44 28 90
0 907 115
0 1083 62 16 123 215 153 9 43 39 54 35 126 7 26 29 151 148 143 36 89 2 89 22 173
0 1188 1 31 205 22 413 11 11 8 236 30 116 58 196 5 29 58 119 31 73 7 85 60 203 33 68 54 3 135 52 21 114 8 43
0 1463 34 37 70 55 132
0 1578 194 191 121 34 49 3 31 100 24 11 145 15 155 69 164 2 121 34 4 70 67 25 152 46 128 9 95 123 143 4 16 1 20 46 27 142 128 116 34 2 199 11 4 55 48 29 4
0 1608 10 32 9 41 16 12 30 21 122 9 45 140 31 34 57 20 163 35 182 55 123 43 147 21 125 21 390 11 189 4 119 19 134 81 17 29 48 31 18 245 3 27 117 28 86 5 50 35 53 175 143 90 92 6 80 20 216 42 188 18 145 49 39 23 238 8 254 16 162 94 69 15 81 14 95 94 96 50 14 13 23 60 337 104 8 67 177
0 1694 160 42 18 67 3 15 200 8 204 7 131 58 3
0 1960 14 18 183 18 146 90 73 24 115 72 12 39 314 12 71 9 272 79 43 80 101 13 323 100 204 11 8 13 403 4 214 128 54 97 66 39 189 57 26 34 488 164 24 220 114 16 119 31 40 63 214 6 61 4 21 17 70 176 153 20 123 87 16 46 86 35 131 40 4 77 20 17 14 66 194 26 131 13 120 10 112 8 9 44 45 92 61 43 136 70 38 34 73 32 31 43 11
0 2159 30 3 4 13 64 26 38 62 138 26 97 17 245 12 36 8 12 174 3 130 119 10 11
0 2991 90 25 33 10 560 24 157 45 84 37 10 73 15 13 20 117 157 10 22 1 78
0 3218 19 134 41 29 25 6 13 2 15 67 23 18 84 9 5 65 109 108 100 41 23 47 199 30 282 1 3 96 188 15 27 95 21 59 327 88 150 45 35 5 109 67 19
0 3256 2 10 82 23 200 37 242 54 33 41 100 63 109 10 52 29 97 28 5 10 83
0 3358 119 93 74 10 66 227 132 32 114
0 3368 55 3 10 59 96 56 27 48 34 57 103 13 328 18 95 28 292 47 1 133 24 151 144 29 57 48 42 23 24
0 3615 182 60 92 18 306 16 57 111 194 7 317 2 35 5 84 11 14 22 86 12 17 12 37 72 275 25 48 12 110 8 54 40 11
0 3780 6 39 156 7 278 14 387 57 56 17 85 20 169 79 135 9 168 74 54 66 201 1 361 91 249 57 132 2 96 72 5
0 3934 68 88 57 42 163 1 73 20 33
0 3972 25 2 12 2 8 23 16 4 4 87 314 35 47 35 82 16 69 11 10 1 35 23 67 21 219 98 25
0 4379 42 2 38 26 8 205 53 3 222 79 311 65 271 33 30 94 10 46 87 18 89 48 24 42 6 15 18 58 53 5 36 9 49 116 20 126 24 59 14 11 142
0 5010 144 140 228 47 15 25 233 1 17 40 48 3 4 1 20 103 40 89 108 4 141 29 16 14 51 43 233 3 23 3 147 7 47 14 265 4 222 53 62 75 195 196 108 49 24 47 39 45 420 83 101 37 278 6 96 27 35 8 56 56 302 4 49 21 77 6 291 102 31 240 38 151 148 14 6 45 127 73 55 27 10 37 294 32 1 15 17 137 222 152 25 4 226 7 202 46 83 168 89 146 132 16 300 30 304 27 119 10 123 128 209 27 5 3 55 229 51 1 5 31 97 47 114 191 83 37 26 147 251 222 96 5 27 10 249 15 81 3 101 32 76 6 221 206 17 5 145 62 216 121 167 27 73 1 20 10 47 111 133 193 38 102 417 27 70 34 121
0 5102 280 36 209 58 52 132 41 92 183 76 51 5 61 12 98 2 51 97 15 55 109 32 65 1 223 13 4 62 168 99 21 10 32 31 242 147 76 27 34 7 30 94 147 9 135 27 13 2 70 48 259 2 192 10 39 29 27 169 4 19 31 25 21 170 463 14 23 90 171 51 42 17 50 48 86 108 60 52 35 2 14 29 37 87 12 16 117 163 75 111 113 8 100 21 57 17 56 57 138 15 35 200 283 87 15 1 246 73 8 80 23 76 181 123 14
0 5575 20 28 5 53 130 77 152 64 134 27 44 8 39 28 55 7 43 1 124 7 57 81 98 23 72 13 417 221 2 218 6 22 285 71 73 80 105 36 23 119 105 21 11 4 40 69 7 12 178 78 154 151 25 250 32 3 51 90 40 143 14 4 78 27 328 8 17 76 187 15 88 256 91 1 32 113 100 101 169 11 109 78 67 38 48 4 74 70 78 79 131 43 40 20 48 35 11 37 77 44 49 86 58 18 20 12 200 49 43 97 227 30 54 10 162 96 81 63 57 19 31 30 224 1 267 80 163 30 494 51 13 9 36 146 332 161 268 349 127 33 56 11 4 52 55 13 64 101 29 22 148 6 13 20 4 48 32 21 42 6 91 75 77 35 270 137 115 45 65 47 58 3 86 37 108 17 65 11 58 58 36 121 141 115 14 3 278 15 124
0 5599 14 1 105 13 312 38 97 16 4 102 33 38 90 27 110 17 100 72 34 42 1 43 265 3 114 18 41
0 5830 302 16 76 148 85 42 24 68 8 42 112
0 5875 94 79 129 93 251 12 220 3 2 44 153 154 194 200 322 23 64 56 145 41 40 74 12 6 175 12 155 27 68 33 295 67 265 147 26 74 67
0 6000 15 57 33 11 86 50 6 12 166 86 58 34 126 82 15 70 72 29 325 76 84 1 76 37 63 6 81 12 318
0 6271 15 38 19 172 135 15 71 52 78 5 124 46 23 19 92 13 53 52 339
0 6364 44 41 143 40 8 31 14 29 23 1 94 146 46 3 23 80 30 7 3 66 17 40 110 48 18 27 60 2 31 71 60 11 24 40 39 38 31 3 77 185 140 14 218 22 104 78 122 11 26 85 88 24 20 8 4 50 92 9 259 14 57 19 22 75 36 100 312 39 116 7 110 4 282 4 127 7 101 21 89
0 6446 23 19 49 43 39 77 42 12 86 28 190
0 6930 11 32 188
0 7060 135 5 165 17 29 6 196 12 11 42 227 83 92 11 472 36 112 15 166 54 34 99 12 68 121 55 165 57 38 69 161 9 36 55 18 9 109 76 24 146 10 42 463
0 7127 112 4 180 8 12 18 42 127 6 5 22 47 77 96 107 61 50 334 172 27 118 21 81 69 2 14 121 236 196 64 136 2 163 78 67 107 151 74 1 24 48 2 62 55 327 29 10 11 156 22 24 56 54 6 129 5 13 3 38 14 23 19 16 109 68 45 121 50 99 12 3 29 39 21 91 80 178 107 116 34 214 35 11 51 17 42 259 34 78 43 216 28 86 139 269 165 13 78 71
0 7132 37 3 163 18 21 22 67 29 58 24 195 9 57 15 120 59 10 35 55 1 68 12 21 6 122 84 88 14 102 57 217 94 121 12 89
0 7273 124 89 77 28 15 47 69 72 78 7 233 49 32 42 273 39 50 25 29 202 38 293 82 57 515 78 20 14 118 2 118 125 119 81 114 51 11 116 28 6 31 29 99 4 23 62 14 1 205 36 34 139 418 20 19 18 130 9 49 46 63 37 50 20 51 76 144 3 190 95 88 82 177 173 155 6 35 114 95 36 71 16 281 19 189 64 662 39 45 56 35 10 39 81 79 90 37 19 180 59 2 76 13 111 81 66 150 7 116 67 206 170 3 40 44 32 11 88 76 12 85 56 144 9 13 37 63 23 173 10 20 90 12 83 124 15 161 31 8 29 10 4 23 111 124 41 32 59 8 29 152 7 70 26 47 98 40 129 180 8 9 43 92 26 85
0 7405 8 21 557 7 151 27 166 24 210 19 22 32 122 28 58 37 154 11 55 32 47 72 210 36 37 196 148 1 96 9 101 56 88 130 184 33 5 52 8 42 47 12 126 30 66 48 355 66 13 23 48 25 48
0 7420 74 101 70 74 31 157 57 5 22 146 26 1 16 14 3 39 70 57 188 52 47 16 87 113 43 44 47 140 337 16 154 49 48 70 28 24 16 17 124 86 76 33 204 5 26 62 51 5 192 13 57
0 7470 231 64 58 12 63 31 406 18 69 14 98 46 28 12 66 71 32 2 319 17 11 87 105 81 108 105 97 126 3 80 26 33 37 5 15 17 68 13 11 66 18 126 39 33 86 102 83 3 7 41 845 54 4 1 130 3 181 67 30 36 78 49 156 16 41 84 3 7 94 25 32 6 227 66 31 7 202 32 67 53 22 5 13 1 129 10 136 46 72 40 99 7 85 93 15 92 142 104 6 51 8 68 203 17 276 72 182 75 25 42 70 121 151 256 125 72 8 167 81
0 7664 82 38 38 45 39 18 77 46 482 75 467 77 51
0 7967 68 93 349 16 9 79 79 13 202 10 26 25 192 21 157 49 142 23 149 28 27 74 27 13 100 98 34 102 174 17 13 13 43 18 17 98 315 184 130 45 19 30 21 110 56 8 63 50 192 77 43 27 4 126 56 189 24 44 48 135 38 104 66 65 120 172 112 17 23 24 17 30 270 9 77 17 116 154 150 39 23 221 125 4 67 153 178
0 8018 54 1 79 30 18
0 8062 33 31 12 158 25 16 236 62 15 133 15 35 26 14 26 69 18 119 69 23 28 10 895 11 122
0 8479 130 100 243 10 295 60 116 4 93 82 119 22 9 102 177 53 66 92 119 135 104 68 205 18 19 54 255 33 125 67 288 61 52 9 15 50 24 3 97 12 335 85 90 51 101 2 99 37 67 9 176 14 126 20 69
0 8500 80 71 65 43 212 46 141 91 140 87 100 162 141 19 56 100 3 1 69 50 29 27 41 64 103 99 78 129 107 92 51 85 21 103 134 7 226 26 272 25 282 148 11 7 113 8 52 33 31 61 27 40 414 26 41 10 141 84 44 21 6 72 25 9 82 75 123 19 10 41 13 29 25 57 30 24 62 26 38 112 171 119 4 29 3 2 31 61 54 107 118 2 228 47 96 3 228 12 282 9 217
0 8526 108 93 206 2 20 9 278 93 184 3 52 33 61 5 38 26 50 60 3 48 16 22 6 205 45 27 37 66 56 41 7 4 60 58 173 87 1 3 37 28 151 16 167 18 118 79 42 92 15 70 196 5 42 23 36 9 307 20 6 1 79 19 193 31 107 15 26 29 182 71 279 60 16 111 15 29 26 75 22 6 67 3 131 3 47 88 54 3 23
0 8920 78 88 86 37 23
0 8931 57 19 268 50 124 20 218 87 79 16 59 7 342 137 142 78 10 81 520 9 2 38 93 141 175 14 212 38 33 24 11 11 247 143 165 18 114 123 33 4 64 12 94
0 8953 34 22 93
0 9057 7 133 12 37 117 52 29 108 38
0 9255 57 19 6 2 106 36 78 7 35 116 101 92 49 54 152 5 123 24 72 49 8 130 247 19 48 10 65 64 2 56 286 41 105 3 84 152 71 5 53 82 696 178 108 57 137 18 145 2 200 32 11 211 36 3 33 8 71 27 76 30 4 48 215 31 156 1 47 234 78 25 82 32 3 93 159 103 35 15 5 182 44 117 1 66 11 103 6 73 28 150 21 15 111 24 35 23 4 108 67 341 27 1 192 48 165 83 185
0 9394 239 147 14 70 260 41 2 9 388 119 163 128 83 106 150
0 9475 304 116 20 107 7 8 22 43 26 39 64 6 101 80 101 5 405 32 249 23 145 36 152 28 7 37 40 20 14 90 27 27 233 5 5 27 74 113 17 15 145 43 39
0 9504 44 65 9 2 78 42 61 35 76 121 51 43 22 14 2
0 9527 18 27 123 18 21 3 160 14 16 30 11 47 88 36 1 16 197 3 128 42 5 149 309 24 78 4 150 73 41 94 58 13 25 15 1 28 149 88 426 11 499 108 322 98 55 62 195 38 27 31 17 73 56 31 37 141 29 65 3 69 35 18 59 44 41 19 35 26 179 44 13
0 9529 154 4 231 7 33 40 1 173 4 68 269 77 5 61 90 5 19 55 39 10 36 52 15 24 48 192 182 51 157 14 105 177 53 12 234
0 9639 6 3 23 64 60 15 142 4 57 15 87 20 32 77 4 54 145 94 35 107 109 2 50 33 132 7 36 81 92 10 59 7 418 17 37 2 16 28 45 16 47 84 20 4 12 8 162 56 240 63 75 20 112 7 20 29 248 93 83
0 9744 228 9 1 8 85 31 101 20 250 2 14 63 109 70 66 111 3 23 8 19 215 54 376 100 92 7 136 87 247 9 19 3 22 13 31 28 60 23 13 157 98 147 62 98 96 32 8 61 182 171 22 21 12 18 151 53 307 95 54 17 99 18 50 23 42 9 75 187 85 20 9 65 104 43 30
0 9745 197 36 34 7 181 20 137 26 30 43 38 55 13 28 34 58 20 5 253 19 39 29 86 39 70 32 48 25 65 74 187 2 22 32 68 14 2 27 26 174 254 37 70 25 155 119 64 58 71 12 13 41 369 31 27
0 9832 9 30 205 22 214 64 45 2 136 243 24 36 304 6 49 129 155 4 54 357 98 2 200 9 27 9 397 33 261 6 126 86 58 6 43 24 110 6 5 2 98 18 237 53 18 25 1 2 71 5 51 45 115 68 8 10 120 8 29 76 34 50 82 37 173 24 8 66 31 42 81 9 79 131 52 62 47 2 104 16 268 9 30 76 73 17 2 126 229 27 33 10 105 106 191 99 88 40 62 26 299 79 21 100 273 160 106 68 111 26 69 25 233 106 56 6 11 84 131 50 268 11 2 18 86 14 109 8 125 83 41 16 72 24 113 76 46 60 44 73 186 6 39 31 74 72 35 45 55 84 43 3 267 23 59
0 9850 27 3 56 54 22 41 47 83 115 2 72 125 111 6 8 36 244 91 146 5 18 117 23
0 9869 4 26 85 53 206 53 6 68 83 38 49
0 10140 70 52 12 51 139 79 199 74 201 39 11 29 541 19 96 118 68 77 32 16 111 84 274 28 31 35 35 8 43 57 174 87 391 90 68 57 88 13 22 11 16 59 220 4 95 64 48 74 84 43 9 20 339 125 190 83 12 47 141 4 40 67 3 28 130
0 10389 115 6 78 14 345 76 78 16 54 36 44 12 27 14 30 29 273 18 115 53 45 8 109 12 35 17 283 89 49 42 7 8 52 12 100 12 126 146 104 130 47 116 126 26 2
0 10554 53 26 75 147 36 18 202 20 8 2 50 170 230 7 145 15 194 133 145 35 17 24 112 123 93 50 72 174 9 70 9 60 74
0 10673 44 93 22 5 22 33 63 33 6 32 166 106 2 3 7 96 17 35 208 71 37 37 114 122 43 74 25 45 80 24 13 80 41 293 172 102 79 149 229 40 95 2 114 72 70 16 234 27 148 67 7 101 121 10 251 13 191 7 145 36 23 28 155
0 10742 680 6 169 27 25 182 82 205 19 51 232 59 52 64 7 1 47 76 231 5 43 7 399 12 4 3 120 5 9 99 162 34 126 30 78 95 53 15 55 41 207 4 324 15 318 3 22 62 25 19 99 175 43 6 38 3 198 171 8 8 3 52 108 1 527 8 55 30 53 1 38 3 161 128 90 51 58 6 34 58 165 218 78 199 79 50 38 19 1 97 76 144 144 6 100 42 32 18 90 7 70 19 18 5 3 3 67 29 7 19 75 130 20 6 326 94 11 44 120 345 117 158 16 13 65 49 53 21 51 57 20 11 27 13 63
0 11159 144
0 11690 129 13 97 132 165 3 60 36 739 26 131 3 1 7 80 44 7 145 27 40 159 7 162 46 88 31 31 122 52 59 13 6 19 45 219 21 198 58 47 39 35 70 40 45 24 75 118 31 65 30 11 13 139 151 38 30 38
0 11783 2 11 176 30 52 30 151
0 12043 110 1 167 82 97 31 68 18 26 4 121 22 36 47 24 13 6 84 155 89 97 82 39 11 89 113 9 26 99 20 90 11 57 4 108 24 310 54 293 10 65 28 10 15 79 68 117
0 12311 103 76 178 1 159 15 138 27 222 36 32 61 178 2 161 14 592 231 105 49 25 3 49 126 16 12 60
0 13071 83 13 113 156 160 80 60 62 179 42 8 141 180 47 175 2 83 7 32 42 117 86 82 30 230 41 37 28 210 26 38 43 288 28 341 23 7 114 125 15 9 21 7 23 92 43 135 14 106 56 30 57 37 33 167 166 168 8 143 40 45 2 435 14 72 5 68 20 67 107 7 18 350
0 13199 1 88 22 33 169 7 13 15 45 11 77 19 255
0 13220 76 20 76 8 159 288 26 84 34 12 272 7 10 6 27 33 57 84 42 243 34 11 6 53 81 93 174 27 196 26 455 172 8 81 34 10 5 10 30 17 140 31 120 129 222 208 45 84 33 58 36 87 208 103 155 50 650 228 70 25 54 5 161 78 35 13 31 9 114 41 30 187 1 15 29 200 53 294 205 28 286 37 4 150 164 86 45 27 50 127 15 19 89 11 37 85 14 14 135 140 170 141 144 12 65 8 28 15 11 3 198 59 17 42 7
0 13257 9 1 80 14 238 27 64 25 106 26 6 20 42 85 105 47 181 138 38 68 15 65 235 78 22 72 617
0 13857 58 47 149 50 7 5 129 37 15 76 30 35 169 14 60 43 201 27 31 32 76 14 110 166 113 58 181 8 45
0 13894 120 16 15 95 68 337 32 190 501 104 19 18 88 13 4 13 70 12 42 29 430 5 25 67 84 63 48 34 9 5 117 25 63 41 245 195 11 78 42 34 256 82 27 89 64 57 59 3 52 1 127 67 852 26 159 53 211 6 100 40 141 39 72 86 21 13 66 42 214
0 14077 220 6 185 10 9 50 29 37 144 62 74 36 86 16 29 6 21 93 1 154 23 63 27 48 43 37 53 51 158 10 6 20 215
0 15390 223 16 179 135 33 67 136 32 4 13 113 20 38 19 114 139 4 14 217 55 24 126 113 5 29 104 31 34 37 37 86 1 67 82 191 75 283 7 103 65 1 11 77 32 59 36 51 43 31 20 45 39 92 2 75 86 49
0 15639 11 81 99 5 25 87 171 24 36 19 52 43 35 57 112 1 14 19 53 42 112 34 138 30 44 73 47 117 160 48 38
0 15662 13 45 161 52 70 139 17 8 67 12 23 27 42 38 191 4 171 48 39 25 8 13 440 6 20 68 24 11 106
0 15775 97 7 32 66 50 197 32 34 266 84 35 23 7 4 25 29 38 28 179 54 118
0 15786 201 24 183 13 26 59 17 57 64 27 167
0 15973 33 1 111 85 70 3 241 3 91 52 24 142 54 125 23 119 21 18 82
0 16099 100 43 22 18 184 15 233 43 30 33 4 55 27 15 127 13 180 17 92 57 166 36 203 95 53 115 79 2 2 44 86 29 192 137 17 25 187 23 44 140 114 43 43 46 23 9 3 57 41 28 15 33 132 35 143 72 89 1 19 15 6 36 288 103 5 63 71 2 35 63 14 159 191 16 153 10 52 37 34 43 24 10 37 6 124 204 22 126 24 49 160 10 83
0 16228 256 2 142 101 80 8 86 24 152 62 48 23 17 73 161 27 198 85 67 12 31 9 81
0 16651 199
0 16721 23 53 13 53 7 18 141 7 32
0 16762 73 45 28 22 102 88 32 13 95 10 92 164 91 12 158 7 174 66 319 1 74
0 16786 60 149 131 29 265 76 106 265 119 73 23 46 356 43 17 100 87 42 57 89 109 23 230 10 140 62 25 226 47 44 141 55 73 9 8 6 262 37 79 14 93 4 221 33 46 58 10 50 23 93 155 36 14 11 65 22 138 13 34 2 41 100 98 98 17 26 2 187 1032 3 144 94 66 10 64 73 23 31 31 11 31 44 134
0 16949 88 110 208 151 103 2 63 16 19 38 318 14 6 33 11 27 17 111 53 8 410 53 48 11 347 76 40 15 52 39 41 116 374 99 403 20 57 10 4 26 83 6 85
0 17173 369 31 11 4 41 61 52 12 95 28 152 72 48 171 134 44 201 8 87
0 17182 12 74 407 78 7 57 46 83 118 32 177 19 153 47 4 49 29
0 17212 183 39 21
0 17455 31
0 17560 116 24 86 33 73 44 23 47 37 130 199 32 38 346 78 47 107 48 26 6 386 9 234 226 25 42 86
0 17636 5 16 32 29 86 12 133 21 89 103 148 54 199 110 151 21 48 25 58 83 95 28 29 6 31 38 185 23 49 40 43 208 59 14 118 26 234 70 60 45 54 132 83 77 279 32 8 48 124 47 102 62 14 36 120 15 54 56 108 12 5 104 119 343 187 81 55 24 190 17 155 39 223 15 61 20 36 135 265 6 229 24 163 13 2 40 68 38 12 21 305 93 19 34 7 89 1 7 48 40 16 52 47 2 15 36 32 45 117 22 6 37 18 49 44 10 113 36 38 29 38 143 253 48 81 58 100 31 65
0 17724 116 158 161 14 18 35 70 28 155 10 215 77 9
0 17792 43 44 53 66 87 62 87 80 170 29 6 48 38 19 30 36 45 34 42 22 1 18 165 61 55 29 19 22 169 31 131 23 73 15 282 37 148 20 48 74 83
0 17971 1 50 47 62 91 120 31 120 36 26 16 86 12 41 16 57 14 17 8 3 5 40 68 15 10
0 18244 114
0 18380 80 5 16 101 95 60 27 22 175 76 15 112 29 149 36
0 18486 160 12 336 39 140 41 114 8 109 74 194 160 177 18 559 7 532 6 62 36 2 46 7 51 146 6 118 53 27 68 125 23 62 50 199 31 90 13 59 112 9 23 61 19 97 12 181 60 32 12 100 205 4 78 74 13 170 64 260 88 82 25 75 14 59 153 242 21 79 7 140 70 106 84 162 35 102 4 157 117 276 80 35 36 98 48 51 76 118 49 12 101 13 34 36 4 96 14 3 147 212 2 20 98 71 10 43 31 204 76 1 13 89 9 20 31 32 43 4 8 242 40 187 114 15 56 20 8 60 5 44 59 58 37 70 35 187 63 182 135 77 16 22
0 19298 141 15 137
0 19320 13 103 294 55 150 74 199 13 155 19 141 202 166 29 15 18 75 24 31 24 46 23 22 94 2 5 2 74 36 55 110 13 85 58 107 5 157 275 137
0 19510 72 59 267 88 61 82 293 6 14 19 50 64 202 4 3 57 222 56 141 114 5 39 520 69 9 164 111 33 246 137 141 15 49 1 35 24 122 9 128 28 12 16 31 170 96 53 46 75 123 42 103 34 90 82 188 93 36 83 8 87 15
0 19542 43 19 83 105 28 18 12 62 100 29 33 103 31 21 86 63 59 43 70 177 171 36 34 56 89 24 42 1 20 12 212 16 223 42 6 20 72 16 38 13 74 12 93 122 301 7 111 55 116 54 41 23 78 24 102 22 17 51 40 92 62 42 14 19 18 89 6 58 49 36 244 29 109 6 24 43 206 41 38 12 468 88 14 15 14 16 31 39 38 16 222 18 89 59 46 33 85 112 22 15 18 5 95 14 111 5 89 27 325 109 5 64 23 35 70 103 1 6 66 57 239 16 51 43 24 42 865 118 109 44 137 67 70 64 252 25 139 30 155 44 7 63 50 8 96 68 35 29 371 17 220 12 63 44 115 47 104 21 24 167 42 1 39 38 327 30 126 123 70 8 149 11 4 66 371 30 43 42 49 58 161 41 8 7 18 36 62 45 10 14 16 99 41 378 209 23 144 67 1 65 327 12 312 165 2 75 195 16 306 41 216 42 15 7 66 63 418 19 5 81 9 82 55 31 361 97 470 8 155 50 368 35 251 51 2 13 12 9 13 139 31 59 62 13 111 1 91 44 16 11 29 49 20 16 162 20 15 16 42 4 195 19 30 85 57 21 340 1 10 12 129 50 74 29 395 13 68 60 41 114 142 20 97 85 289 15 24 5 71 38 61 165 30 73 61 40 109 28 64 30 87
0 19678 168 64 8 26 5
0 19679 124 109 148 27 174 6 14 60 257 229 6 3 133 104 66 108 354 34 214 73 51 37 42 90 376 149 26 16 194 80 88 8 133 49 15 10 49 124 14 4 5 62 140 2 112 153 33 46 378 13 167 65 104 107 179 54 3 30 106 176 10 11 16 9 87 1 25 24 89 31 120 70 28
0 19820 47 25 77 111 59 68 38 8 23 11 12 5 77 50 181 132 56 2 146 7 71 195 8 33 213 59 421 115 133
0 19843 189 1 44 35 89 15 15 46 42 121 55 2 137 188 83 15 122 41 117 25 41 131 233 28 51 7 42 23 36 42 30 17 57 17 51 104 56 13 57 121 120 114 113 32 54 6 139 6 267 40 35 173 86 43 58 3 108
0 19892 169 29 72 7 64 75 104 186 113 16 5 21 232 50 37 5 12 14 275 137 1 68 105 50 54 88 45 160 37 40 40 17 3 37 1 20 104 68 118 53 4 2 75 15 24 12 57 47 111 66 362 33 3 40 39 65 224 48 98 40 24
0 20285 41 24 46 18 164 21 220 19 187 37 31 13 182 87 1 163 46 21 177 188 63 5 52 37 111 18 103 134 98 113 127 5 8 36 101 27 101 17 258 10 194 73 171 37 144 66 7 36 22 26 31
0 20296 108 48 35
0 20779 124 15 207 27 308 54 67 6 32 22 63 12 63 30 11 19 318 79 144 79 32 27 63 12 12 103 12 70 95 53 240 53 180 17 51 63 40 60 188 154 21 30 31 128 3 63 90 64 83 177 242 106 204 65 15 18 96 26 254 4 4 47 23 81 106 5 14 139 33 44 216 11 28
0 20826 102 13 32 68 221 57 29
0 20871 29 35 9 82 38 36 62 32 13
0 21139 304 3 1 31 217 56 57 15 231 30 153 12 77 18 69 19 124 15 8 4 24 2 41 52 20 18 19 48 107 18 162 12 76 4 110 11 165 136 140 10 188
0 21140 162 45 184 49 118 104 23 27 334 155 35 7 60 3 190 57 179 8 4 34 41 79 3 31 112 26 68
0 21233 81 2 339 28 101 71 116 26 1 49 24 4 131 13 7 33 49 14 30 138 54
0 21375 54 3 279 6 21 3 57 24 89 44 63 7 14 59 73 63 162 253 42 9 17 13 173 1 46 170 175 90 29 27 43 22 142 11 16 38 99 24 62 158 27 4 42 9 180 39 106 13 19 48 110 63 26 9 1 104 390 292 44 7 231 13 53 63 215 19 21 171 56 189 2 46 247 37 22 7 164 37 64 111 216 22 55 15 102 13 201 38 26 2 85 112 65 180 65 20 242 91 333 24 113 27 137 13 275 91 20 118 48 52 7 43 303 40 22 58 42 11 31 68 11 10 3 43 161 6 362 39 20 47 15 295 79 34 17 16 87 50 2 122 240 108 71 31 142 62 193 5 52 18 88 33 4 26 20 1 9 77 152 72 12 29 136 16 299 74 76 7 81 69 24 170 3 69 49 41 7 7 42 70 165 102 165 30 57 23 117 43 26 43 195 2 48 87 11 130 61 20 14 69 108 3 70 37 9 6 71 28 30 70 105 30 65 12 161 88 67 10 4 25 59 27 11 117 25 129 336 22 54 67 80 42 137 34 79 3 190 17 222 5 204 15 13 98 84 69 201 21 29 57 37 165 10 82 63 31 13 75 220
0 21453 46 35 105 114 43 121 158 40 38 1 36 18 53 138 47
0 21530 77 36 279 70 41 183 152 16 37 61 106 77 219 26 205 99 94 5 203 89 28 49 600 47 28 176 172 57 255 3 20 14 100 9 73 5 322 18 119 2 452 8 98 30 40 161 3 120 119 55 146 83 133 14 17 60 111 109 196 5 74 98 19 20 79 13 65 2 106 22 23 142 151 43 58 20 6 52 2 15 14 63 1 111 183 53 147 21 2 57 63 18 10 13 178 105 156 69 283 72 40 47 122 67 251 16 129 16 169 30 41 144 74 19 65 61 24 77 52 83 216 2 7 180 51 57 57 56 172 11 284 67 57 30 127 28 1 12 25 133 191 34 61 98 109 54 709 28 234 31 99 38 31 8 68 27 53 150 53 50 6 121 1 19 30 9 26 311 90 65 227 29 183 8 150 30 113 67 1 45 192 39 67 91 29 29 22 21 33 8 48 65 19 172 300 60 76 20 33
0 21539 39 20 52 1 45 67 136 30 21 34 13 40 53 14 8 1 74 72 7 54 29 32 14 57 16 181 10
0 21587 175 67 126 74 36 9 72 23 31 51 37 33 17 45 1
0 21640 232 6 54 59 155 9 234 85 85 61 22 140 13 73 407 85 97 9 59 68 22 7 61 25 47 130 39 123 177 169 152 33 218 91 527 21 29 8 44 21 423 2 55 155 65 4 8
0 22397 230 115 160 142 11 8 22 19 74 17 78 53 43 97 65 19 11 62 26 39 146 63 159 26 51 25 21 100 55 8 30 1 22 64 25 61 34 38 279 117 30
0 22534 254 162 66 38 28 20 77 36 27 12 65 4 7 4 590 122 15 10 36 160 27 11 90 302 223 41 240 34 4 136 166 54 188 30 117 30 196 58 25 66 131 12 26 55 171 45 131 95 134 81 550 41 12 15 109 14 78 30 108
0 22621 219 14 130 36 66 96 167 2 106 59 177 93 171 52 76 71 234 10 122 21 37 4 20 48 91 6 33 183 5 21 101 37 21 37 250 54 30 93 58 6 110 87 50 58 55 71 8 5 84 91 464 74 137 1 143 16 16 159 7 92 13 3 11 21 5 5 53 70 17 32 12 3 16 23 17 64 2 28 56 17 43 6 11 11 6 49 239 15 98 14 164 19 69 6 118 97 69 24 102 15 120 9 74 54 128 9 131 11 123 5 2 29 3 41 96 35 19 61 415 154 297 14 162 38 146 88 11 33 36 14 123 8 159 107 78 16 133 48 105 49 70 68 38 135 53 35 189 177 37 11 61 41 166 8 93 28 11 61 41 77 17 50 12 67 16
0 22772 60 147 51 44 150 18 25 103 38 54 128 60 27 44 57 34 5 40 186 25 91 30 140
0 22892 8 28 103 69 394 29 97 9 80 26 194 58 18 52 98 26 179 37 108 23 177 65 153 28 29 4 79 45 205 9 230 1 10 54 96 36 444 91 96 1 48 231 21 2 193 11 53 62 111 173 23 22 107 9 116 5 14 52 99 24 30 5 42 20 19 92 31 42 78 2 33 111 54 26 119 67 89 4 133 2 105 32 33 72 160 54 73 46 13 10 52
0 22918 197 25 57
0 23089 63 30 15 30 29 72 74 37 17 90 4 84 184 25 35 34 17 47 119 15 20 44 136 78 32
0 23498 37 96 314 21 274 54 129 6 236 109 126 27 147 35 79 47 116 160 11 59 98 33 82 19 123 329 275 13 36 107 42 10 44 38 73 88 88 2 32 43 32 15 38 111 53 41 108 197 70 96 24 21 179 47 43 13 29 83 33 92 67 252 244 21 277 90 27 74 25 176 177 52 55 19 18 23 253 4 13 90 88 46 12 7 459 8 53 142 114 19 104 39 132 50 74 44 9
0 23596 50 57 140 76 209 26 49 62 77 72 257 99 220 1 99 26 123 54 133 91 68 53 104 29 151 84 58 51 441 18 557 108 100 295 63 12 366 93 245 22 55 20 112 166 19 8 386 4 455 5 25 37 28 13 33 48 116 1 37 35 246 11 41 48 175 35 24 8 139 61 50 65 84
0 23644 299 37 32 103 168 158 79
0 23765 1 58 7 8 46 32 31 45 100 18 44 95 97 13 77 10 39 7 94 18 81 16 11 27 44 68 62 70 126 71 191 130 37 46 85 55 77 62 86 20 26 17 34 43 17 41 14 10 82 54 11 9 122 12 19 103 126 5 200 14 157 72 44 28 6 6 133 37 49 41 17 5 130 13 25 41 65 10 133 24 170 57 215 8 11 52 112 99 69 46 65
0 23933 220
0 24161 33 36 106 96 117 9 18 27 77 15 66 52 24 9 50 51 195 4 54 6 156
0 24349 35 207 1 32 105 48 6 137 15 16 599 60 13 9 49 105 67 1 64 17 26 36 46 87 1 4 19 88 68 18 145 19 6 47 73 45 8 58 31 8 101 109 169 101 133 2 42 99 204 27 1 55 4 11 17 8 69 126 240 24 24 20 49 49 209 178 5 11 77 3 53 29 54 7 66 23 9
0 24393 35 32 1 27 93 7 17 12 151 7 108 17 18 53 155 4 72 26 13 57 68 65 84 17 1 62 411 24 60 53 29 40 93 74 65 18 63 8 14 69 124 13 33 2 16 1 1 6 26 43 3 33 17 8 72 96 352 19 68 42 79 37 191 10 49 19 84 7 104 93 66 103 187 142 118 39 34 127 23 310 58 12 53 27 4 65 112 79 310 10 8 84 82 2 48 14 61 28 300 30 62 92 69 15 138 4 27 2 11 10 29 22 69 110 126 53 24 70 106 14 269 30 14 121 70 65 135 72 37 11 52 10 41 48 130 1 82 3 39 1 36 112 103 57 242 1 48 1 35 191 50 89 31 32 186 15 38 47 39 85 108 55 19 12 20 75 121 107 22 20 55 138 169 75 133 60 12 10 47 64 247 267 413 251 3 22 33 45 331 35 40 106 51 27 96 23 7 42 182 46 147 75 32 9 1 63 27 74 60 80 266 30 83 109 126 29 85 36 118 9 166 80 49 24 109 8 13 30 14 49 95 39 38 50 37 5 13 45 252 47 61 126 94 32 83 6 45 145 38 59 15 111 19 26 58 40 27 71 26 49 129 236 489 54 116 26 50 49 2 23 105 14 38 22 73 13 52 46 135 26 192 3 30 5 20
0 24646 71 9 82 268 3 95 49 6 90 73 30 70 183 7 50 43 26 53 651 99 5 14 23 37 7 13 93 27 10 109 4 48 99 51 129 61 106 74 111 8 9 116 69 10 270 57 359 53 13 36 67 58 15 59 33 13 9 35 229 168 65 46 53 19 8 7 3 58 66 149 109 42 103 45 47 35 48 12 23 21 19 48 433 122 163 94 89 46 32 45 250 105 28 31 48 48 113 63 175 36 169 12 12 37 53 28 16 17 47 13 5 47 36
0 24711 91 1 91 29 10 9 38 15 78 29 37 19 87 296 161 17 42 120 12 155 66 20 31 20 146 35 17 47 22 19 8 28 57 2 13 2 123 12 119 34 190 137 160 196 330 57 226 96 93 95 103 95 24 41 122 16 9 60 112 75 5 20 548 60 80 38 114 8 642 27 80 125 79 36 117 20 188 2 161 274 209 55 13 123 234 5 132 131 124 25 7 261 7 38 86 6 70 69 110
0 24792 2 17 57 74 12 33 37 33 188 158 19 1 117 20 134 51 116 57 235 10 307 271 43 8 15 27 20 39 2 103 48 86 79 154 112 125 60 15 24 27 76 5 5 39 21 132 103 1 358 28 136 1 50 32 210 20 80 42 43 8 70 1 2 19 12 46 62 61 162 66 1 84 51 3 799 20 25 9 23 7 233 79 62 139 29 3 19 19 220 35 93 69 22 39 30 13 239 78 63 34 5 57 8 8 33 1 170 27 141 55 371 56 46 18 45 23 166 19 17 16 109 24 35 90 15 48 227 35 558 29 12 107 325 31 18 156 43 73 118 14 7 68 79 28 10 1 3 3 74 49 21 61 133 40 30 7 324 33 43 10 40 101 139 39 180 101 88 3 24 25 59 139 36 56 140 109 173 98 111 3 113 2 49 71 79 18 18 6 86 115 2 11 1 8 7 15 24 17 100 80 31 6 1 5 51 27 26 13 114 126 99 219 42 37 18 62 85 85 14 97 23 1 274 31 190 43 138 17 319 151 38 77 28 28 15 33 18 36 12 28 181 13 18 29 77 37 10 53 3 39 83 239 92 17 102 9 12 50 52 153 95 47 32 52 9 39 53 24 110 15 13 64 53 53 75 52 112 40 278 40 189 40 30 177 80 124 37 16 81 120 129
0 25118 40 210 21 1 211 29 178 98 5 70 33 47 12 12 72 14 27 1 50 106 46 71 92 49 27 8 44 58 69 115 261
0 25257 27 70 196 4 41 21 56 7 175 6 14 377 69 74 114 38 135 73 43 177 305 83 18 43 2 53 38 37 34 82 25 61 150 85 115
0 25358 140
0 25441 27 14 172 108 35 29 112 10 58 36 87 2 280 52 71 16 44 22 35 161 37 24 22 15 34 97 85 14 66 26 11 68 279 7 86 28 12 40 64 25 59 74 302 26 12 43 72 125 25 7 87 64 103 52 65 6 87 32 134 47 44 35 91 8 29 25 62 46 49 3 100 122 52 10 12 101 75 171 34 191 154 153 65 135 98 22 187 26 4 61 212 7 9 76 137 51 40 49 17 5 1 6 257 9 194 23 58 11 69 107 19 34 217 8 19 38 238 24 198 136 36 64 133 4 32
0 25628 7 126 112 41 3 7 56 37 115 3 122 68 34 29 8 1 13 151 110 37 6 25 27 10 139
0 25762 272 29 21 186 201 14 53 1 124 101 20 5 56 174 2
0 25806 168 267 31 45 63 7 109 3 123 23 609 3 376 7 62 5 56
0 25843 50 28 4 27 328 54 20 24 18 21 206 7 159 92 47 54 63 43 99 16 30 60 324 18 30 133 9 106 15 34 295 20 19 115 60 108 41 26 31 6 117 10 58 60 35 113 272 63 204 62 58 53 11 75 146 60 650 30 163 28 216 19 143 182 207 130 52 89 21 78 66 1 90 27 724 54 59 12 9 9 2 28 15 20 173 3 156 14 41 36 64 40 246 17 246 35 45 111 174 34 12 7 170 25 71 17 57 82 119 13 41 13 81 76 5 53 251 3 89 20 108 2 313 61 95 3 27 12 32 62 5
0 25859 71 36 25 84 21 34 39 32 34 57 27 21 313 51 122 31 9 61 123 41 2 17 120 39 66 17 10 123 66 20 32 131 34 44 22 40 5 23 34 47 141 11 35 26 344
0 25907 86 61 40 130 176 101 38
0 26551 119 6 105 23 53 42 36 79 134 48 34 46 107 43 49 4 18 111 46
0 26748 49 9 32 49 22 83 161 240 118 7 194 36 24
0 27048 284 26 57 14 1
0 27126 14 33 307 114 324 66 162 34 19 21 10 70 55 65 155 20 222 52 4 55 123 1 139 61 51 11 47 7 35 17 26 22 31 46 2 144 104 10 44 21 41 42 6 82 5 25 121 57 54 1 51 75 13 36 7 31 88 44 67 28 196 15 60 3 2 118 74 166 35 49 331 161 55 65 237 34 194 2 44 47 97
0 27578 21 15 84 23 410 82 143 169 21 25 171 13 322 31 94 18 60 39 295 110 160 3 94 164 113 306 355 103 420 2 133 146 50 64 59 65 98 41 147 15 67 67 324 44 176 10 280
0 27981 64 12 41 164 29 88 44 38 12 30 32 53 287 38 220 74 103 60 38
0 27992 56 15 28 24 472 7 92 124 13 160 26 92 55 78 139 10 40 26 30 41 285 103 66 19 212 1 268 1 8 101 3 10 528 109 24 66 341 40 107 42 86 64 221 37 87 55 53 6 20 18 19 1 142 141 121 66 200 127 42 15 91 27 4 29 11 81 11 105 49 29 27 17 56 107 1 11 202 6 15 67 91 119 497 10 170 52 71 78 39 50 18 4 1 14 110 36 202 26 4 27 12 19 19 154 20
0 28009 47 11 11 24 89 13 408 27 166 66 19 95 88 57 107 25 79 19 16 122 135 22 12 12 92 43 251 88 201 66 77 31 78 133 219 20 168 55 71 99 6 7 22 40 86 4 80 10 63 68 254 47 9 9 210
0 28259 26 68 35 51 80 74 79 56 233 33 113 10 35 20 84 120 17 34 91 46 121 38 66 119 159 2 40 9 54 132 18 7 20 92 203 27 20 17 142 123 108 40 111 15 28 3 198 1 51 108 142 11 47 32 240 4 115 53 76 56 187 76 28 14 22 95 133 16 253 62 56 40 333 40 42 2 122 9 129 56 196
0 28331 18 26 7 87 51 123 187 157 574 15 70 15 109 97 34 129 247 97 113 3 26 40 5 2 71 34 59
0 28358 34 61 67 22 105 19 123 92 21 4 30 4 13 13 88 3 401 6 76 48 2 30 131 25 11 21 19 82 138 42 39 12 144 62 10 65 283 10 146 38 70 118 217
0 28480 205 249 218 22 58 9 47 101 117 1 4 39 30 18 44 4 424 56 153 34 81 81 116 46 80 84 79 42 2 16 227 29 27 1 51
0 28662 90 22 6 41 135 51 68 22 34 26 129 6 108 8 218 66 98 46 36 30 43 3 49 24 15 43 161 9 103 55 81 91 180 43 41 3 53 22 9 10 264 70 22 46 63 3 196 37 6 47 22
0 29068 93 9 155 14 40 39 8 15 6 22 199 13 180 86 67 42 78 101 245 51 138 203 13 30 46 26 101 25 123
0 29137 167 70 52 40 22 50 30 81 136 100 62 58 250
0 29223 63 47 51 9 29 35 80 49 13 29 164 25 18 23 3 67 36 70 197 20 64 49 269 33 69 2 22 33 10 50 220 54 174 60 374 32 57 38 88 156 4 19 251 52 121 104 52 19 120 9 24 31 10 40 41 2 269 52 15 18 12 39 5 30 692 5 48 19 107 12 39 60 96 72 53 16 161 10 18 98 204 31 42 36 19 4 54 58 3 61 15 43 64 35 89 36 93 35 24 8 108 10 28 10 95 22 105 10 93 7 24
0 29395 110 46 73 24 25 24 11 41 6 56 59 31 79 120 140 14 405 19 109 42 49 7 52 49 176 30 233 77 167 19 89 34 35 2 26 19 10 27 292 13 124 8 55 130 71 2 387 43 153 56 37 223 26 30 40 14 105 4 135 60 42 54 102 22 54 30 115 63 34 18 42 109 77 2 89 44 5 15 228 53 106 66 348 27 12 15 48 30 160 38 322 77 313 53 44 30 7 65 16 136 67 17 64 3 15 14 7 39 172 7 38 33 36 69 5 69 30 3 30 13 171 6 55 17 43 248 71 83 178 30 22 56 53 12 80 49 8 94 106 6 281 43 94 90 16 42 102 13 106 6 287 29 13 6 48 4 25 184 3 14 123 60 11 149 244 98 252 233 29 127 175 79 114 23 63 22 36 41 11 31 46 107 2 2 75 118 81 112 17 2 176 35 24 11 64 21 50 48 69 12 91 61 209 58 56 84 176 83 153 89 144 91 5 97 15 18 7 12 55 73 106 38 280 88 143 43 11 29 57 16 54 37 1 1 46 108 226 52 14 72 5 64 262 7 111 31 212 50 3 45 167 48 68 104 170 38 30 1 15 47 116 11 274
0 29494 187 90 46 42 25 67 36 55 62
0 29537 92 20 135 19 29 15 117 12 35
0 29984 418 159 7 25 254 1 117 46 29 46 46 60 387 26 329 66 17 23 20 60 71 87 164 27 131 57 7 14 36 21 141 62 198 46 130 3 59 125 87 52 28 7 385 32 149 76 5 82 1 12 8 22 182 32 121 21 116 10 166 9 12 58 11 29 73 65 154 32 106 6 14 53 30
0 30191 22 36 136 18 75 4 16 133 43 30 87 14 62 4 73 71 30 117 60 73 155 62 41 27 45 12 59 6 61 131 58 3 14 31 53 26 159 115 116 73 119 57 15 23 35 73 142 25 25 163 54 71 42 41 124 220 13 110 10 13 37 24 60 36 113 30 116 20 85 32 247 93 97 5 37 8 22 65 132 31 127 66 201 55 55 64 82 12 69 105 202 52 34 35 54 4 89 9 27 192 174 35 133 100 42 86 364 49 192 25 205 14 119 14 104 33 24 100 42 25 59 10 242 194 259 31 7 30 50 47 111 12 152 283 41 28 8 11 71 66 16 20 28 3 275 67 69 53 10 20 228 5 28 25 84 20 19 29 101 78 10 2 1 104 47 7 252 67 32 40 146 41 11 6 189 4 216 57 101 24 25 5 39 120 218 52 76 51 66 54 34 39 8 102 48 26 331 15 131 45 14 25 48 94 28 27 22 20 121 83 91 9 53 182 4 50 128 102 27 24 34 53 158 47 44 3 389 22 39
0 30232 84 21 118 14 132 3 65 3 278 44 98 17 99 11 8
0 30337 34 15 69 22 97 66 60 71 330 39 32
0 30610 11 53 66 5 74 19 136 89 110 37 129 20 3 21 91 11 59 14 186 33 295 27 197 1 155 15 32
0 30636 58 46 458 61 108 7 38 109 93 2 106 25 42 120 14 14 110 22 111 5 182 112 220 6 64 3 113 17 39 87 183 44 10 48 8 130 49 11 20 94 61 101 123 13 59 10 110 188 38 12 57 6 242
0 30731 3 231 68 117 71 42 112 78 103 14 86 9 363 55 79 107 197 3 51 81 36 62 257 26 182 38 38 107 19 3 48 24 124 67 17 64 10 49 1 3 221 29 315 20 250 33 94 44 49 13 99 9 263 3 171 9 606 5 138 24 25 5 205 6 80 80 50 77 142 1 105 10 45 19 133 6 77 72 15 63 128 22 107 28 71 60 79 121 13 107 143 89 48 1 94 118 36 72 55 42 43 40 233 43 96 13 179
0 30800 36 8 61 8 165 11 355 50 143 89 197 34 129 24 78
0 30803 115 20 38 5 204 67 6 4 137 84 5
0 31057 97 4 3 8 65 14 38 16 59 33 1 68 143 33 63
0 31111 7 111 46 8 5 63 115 89 334
0 31145 368 26 40 81 75 140 72 41 332 32 153 14 70 32 258 10 61 10 35
0 31345 234 51 121 37 132 3 26 9 151 5 1 25 90 76 104 5 152 53 70 96 10
0 31359 211 6 1 57 129 19 40 1 225 9 36 21 37 26 570 52 288 96 118 34 74
0 31983 49 176 290 58 119 21 27 41 164 55 15 19 53 19 54 29 159 6 258 8 98 61 11 28 71 73 57 52 135 14 38 20 235 29 111 29 116 46 26 237 26 87 299 14 66 16 28 21 91 3 63 110 254 8 45 73 105 11 21 38 1
0 31988 55 102 60 51 142 19 188 12 286 178 456
0 32135 59 35 56 108 102 9 189 34 26 28 246
0 32190 110 143 24 21 57 15 79 120 29 83 41 27 80 2 65 66 69 46 464 3 88 28 123 84 12 139 181 186 4 63 67 33 128 62 31 31 89 15 43 3 403 33 93 85 243 18 114 65 106 16 12 20 175 51 409 11 155 41 364 9 200 7 260 40 42 133 98 242 153 29 170 25 137 50 3 35 112 67 22 31 33 112 165 81 90 94 81 113 35 156 52 49 439 24 59 7 99 251 72 75 26 113 65 3 141 30 81 5 7 85 347 61 68 33 1 3 196 116 27 4 40 35 128 61 195 25 142 14 126 258 97 41 202 10 179 18 183 12 48 42 10 45 33 75 132 13 2
0 32194 90 26 28 76 93 31 3 53 104 17 89 131 134 38 216 20 47 5 6 9 34 128 25 1 154 1 397 3 90 6 35 178 183
0 32501 84 164 25 45 237 31 63 17 19 304 47 15 8 22 10 38 16 37 5 105 11 11 13 26 103 79 32 108 51 6 122 9 128 160 1 9 49 32 73 48 97 2 154 37 243 20 76 9 156 78 81 21 105 13 68 96 96 21 37 14 46 4 12 4 145 25 194 70 26 21 26 14 88 21 4 37 98 52 55 76 4 75 273
0 32539 151 106 17 2 292 4 144
0 32652 56 56 32 24 122 45 32
0 32673 73 62 109 34 448 122 186 75 9 39 12 21 44 8 49 12 96 13 122 6 39 6 78 16 118 64 92 32 11 71 97 115 14 22 29 15 127 48 236 42 32 52 102 80 12 13 68 3 143 14 52 19 65 25 229 38 36 47 134 29 36 8 93 1 320 14 45 7 286
0 32927 259 268 87 2 135 71 199
0 33027 43 63 25 8 4 8 137
0 33057 147 8 194 21 28 77 84 11 53 3 125 218 5 23 100 40 273 40 125 63 18 53 510 46 198 42 158 89 55 36 72 88 451 80 163 26 95 57 78 62 40 7 281 10 25 8 145 17 51 12 44 26 76 3 167 58 142 14 153 63 41 4 104
0 33329 74 18 128 11 61 4 114
0 33417 104 189 177 127 120 17 118 243 106 33 49 3 54 36 213 76 143 100 34
0 33843 10 73 52 56 342 7 51 8 58
0 33929 80 26 212 5 34 19 180 36 53 16 19
0 33981 99 108 19 40 34 40 2 52 3 31 69 7 171 170 111 34 97 12 173 26 106 101 64 19 460 43 149 270 71 45 29 156 84 51 101 29 94 4 47 1 139 27 158 58 157 187 30 66 70 10 102 26 3 66 60 12 27 8 33 20 33 8 311 13 33 36 182 66 9 44 77 7 19 83 48 13 41 81 22 72 100 109 71 127 7 2 15 311 240 9 38 4 26 94 163 60 207 108 27 41 214 93 181 1 11 43 232 93 19 20 10 23 122 77 14 22 273 27 474 37 152 145 84 11 4 14 237 45 107 172 127 112 94 16 35 132 37 69 33 39 206 83 153
0 34148 185 3 43 7 27 43 189 60 260
0 34304 14 50 94 60 39 82 68 111 8 61 74 149 170 4 94 184 121 15 49 55 12 67 114 10 34 46 93 2 1 23 69 24 101 50 85 54 65 41 25 26 40 35 242 84 65 90 54 56 122 2 62 78 185 16 74 32 54 29 28 1 28 22 6 40 91 97 16 36 47 3 49 78 253 87 4 216 141 159 5 19 4 77 76 26 161 164 125 5 30 3 100 93 8 193 65 1 58 163 304 28 241 40 325 163 58 14 38 1 160 23 50 24 84 34 162 13 17 4 146 21 276 59 118
0 34395 210 54 10 56 220 73 135 101 151 16 118
0 34491 246 2 131 39 185 227 117 124 13 1 108 53 89 20 205 47 17
0 34504 208 37 73 99 44 44 25 26 27 5 16 54 79 150 130 13 53 32 7 29 20 13 242 19 436 64 121 122 18 95 34 3 751 24 115 88 95 234 82 74 113 7 115 119 4 101 31 18 53 31 95 80 106 13 15 9 33 103 85 69 34 16 138 77 117 35 16 7 59 76 21 25 296 37 247 260 105 7 129 22 183 96 50 19 11 16 170 35 72 54 102 41 19 18 164 16 30 117 40 69 55 74 27 212 428 96 728 17 6 5 100 37 63 29 138 123 3 52 19 9 104 50 101 109 25 21 73 28 99 31 75 5 52 142 184 9 12 13 20 41 275 13 163 11 44 181 135 1 41 101 207 10 483 35 2 95 25 38 64
0 34554 21 8 14 17 147 54 12 41 92 45 40 17 73 28 155 167 106 34 158 9 30 67 99 115 119 97 63 74 40 1 65 35 197 10 312 238 178 47 91 14 75 18 37 1 8 22 240 36 146 77 225 2 97 41 160 52 8 3 43 1 33 63 43 88 153 132 57 70 108 118 26 91 306 48 26 57 14
0 34675 77 56 323 9 28 14 33 35 86 171 120 46 73 3 1 30 146 114 4 9 84 94 40 130 1 25 98 92 112 8 224 61 148 160 552 68 63 6 51 60 84 27 175 142 72 74 25 54 158 5 108 59 629 25 129 59 321 18 556 12 57 13 21 8 26 148 208 33 98 25 83 26 97
0 34722 15 18 65 67 107 39 141 1 4 8 38 80 83 14 113 2 21 3 187 44 66 37 42 11 60 3 17 37 149 83 3 97 100 152 505 31 10 16 103 2 34 98 66 6 227 66 4 158 34 3 119 7 72 36 20 2 159
0 34789 24 33 55 58 183 30 29 142 74 1 99 115 65 57 44 70 38 93 373 29 63 45 74 104 143 63 10 3 8 94 44 5 20 20 47 10 84 21 201 1 26 39 83 27 3 63 188 17 148 5 113 130 76 6 43 19 62 4 42 38 235 29 60 196 26 7 188 66 50 10 169 38 30 80 87 22 198 59 93 10 23
0 34891 20 29 31 86 54 35 19 84 196 63 65 12 5 16 158 14 18 102 99 7 25 8 13 12 5 23 47 11 33 72 9 4 42 6 116 31 1 4 56 10 272 5 178 36 77 39 150 16 143 8 5 82 33 152 59 62 428 7 355 195 44 19 10 20 22 45 24 2 62 5 128 2 61 9 46 51 31 114 91 28 100 55 87 221 101 14 2 3 23
0 34957 211 23 250 7 360 38 284
0 35324 16 19 18 1 52 119 38 8 3 39 142
0 35351 8 51 53 35 29 19 12 78 36 35 44 7 96 32 37 75 23 155 99 5 96 8 16 64 205 90 295 21 193 99 2 84 52 34 9 10 53 14 22 75 23 13 108 6 57 49 29
0 35553 120 54 183 48 101 27 31 120 202 78 61 45 354 21 9 32 20 14 6 180 71 61 17 3 12 24 94 56 197 46 82 71 48 37 128 32 170 50 649 23 26 72 75 12 27 8 174 43 112 34 295 2 49 8 26 114 148 6 5 25 259 47 49 7 8 4 20 168 150 37 61 27 249 15 14 42 131 40 118 28 34 20 94 53 89 16 19 10 32 39 90 11 4 65 140 27 64 3 62 100 101 4 52 53 135 2 409 77 100 5 303 17 33 69 74 27 63 61 182 26 192 50 498
0 35575 104 42 23 52 338 40 62 87 14 87 1 7 102 126 51 38 287
0 35653 162 13 289 3 57 33 206 9 219 10 126 45 46 45 61 47 11 4 36 27 110 13 9 79 22 3 12 67 7 16 265
0 35657 214 12 54 52 16 226 45 6 71 16 70 95 186 6 11 1 129 114 173 8 114 25 14 8 63 40 88 86 250 30 151 39 312 14 121 145 242 42 119 3 75 82 61 52 75 121 76 86 285 32 89 355 355 34 64 76 75 75 6 25 35 13 173 428 61 22 218
0 35681 62 25 152
0 35682 1 233 102 119 62 111 25 2 303 300 36 50 82 27 103 100 135 81 78 44 40 3 12 19 58 114 10 4 22 93 134 8 14 90 39 87 115 52 84 54 42 36 60 62 62 115 95 51 11 5 309 17 94 31 86 46 31 34 183 59 94 34 2 29 119 39 55 37 3 77 212 106 59 19 194 72 368 193 76 8 12 12 96 155 150 33 184 164 258 55 77 2 45 6 241 63 28 112 28 46 51 86 58 22 79 52 740 55 24 112 221 25 16 4 38 113 213 43 286 12 8 23 202 5 19 286 196 10 2 22 91 19 12 97 142
0 35700 68 155 4 32 22 169 42 7 5 60 8 22 28 114 23 11 5 73 18 59 29 7 84 12 72 4 107 25 94 52 7 46 21 15 64 21 188 30 10 108 58 58 49 56 27 105 30 33 40 25 30 79 2 39 67 34 227 45 161 11 113 37 138 40 18 228 382 4 83 17 53 106 60 8 18
0 36028 111 42 15 244 43 43 2 176 66 1 149 123 16 59 29 4 277 54 237
0 36051 113 11 48
0 36128 577 15 123 140 163 89 43 3 151 6 15 23 36 194 19 42 27 6 220 138 48 1 65 82 97 178 20 66 39 35 47 39 139 26 10 30 47 92 25 23 14 31 244 1 2 6 13 172 85 53 46 163 2 101 129 46 59 5 234 42 43 25 43 100 106 24 42 107 52 2 802 15 438 16 54 21 16 82 261 92 73 5 9 24 2 42 105 12 3 25 83 17 134 6 110 32 192 38 88 27 62 11 34 321 60
0 36164 20 81 47 15 20 48 44
0 36296 119 255 14 15 31 79 19 26 19 112 91 13 5 9 240
0 36384 78 12 35 20 7 9 22 140 118 4 26 14 308 102 134 8 186 73 130 87 57 6 148 26 434 12 143 46 222 37 14 2 70 23 25 110 20 7 344 24 18 12 80 94 76 159 158 73 94 235 17 3 21 148 147 21 138 183 115 143 37 9 88 17 274 3 87 76 14 156 36 188 250 1 55 36 83 7 285 4 195 20 459 143 74 49 145 31 340 56 8 13 151 62 64 56 74 57 54 15 19 60 160 12 37 29 52 57 46 19 26 67 152 148 37 47 73 57 161 23 63 34 20 11 98 12 22 10 50 29 160 47 37 4 113 78 89 16 23 10 41 109 58 114 279 42 121 67 22 129 78
0 36782 51 30 42 30 243 31 121 3 31 108 220 62 20 94 142 110 87 73 69 30 193 13 116 18 54 30 65 4 30 33 15 238 165 57 33 79 128 32 166 34 4 11 207 28 67 14 106 29 84 55 38 1 58 36 5 37 91 140 72
0 36998 45 155 86 27 88 28 314 99 67 45 103 193 16 14 32 2 46 1 458 32 106 14 99 92 10 71 58 51 40 24 297 4 249 29 65 20 60 88 18 76 91 98 458 25 189 1 7 133 14 8 91 100 80 84 61 17 81 75 226 20 61 2 250 116 147 94 23 32 16 24 224 18 110 43 64 38 19 21 861 1 269 1 70 9 41 95 126 18 48 66 130 67 1 71 198 322 106 34 7 10 43 9 75 2 102 34 99 100 361 20 46 120 317 48 51 22 68 101 54 14 44 70 5 42 264 7 171 8 193 7 69 4 2 5 22 1 4
0 37002 67 62 47 32 17 73 45
0 37667 100 117 41 4 20 37 144 61 12 24 225 37 237 34 110 14 11 82 244 52 130 112 205 75 20 37 156 67 11 90 15 34 39 37 36 26 46 40 47 2 33 4 87 21 78 16 36 37 83 100 258 92 239 40 288 24 82 13 61 78 373 78 289 43 23 4 107 79 50 66 320 32 17 79 35 53 207 6 141 13 84 3 43 27 50 90 128 21 136 14 223 42 404 25 192 4 41 12 676 14 3 10 69 22 239
0 37699 62 101 4 26 252 185 9 2 138 6 59 78 101 89 268 72 102 101 113
0 37990 163 54 22 215 2 10 44 119 152 107 28 3 1 4 15 53 7 32 107 63 174 9 67 70 278 48 15 27 44 19 13 11 86 16 96 42 335 48 7 9 3 92 67 46 32 282 37 14 69 53 16 83 28 18 168
0 38032 40 139 160 12 84 118 16 45 20 47 6 29 53 23 225 3 53 53 650 18 98 66 289 45 55 14 88 9 46 42 20 16 142 50 24 42 82 86 48 7 65 17 100 23 48 33 8 109 164 118 466 102 2 3 40 65 77 23 33 3 412
0 38034 52 32 13 75 70 64 31 8 48 90 59 20 115 15 94 19 145 39 288 32 83 9 44 25 17 50 171 68 151 4 25 89 137 21 302 85 197 42 272 36 46 47 239 6 22 1 131 70 12 1 34 5 132 86 295 128 223 20 5 46 98 17 89 2 10 14 142 39 37
0 38276 275 157 7 141 9 66 45 49 10 56 46 87 14 60 104 35 21 2 114 18 97 40 97 23 355 14 6 119 5 55 150 19 266 17 260 1 13 36 95 8 238 139 67 51 81 10 76 23 132 8 143
0 38361 118 29 47 22 74 90 60 38 64 44 189 6 40 6 167 42 149 58 126 14 167 29 6 25 583 13 15 40 6 44 63 24 15 39 46 150 103 15 37
0 38628 19 31 57 69 133 31 39 61 52 10 45 37 299 141 36 2 21 39 56 84 26 1 124 131 111 161 87 53 39 58 119 30 14 77 120 1 62 2 8 36 7 60 213 75 37 16 57 27 124 31 96 115 29 83 341 18 14 74 27 17 44 73 124 173 150 19 38
0 38984 29 106 187 13 20 3 23 26 231 37 296 16 39 57 129 20 24 53 24 67 169 39 61 9 101 39 81 54 167 16 44 34 84 126 55 70 112 17 392 4 119 14 185 8 113 46 43 5 36 7 13 174 17 29 11 33 63 107 116 15 5 26 152 27 38 38 238 6 25 3 158 50 140
0 39136 30 424 23 30 48 18 153 132 55 78 18 11 130 141 13 16 324 69 238 67 270 15 71 3 232 93 219 162 173 1 94 26 37 87 134 43 71 10 58 20 60 91 46 262 246 147 28 111 45 84 9 186 204 17 93 4 130 89 117 103 141 2 178 11 13 2 152 46 531
0 40029 26 6 227 47 115 102 68 7 66 58 154 19 259 26 66 22 35 9 31 21 104 20 7 14 127 16 71 22 61 28 113 22 84 18 128 2 6
0 40362 242 4 78 41 41 37 4 17 5 1 4 78 59 3 133 22 3 21 217 108 35 7 84 5 83 19 29 6 31 50 53 12 186 94 244 19 137 20 265 2 9 54 13 51 69 51 50 57 110 12 204 62 220 84 171 125 25
0 40383 5 56 215 2 227 8 81 26 147 70 203 24 119 31 18 66 233 5 25 130 22 172 137 9 133 70 75 82 258 9 134 260 12 70 189 58 161 17 381 60 102 9 30 40 189 40 87 144 9 38 67 39 58 27 42 22 78 137 124
0 40514 37 1 324 9 180 96 5 16 51 89 37 19 92 2 84 147 16
0 40747 165
0 41148 90 58 145 17 97 21 40 15 35 29 237 56 99 7 2 45 11 46 10 76 83 89 12 15 134 80 141 55 183 131 198 1 56 31 247 161 151 4 30 68 74 69 195 50 137 18 44 26 7 73 41 80 186
0 41396 206 4 37 7 44 1 132 34 85
0 41469 366 19 102 68 49 109 434 19 55 10 16 50 36 81 95 18 121 64 7 32 254 20 3 33 352 1 89 35 34 37 61
0 41613 74 52 4 87 36 111 105 6 105 117 55
0 41666 38 31 195 4 53 7 4 24 91 53 14 52 80 17 37 61 23 3 111 169 124 7 73 30 152 18 163
0 41892 24 12 51 20 126 16 11 19 54 47 28 34 433 63 60 6 215 130 14 15 15 176 52 22 127 97 201 138 65 16 73 100 263 37 273
0 41971 17 11 120 93 118 128 125 14 131 11 61 12 20 20 5 28 60 28 5 35 83 57 1 156 124
0 42084 35 68 85 149 106 69 44 33 96 159 176 18 121 83 192 126 125 19 4 13 133 34 19
0 42232 177 18 253 9 119 17 87 31 104 48 140 40 129 3 32 19 296 47 38 35 32 35 19 13 91 8 26 3 68 13 10 46 109 23 508 35 44 12 118 133 34 3 51 45 275 20 48 106 82 15 22 4 51 27 156 157 51 85 10 3 141 99 211 22 77 4 44 5 140 112 8 59 18 86 49 24 50 2 6 85 163 31 20
0 42697 69 5 145 33 244 42 384 41 65 3 83 15 79 42 72 41 75 25 94 60 48 17 74 32 72 154 106 84 29 7 44 229 227 9 119 44 113 27 95 33 33 185 35 6 100 38 744 152 57 155 11 116 68 11 173 24 42 112 108 5 155 35 48 96 213 6 138 13 100 240 100 2 26 27 145 9 187 48 150 75 12 7 897 19 27 29 126 101 55 87 161 245 69
0 42799 66 188 122 117 142 70 12 9 69 15 84 34 534 48 6 57 298 31 335 70 22 20 83 147 30 19 8 160 72 27 55 73 284 22 11 25 125 105 7 37 439 58 69 45 75 67 89 2 13 20 28 73 323 51 66 35 87
0 43053 50 15 164 56 160 11 63 116 26 21 48 1 53 91 292 62 48 6 16 23 142 44 27 35 10 110 3 167 151 6 105 93 57 58 446 41 273 8 253 33 362 25 8 35 8 9 72 254 23 168 177 3 142 27 54 41 39 2 39 20 5 350 190 35 65 54 62 53 150 112 98 36 149 16 51 23 264
0 43070 87 41 142 7 33 36 220 3 16 63 52 52 52 4 50 69 354 9 16 14 73 121 40 9 143 49 29 78 129 24 3 7 62 22 71 8 25 161 19 79 174 50 62 141 129 7 69 63 128 103 28 32 59 120 182 28 16 108 10 26 50 82 100 23 2
0 43250 74 37 98 9 69 11 15 67 152 217 11 8 287 15 51 27 32 32 85 25 71 2 9 99 368 26 350 80 292 106 14 54 50 30 306 61 32 17 333 84 50 73 326 31 77
0 43674 1 98 110 28 159 93 146
0 44149 4 88 67 17 74 2 157 11 97 15 366 164 122 12 92 35 272 30 57 100 162 4 37 224 196 51 59 14 83 36 76 31 35 130 109 34 125 11 134 29 32 89 15 5 50 10 128 17 8 31 248 18 191 51 47 173 306 17 9 5 17 15 5 53 36 26 81 65 169 23 525 1 42 47 57 9 115 38 180 171 135 59 119 54 52 94 159 28 122 91 64 100 40 7 38 114 48 1 30 121 135 79 41 25 131 56 148 14 119 18 19 61 21 13 42 38 197 9 349 12 108 7 311 46 19 118 439
0 44375 53 34 39 12 431 21 68 34 22 47 263 43 157 95 9 17 34 25 21 50 124 15 36 65 4 82 39 37 254 70 139 6 22 24 136 12 14 67 98 15 4 77 229 221 80 15 102 1 58 20 141 59 204
0 44648 134 25 25 92 86 213 202 5 333 15 67 80 115 54 3 40 5 57 110 99 252 35 125 36 41 3 107
0 44732 228 22 39 22 196 44 162 90 140 135 36 114 42 11 77 31 17 15 206 10 37 36 123 51 52 23 47 10 334 33 126 59 317 4 14 5 31 126 302 10 29 130 224 38 254 11 33 33 59 9 121 33 32 5 246 195 73 20 105 60 74 2 33 6 45 93 34 75 12
0 44897 29 58 63 42 442 13 35 67 27 132 60 33 203 57 74 12 190 35 12 134 249 59 136 19 121 2 136 31 5 21 141 70 17 33 41 67 89 44 73 20 57 15 62 8 358 18 60 33 401 48 26 57 56 42 35 28 101 16 36 10 32
0 45036 60 17 88 16 47 63 3 24 140 303 10 128 60 9 118 23 244 148 15 7 17
0 45044 15 55 43 58 66 24 99 13 205 70 57 1 368 4 1 5 54 125 25 22 11 60 136 54 26 27 54 1 39 45 16
0 45069 74 99 75 124 14 30 40 5 236 16 102 25 44 77 212 4 300 13 58 5 68 34 161 23 33 54 170 87 115 8 81 41 12 20 6 21 104 95 3 50 24 102 31 12 25 57 63 52 86 52 264 30 289 19 63 40 7 19 223 68 24 20 38 6 107 99 45 19 74 40 112 2 5 57 216 61 377 43 50 61 123 48 54 200 3 16 199 26 156
0 45303 24 2 197 20 79 14 103 19 20 15 456 137 50 8 89 16 114 19 146 39 83 18 254 47 205
0 45536 66 267 36 37 273 40 25 38 233 13 121
0 45770 34 167 121 16 23 8 45 69 157 46 50
0 45791 57 32 117 236 28 8 120 62 322 34 82
0 45917 26 51 9 140 331 12 57 30 208 63 36 22 28 14 7 28 6 23 261 54 347 152 70 34 16 61 47 39 447 97 84 13 144 108 179 20 19 11 91 22 28 104 9 81 188 41 105 32 149 28 58
0 46256 102 58 10 13 93 48 48 46 56 43 96 120 57 23 58 91 96 109 144 9 27 4 68 18 1 105 74 9 183 50 156 56 6 2 128 36 197 34 159 4 270 8 128 58 67 29 5
0 46509 143 110 336 49 84 165 95 6 70
0 46727 41 77 151 7 251 44 49 30 222 22 134 94 4 29 55 115 193 45 36 1 7 33 10 46 2 67 6 20 115 15 76 94 19 38 62 10 1 34 92 28 391 161 119 75 78 127 26 136 53 24 28 90 39 85 13 28 81 79 293 24 17 43 139 11 143 9 112 77 355 116 136 85 54 95 191 10 199 19 24 79 157
0 46827 112 14 5 52 44 74 70 29 30 5 122 24 41 31 20 4 17 33 1 59 18 110 313 36 6 56 106 12 50 23 115 12 70 20 13 166 22 9 268 32 47 161 216 34 284 57 16 8 20 42 51 58 116 7 66 62 98 83 153 13 8 26 37 23 160
0 46853 5 15 238 30 285 60 35 136 356 36 22 56 115 6 26 51 63 198 143 1 21 5 66 145 17 31 85 94 18 22 224 7 136 10 247 136 120 51 184
0 46893 30
0 47104 29 42 39 6 102 2 77 103 67 45 112 60 129 26 98 12 143 23 89 92 40 4 8 21 183 11 25 46 39 17 156 22 11 52 99 5 38 26 101 76 51 41 170 4 104 22 42 43 33 66 13 9 25 89 154 21 29 17 111 97 26 1 136 9 29
0 47147 12 180 139 22 111 45 14 64 272 5 198 70 53 188 107 87 52 192 162 61 55 24 65 6 8 32 166 8 109 89 130
0 47260 91 37 352 94 79 160 134 62 40 25 86 45 138
0 47402 19 46 79 76 5 15 153 29 68 95 337 18 65 57 192 17 46 2 274 126 40 58 25 11 22 68 36 135 178 89 85
0 47434 341 1 73 11 168 90 7 17 89 81 14 103 20 1 19 26 106 14 17 34 164 96 6 77 312 13 36 27 150 2 7 46 98 88 65 5 47 15 135 105 88 6 24 45 44 48 161 32 20 9 156 110 127 4 195 81 35 41 121 3 113 102 69 24 149 217 8 11 63 19 88 29 1 84 17 112 26 4 319 7 189 48 3 30 18 8 202 11 62 13 21 7 98 3 143 4 77 50 82 30 174 70 47 54 9 106 12 108 50 51 18 26 154 68 30 71 333 24 73 29 67 71 74 6 59 31 49 70 56 9 37 71 125 1 12 83 22 35 115 3 223 62 136 156 93
0 47526 136 29 47 4 100
0 47667 14 11 105 20 12 13 15 50 41 72 55 36 164 164 19 32 276 3 33 11 27 23 38 3 196 35 5 44 84 168 33 50 37 18 111 60 53 34 75 17 5 84 6 24 77 41 189 120 148 89 352 15 362 65 54 66 170 28 37 1 275 20 113 109 121 11 39 19 22 31 186 34 33 12 90 16 135 9 235 7 67 101 197 13 290 36 38 75 308 45 333 14 69 12 183 65 346 155 75 52 163 124 33 74 78 57 15 36 141 34 230 77 91 69 15 83 247 50 231 55 82 23 46 60 86 98 30 2 145 51 32 16 31
0 47834 21 40 20 30 74 51 111 46 47 137 353 26 83 76 147 32 23 12 29 8 21 30 119 48 142 132 24 96 46 70 43 39 270 295 174 69 50 10 165 39 163 177 3 1 78 10 1 86 22 62 4 7 88 38 263 34 149 148 132 19 96 20 52 18 24 40 18 70 173
0 48020 185 24 49 53 96 17 40 47 101 35 18 9 58 123 135
0 48078 185 54 154 11 24 133 164 83 37 7 108 123 24 17 296 16 228 120 58 7 333 12 15 7 19 29 35 2 84 15 15 38 288
0 48105 62 12 96 105 10 145 56 30 1 3 15 6 77
0 48179 95 55 246 91 156 94 1 66 33
0 48429 48 125 2 82 24 76 160 4 4 91 39 118 108
0 48742 92 6 40 114 72 7 10 3 28 123 473 133 26 40 19 43 86 63 145
0 48917 37 106 512 42 18 36 13 101 94 141 64 62 26 4 266 110 62 77 28 81 120 12 45 34 140 53 31 29 97 27 12 29 142 30 126 63 37 17 2 36 199 27 16 194 179 7 96 109 88 9 42 28 10 3 106 6 5 51 28 104 185 41 29 75 60 107 61 13 38 20 26 101 44 139 18 9 41 133 106 13 102 4 81 19 3 50 123 33 75 8 3
0 49014 28 24 168 6 327 72 479 5 6 48 278 6 201 37 151 17 7 1 45 2 134 50 150 2 9 144 228 52 48 42 40 6 72 1 211 60 442 61 334 16 181 1 75 16 241 134 426 56 2 66 66 1 16 25 17 8 64 58 64 20 23 29 124 16 38 1 76 13 27 44 21 18 282 48 44 24 106 8 137 32 26 3 95
0 49131 94 2 389 96 143 23 39 48 20 58 6 52 159 98 86 49 258 7 89 76 206 26 187 17 61 11 54 21 104 3 23 15 12 53 15
0 49212 33 131 132 3 265 7 298 60 3 84 108 57 29 3 43 23 73 77 90 36 27 5 147 13 454 109 138 6 110 72 2 26 20 84 183 86 191 82 151 68 4 43 94 59 195 74 281
0 49261 370 13 36 36 22
0 49322 76 230 295 69 3 28 14 24 32 11 157 3 85 41 112 39 172 80 247 29 13 5 13 2 9 8 14 34 61
0 49546 60 70 59 72 6 13 26
0 49656 26 10 97 25 22 49 41 33 66 57 248 176 56 68 236 79 69 35 50 125 130 56 10 14 18 71 247 144 114 11 16 27 112 36 51 18 40 159 446 10 192 102 134 9 325 26 33 61 207 33 13 26 163 15 408 11 45 20 434 47 74 89 245 10 229 20 47 142 167 27 10 8 35 130 67 9 69 25 197 1 22 70 148 65 233 2 22
0 50203 6 66 8 32 3 40 163 95 52 19 42 71 16 9 150 62 3 60 12 33 117 102 48
0 50315 92 212 10 42 91 30 153 7 95 5 3
0 50336 188 22 73 9 149 79 35 202 64
0 50685 446 7 48 8 45 60 95 2 55 5 116 40 64 11 18 8 102 12 389 24 154 15 84 3 181 30 85 110 425 6 255 5 1 36 23 139 111 1 552 20 88 35 203 120 6 86 136 25 51 5 5 25 29 33 150 134 58 26 76 4 219 67 23 18 91 13 44 26 13 83 45 13 29 23 88 4 32 123 39 34 44 10 188 7 115 129 36 72 81 54 237 29 93 36 32 13 29 48 125 132 1
0 50755 119 91 120 56 76 81 67 1 19 30 60 5 388 81 70 68 21 111 99 221 166 25 206 10 56 76 44 133 25 78 32 61 30 84 351 15 96
0 50803 127 22 175 46 430 6 20 38 67 43 17 77 98 4 28 205 3 39 27 61 1
0 50924 199 49 166 53 209 20 84 6 35 63 75 226 39 3 4 93 197 26 202 9 80 212 48 41 58 78 144 5 300 7 109 67 5 95 104 5 46 69 178 52 117 50 31 2 252 119 91 7 32 89 141 10 63 43 91 1 19 17 75 60 16 63 61 4 2 54 121 51 252 14 90 82 141 42 11
0 50953 92 136 131 4 170 3 98 46 65 142 138
0 51057 64 131 6 73 68 86 17 13 8 16 11 99 87 5 33 40 87 63 53 190 276 4 323 43 41 90 22 104 252 64 55 9 102 8 51 27 43 13 5 14 157 34 38 50 14 5 9 10 94 103 193 27 171 114 24 14 185
0 51189 171 35 48 40 65 137 41 19 133 45 22 63 140 94 73
0 51257 60 22 196 38 1 15 27 64 435 4 381 78 99 70 43 12 79 44 169 11 175 46 7 101 137 20 14 17 58 80 22 101 23 20 26 22 49 23 91 27 17 54 403 22 252 18 122 5 60 61 145 109 36 75 4 17 80 4 311 8 70 72 66 17 34 53 3 29 17 24 60 4 115 22 43 49 157 74 23 6 13 4 21 36 6 27 259 24 53 10 84 5 62 79 45 66 200 69 238
0 51626 26 4 14 13 331 68 96 3 14 45 39 5 88 81 18 183 241 13 37 10 65
0 51651 32 34 433 12 125 35 15 14 2 125 9 61 84 17 140 51 42
0 52479 22 159 106 10 18 88 634 141 2 5 153 92 125 54 17 19 113 63 44 52 13 24 7 23 245 65 22 36 69 46 508 21 175 7 36 137 37 12 48 43 93 2 13 14 228 55 74 49 76 60 75 23 28 42 117 6 29 20 461 42 3 54 28 139 72 46 92
0 52561 138 56 38 108 5 10 99 9 46 74 35 8 59
0 52793 127 9 36 7 33 12 306 2 146 8 168 36 59 16 37 18 18 43 89 39 22 225 6 51 13 162 145 101 158 2 26 70 65 14 20 35 98 18 24 112 322 43 62 14 152 17 142
0 52797 2 24 70 32 92 11 186 62 336 39 36 82 44 12 78 29 46 157 58 7 116 85 140 77 204 145 27 94 130 2 204 57 79 33 42 42 118 42 75 32 150 3 70 121 256 70 20
0 52900 49 18 36 2 8 45 170 99 233 9 117 40 38 40 63 204 70 15 186 53 24 55 21 28 16 8 224 121 362 1 18 28 58 1 6 8 16 145 150 15 385 9 162 66 95 40 26 186 42 1 363 10 210 12 142 42 188 48 64 32 122 31 92 19 84 44 89 85 196 18 67 73 21 1 18 63 91 8 36 56 108 54 2 13 2 40 30 83 172 28 57 14 69 12 105 40 36 4 103 2 183 53 13 34 73
0 52994 8 73 18 94 116 40 61 65 37 189 38 18 19 6 99 1 24 119 43 19 147 2 77 115 22 81 63 53 81 87 26 53 57 98 57 25 37 30 15
0 53440 69 19 112 100 17 54 81 60 1
0 53687 32 3 70 64 190 9 137
0 53692 280 13 107 52 67 33 82 151 46 25 59 27 48 83 16 21 2 22 42 59 20 41 65 38 241 32 6 34 194 28 6 3 3 23 54 12 5 30 23 98 29 36 239 59 66 4 91 35 200
0 53909 46 7 120 155 3 126 170 54 111 31 376 76 20
0 54099 16 160 194 18 95 3 132 32 45 68 240 3 46
0 54306 365 65 268 7 161 46 49 196 194 39 47 34 42 83 13 31 16
0 54775 86 13 12 41 1 1 113 199 68 26 191 19 84 24 26 49 99 144 14 50 102 12 104 50 1 228 14 41 105 14 262 59 181 25 159 85 4 16 94 1 67 73 45 7 37 9 33 1 268 91 81 86 50 23 169 22 59 21 103 17 2 33 79 34 16 91 101 29 471 21 210 47 77 14 26 11 84 26 5 48 33 106 43
0 54814 82 175 68 65 44 29 108 59 107 36 23 2 105 61 13 117 43 33 292 115 16 7 89 16 2 11 91 6 65 91 70 32 198 43 42 40 59 12 20 51 71 230 10 33 58 71 197 48 103 15 12 110 2 65 132 52 77 39 205 41 95 115 202 75 72 18 21 2 89 2 52 61 99 12 7 35 1 1 57 157 28 62 166 46 183 36 48 39 18 177 53 18 102
0 55076 70 36 2 9 65 59 41 6 6 51 59 2 13 17 21 3 20 46 12 23 202 46 214 111 178 1 77 71 64 23 100 130 24 32 322 20 79 13 11 49 136 42 45 48 65 37 153 23 99 37 153 132 65 216 77 75 25 65 177 93 6 22 22 30 74 63 20 4 74 5 45 41 92 40 55 4 27 69 103 51 114 28 112 2 96 27 3 28 21 8 105 2 39 34 24 70 12
0 55116 124 142 155 132 98 21 117 63 62 13 55 64 21 124 162 11 27 49 31 55 18 17 56 99 59 51 168 142 173 4 25 9 41 27 127 23 161 158 29 130 6 23 51 8 16 42 251 17 19
0 55193 84 33 88 18 80 28 67 39 57 8 59 1 95 128 117 105 23 64 36 3 97 2 147 6 63 22 20 83 128 74 16 117 7 41 59 42 49 31 141 27 240 64 1 7 51 63 5 59 60 21 364 6 135 24 23 173 31 45 81 33 129 66 182 5 31 4 69 142 30 5 26 14 63 32 48 40 11 82 177 9 34 70 60 43 45 5 119 9 204 2 249 24 133 16 253 66 254 8 216 3 21 21 50 69 323 72 31 102 5 1 39 14 7
0 55275 193 61 83 28 60 31 287 23 14 36 9 73 93 38 107 73 126 28 20 29 87 10 29 4 1 35 1 78 58 37 95
0 55286 51 17 260 31 35 53 78 34 60 50 51 11 115 74 6 33 186 21 78 57 32 170 102 22 13 50 203 65 29
0 55512 105 225 144 27 7 18 127 40 86 8 81 148 131 58 109 26 53 46 46 27 158 25 101 25 11 53 77 7 102 31 158 39 35 59 112 36 13 96 56 9 39 13 66 23 51 24 82 31 12 170 296 2 42 48 30 42 207 104 5 107 110 128 180 2 10 26 37 4 44 79 63 14 25 27 324 25 225 15 645
0 55515 75 26 117 28 15 153 162 37 153 15 41 103 24 121 48 151 292 14 49 44 136
0 55588 31 92 127 66 14 96 44 27 265 35 75 17 21 52 2 131 27 3 48 98 149 10 62 28 30 49 27 42 17 51 38 132 21 53 16 44 29 17 90 14 150 28 95 76 43 317 30 3 236 65 54 49 63 55 27 75 138 125 58 11 97 34 51 4 279 76 2 19 215 6 36 100 111 286 142 4 3 9 90 80 125 10 274 26 434 38 62 16 128 39 160 11 113 35 72 18 48 3 67 23 107 36 266 16 20 15 55 153 158
0 55867 326 151 28 14 113 179 170 13 65 26 114 66 1 23 29 63 11 16 69 22 91 126 78
0 55891 190 121 25 25 2 30 191 14 16 76 123 204 70 15 9 60 96 35 5 2 70 20 300
0 55985 253 32 96 72 157 44 204 1 3 136 5 25 105 76 35 25 31 26 64 14 2 2 342 60 237 6 21 23 7 35 26 30 129 42 85 16 26 86 142 80 198 109 11 70 59 61 10 125 155 126 144 78 97 42 68 50 85 18 197 51 91 59 11 158 364 10 9 242 33 64 80 27 5 27 24 10 124 30 57 1 26 40 3 24 30 6 27 34 18 51 8 44 18 94 151 3 131 106 60 71 25 115 18 57 262 62 180 15 18 50 139 2 123 42 40 54 19 52 164 3 210
0 56267 74 49 69 55 26 48 174 8 93 67 118 55 180 13 184 65 108 275 5 12 144 18 214 12 207 32 101 42 143 10 299 98 62 16 177 33 422 48 55 33 9 84 22 40 78 128 9 63 1 94 24 138 9 147 246 35 28 2 13 202 170 90 188 23 10 85 49
0 56373 22 21 96 63 169 35 22 10 46 30 138 90 228 10 111 62 118 54 62 41 164 7 35 52 15 88 35 128 158 1 24 46 87 70 132 78 188 15 99 21 114 30 16 1 42 54 67 23 11 5 9 4 23 22 40 36 58 4 134
0 56925 13 20 357 21 172 36 39 22 46 37 120 26 25 7 23 1 39 112 9 147 128 57 106 112 300 52 59 128 120 36 55 14 3 88 106 13 55 95 41 169 10 27 312 20 137 45 151 20 47 7 184 12 77 63 11 73 164 110 52 43 26 6 81 42 147 39 135 11 15 85 43 49 29 13 19
0 57019 16 84 55 26 128 22 22 2 237 86 16 87 58 56 63 11 158 162 47 1 227 23 160 33 198 7 237 70 380 15 87 1 47 27 92 29 33 12 6 49 83 59 31 48 28 37 31 6 10 181 1 15 299 116 122 25 35 55 105 24 180 81 53
0 57085 37 193 35 43 22 29 24 9 19 1 48 141 11 176 98 22 16 42 30 36 61
0 57859 311 35 153 79 34 5 1 109 58 47 51 8 164 116 61 6 17 61 236 3 30 49 318 179 118 11 280 86 85 42 254 38 28 7 61 79 110 22 95
0 57911 257 45 46 12 84 100 6 9 38 19 119 45 140 12 93 7 21 4 107
0 57941 200 50 29
0 58009 192 122 42 20 14 8 107 49 89 84 18 37 119 9 71 113 13 119 32 90 14 182 421 38 102 46 210 16 160 18 94 24 199 39 10 60 174 19 81 35 5 38 132 5 9 12 47 29 160 88 345 86 68 38 284 17 30 142 42 72 14 44 68 23 19 106 323 55 18 1 78 9 14 28 2 150 94 9 435 58 2 2 178 3 52 119 168 65 35
0 58019 163 20 22 1 38 87 90 116 100 61 45
0 58138 31 20 33 30 7 101 3 62 26 88 55 42 380 15 343 1 162 39 41 179 206 17 278 59 12 26 567 106 98 46 239 7 291 44 48 18 5 28 97 16 132 5 78 3 123 7 172 41 38 14 60 40 94 42 39 2 37 4 29 12 138 63 160 33 9 7 17 18 77 82 75
0 58257 39 8 97 45 9 37 174 16 146 10 41 25 423 61 157 61 113 48 160 99 16 9 27 45 153 1 33 74 118 32 63 41 2 35 173 43 118 108 51 65 24 35 130 6 126 52 60 104 8 16 45
0 58517 113 13 20 101 126 17 44 40 144 8 218 22 89 105 26
0 58654 29 22 1 39 4 128 44 30 199 10 112 8 73 34 62 25 281 33 247 44 3 47 351 13 20 44 279 68 24 54 276 52 33 44 181 92 7 65 50 12 213 40 49 63 56 37 6
0 58679 43 80 130 45 23 16 30 159 62
0 58818 21 60 2 196 12
0 59076 151 119 246 124 450
0 59174 241 4 115 118 110 39 188 31 581 65 48
0 59229 28 64 33 168 26 9 36 10 73 7 64 151 38 3 43 44 53 23 41 12 11 29 56 32 170 25 12 10 55 17 16 43 22 78 13 35 75 56 29 156 29 74 31 72 302 60 87 84 39 22 170 14 15 75 181 191 41 124 40 193 4 10 68 41 88 3 1 254 233 2 6 36 141 4 7 16 347 17 47 17 194 129 147 161 106 24 270 49 5 3 19 5 71 40 17 17 69 54 186 23 19 209 12 13 177 31 6 8 208 22 52 46 108 49 20 46 41 24 191 34 41 75 43 37 11 37 45 10 2 4 75 33 127 91 20 51 63 70 106 8 15 49 32 18 49 89 59 5 43 36 95 22 10 46 504 12 27 208 97 10 166 11 41 77 218 48 501 44 1 36 70 86 15 18 122 1 63 8 217 94 230 32 244 159 793 217 161 72 83 5 3 2 7 120 85 11 109 47 26 45 98 38 107 25 55 50 9 251 10 126 75 77 388 46 21 38 13 2 37 44 47 106 247 99 80
0 59327 16 42 15 52 78 179 106 3 373 8 135 8 144 34 26 5 71 27 126 111 85 58 43 36 14 7 42 57 11 3 26 22 5 80 84 39 80 8 171 11 1 73 128 163 12 24 185 18 181 9 31 4 199 11 28 55 61 18 69 117 61 139 29 134 178 57 76 25 15 94 40 5 233 6 253 14 35 73 116 22 80 80 126 6 139 58 16 24 8 41 243
0 59392 11 30 8 96 34 34 151 47 197 24 79 1 64 38 127 36 288 24 123 23 45 11 188 56 41 15 265 181 464 23 64 29 4 33 97 1 42 28 95 64 124 119 68 75 18 26 321 46 123 5 12 11 40 20 186 121 30 32 214 126 160 81 57 31 24 4 76
0 59472 278 33 82 47 83
0 59503 23 7 39 275 212 55 193 47 281 29 238 54 84 38 200 2 8 39 7 23 138 17 34 27 35 27 46 63 103 2 11 29 36 23 22 174 7 209 33 51 122 114 251 15 116 31 114 43 275 59 39 47 28 151 80 60 104 45 82 55 25 46 23 106 7 23 63 3 104 39 84 64 21 69 206 65 250
0 59648 2 96 220 14 134 118 57 1 17 151 35 89 56
0 59953 40 11 64 97 36 80 3 18 130 139 6 47 19 41 31 47 6 22 28 13 164 16 322 43 89 103 100 32 196 32 85 111 268 78 92 5 8 57 14 80 231 40 42 76 20 62 63 31 32 48 40 26 14 63 28 159 141 30 63 26 221 86 20 24 100 41 87 7 103
0 59982 71 92 116 208 115 1 249 22 4 37 131 12 32 59 380 5 43 14 177 15 30 57 76
0 60036 53 64 180 32 177 5 106 29 120 26 96 29 92 11 46 58 47 41 28 29 7 119 64 30 205 30 121 91 102 16 20 50 7 4 76 96 15 39 89 195 4 93 89 68 324 45 53 75 36
0 60170 29 59 15 21 198 72 89 50 85 18 30
0 60251 270 25 37 18 136 46 5 1 10 89 30 5 150 16 218 97 63 30 12 1 5 10 32 20 108
0 60309 156 128 50 7 5 86 9 15 61 69 126 93 27 18 74 35 3 10 132 2 6 102 190 28 46 162 145 24 21 49 141 12 27 36 106 5 175 12 22 6 21 51 37 49 174 3 60 39 244 70 44 30 150 48 70 15 8 17 54 22 15 109 52 74 162 104 147 37 128 67 69 66 45 2 63 2 27 66 137 120 124 142 20 150 87 37 66 3 233 54 36 147 18 1 37 63 84 9 11 4 56 99 629 99 279 61 291 16 37 135 106 85 18 34 251 49 45 145 46 82 180 65 37 35 167 19 30 22 5 29 153 4 108 95 86 3 36 64 44 84 104 3 29 46 18 18 29 6 154 97 8 10 74 28 47 100 105 27 45 15 112 56 17 104 115 167 252 96 154 2 100 29 24 154 60 42 53 29 37 12 249 10 199 76 374 50 12 39 381 13 18 12 93 109 46 54 11 125 128 25 84 8 134 29 17 7 29 223 30 32 70 54 18 20 123 100 74 200 90 2 182 4 393 18 119 44 38 17 243 44 10 167 111 7 104 10 298 77 24 26 202 328 70 13 56 7 157 5 406 2 65 30 25 236 83 25 147 26 151
0 60533 294 16 12 20 197 38 148 64 77 14 15 47 61 40 724 37 149 22 97 8 90 20 61 38 78 134 136 7 7 86 38 43 37
0 60750 77 33 26 10 193 3 67 6 108 8 257 173 181 17 124 39 52 20 21 20 43 40 71 119 37 39 55 118 21 66 25 70 211
0 61307 43 99 10 65 159 120 77 80 174
0 61797 92 23 162 52 62 22 49 18 65 127 10 31 53 19 78
0 61937 71 47 4 22 164 31 190 68 102 5 193 11 4 20 39 62 260 8 147 154 64 63 328 27 117 69 165 44 124 113 47 5 6 140 77 32 46 142 45 6 59 9 173 16 15 52 10 34 66 30 16 14 12 15 19 8 104 44 174 7 236 25 18 25 22 55 150 35 15 75 42 10 28
0 62139 223 20 87 48 23 2 125 2 24 23 64 167 203 56 104 11 27 151 167 88 108 1 260 21 36 73 61 10 40 18 441 74 44 16 14 22 28 113 152 18 327 21 53 116 76 14 158 30 6 7 111 92 240 42 41 14 60 162 90 11 64 25 136 35 55 8 13 77 118 50 86 57 195 70 197 32 54 86 228 54 166 4 61 28 128 108 28 10 56 13 35 12 145 22 233 64 93 171 89 29 11 2 80 210 190 109 207 60 7 41 49 23 21 20 23 71 17 10 46 2 8 92 134 12 98 96 7 35 118 9 71 14 85 42 45 82 10 51 66 5 39
0 62898 129 1 231 16 53 128 31 41 80
0 62927 5 31 308 28 90 29 72 22 100 5 6 116 183 20 146 131 108 67 152
0 63143 283
0 63200 43 4 185 24 241 25 8
0 63269 135 55 140 75 31 161 61
0 63437 218 75 20 31 18 20 88 63 44 69 38 155 74 63 181 31 70 4 8 19 94 114 30 92 49 11 22 47 34 202 197 46 103 6 45 11 3 128 9 65 15 56 42 22 180 22 35 46 22 27 166 57 174 342 30 22 66 40 45 3 91
0 63490 103 8 34 109 25 7 62 23 523 43 183 25 74 104 29 15 24 5 84 90 24 4 69 68 108 17 17 46 54 52 246 10 51 71 193 61 147 9 119 1 53 72 18 98 14
0 63516 38 30 119 25 202 147 10 35 6 14 89 5 19 21 195 47 158 3 3 17 52 68 121 3 22 117 13 79 27 63 20 65 43 90 68 32 381 33 25 143 173 10 51 73 117
0 63651 116 2 76
0 63660 107 3 121 30 19 6 27 86 99 60 80 163 11 33 232 20 15 31 197 41 90 95 235 55 126
0 63833 7 131 134 17 11 141 30 161 68 181 29 190 16 39 66 118 228 161 72 31 220 3 37 10 14 53 10
0 63911 110 15 22 24 127 13 57 18 60 26 1 78 57 15 218 55 186 124 115 40 513 88 24 12 23 12 10 1 18 20 78 368 285 92 62 3 234 133 54 20 40 7 20 49 45 12 147 54 6 157 115 4 29 249 61 27 27 24 60 97 64 10 69 27 37 79 45 47 121 23 61 95 7
0 64406 150 4 252
0 64495 186 45 66 15 34 34 100 196 61 32 74 53 146 7 84 19 75 2 175 15 123 93 69 71 30 22 88 64 8 104 76 20 157 347 8 8 336 7 69 8 120 26 116 126 223
0 64628 13 15 10 51 100 84 13 33 160 35 109 89 279 4 42 32 110 26 1 73 4 35 161 44 97 24 35 27 31 31 64 85 38 8 132 28 323 23 21 144 60 46 15 9 86 9 148 35 52 21 126 22 98 66 50
0 64786 175 59 64 5 21 136 107 121 31 56 326 18 90 25 151 175 5 96 421 19 44 31 169 48 469 32 62 32 112 1 112 8 183 5 48 52 81 147 106 18 130 53 119 7 29 60 39 76 109 25 46 33 33 25 207 33 17 242 33 57 38 27 247 8 74 50 14 11 85 120 136 13 82 67 67 8 80 22 100 2 91 62 132 32 16 30 128 26 11 90 48 87 100 74 64 47 42 7 14
0 65286 482 69 12 87 207 57 42 20 106 4 60 33 31 2 35 363 131 50 61 83 4 122 17 124 76 106 43 32 27 30 9 32 109 6 85 3 113 20 43 30 5 7 63 117 42 3 78 11 29
0 65287 66 2 512 2 34 62 34 13 42 2 29 6 63 30 204 12 158 33 142 133 65 29 48 37 10 59 3 30 8 80 33 48 36 106 44 47 64 17 95 55 61 58 74 66 165 137 340 49 95 48 41 97 89 87 266 56 197 25 57 17 5 5 130 15 59 48 27 74 213 128 361 20 68 29 3 7 308 4 110 62 14 1 65 139 136 3 197 31 170 126 12 203 124 10 104 49 40 155 79 21 214 156 49 6 91 99 71 13 36 53 42 11 56 135 253 22 10 156 9 142 159 43 87 3 50 3 57 118 14 14 29 33 40 40 114 24 339 22 20 84 148 6 59 24 128 4 34 11 101 52 51 7 82 2 108 47 188 40 110 45 81
0 65294 54 22 16 58 53 55 193 26 148 62 64 74 29 12 159 80 33 9 12 74 70 68 27 16 203 16 75 33 113 85 35 13 47 28 28 54 11 62 177 54 74 146 134 138 117
0 65516 44 17 50 3 251 111 6 34 72 59 63
0 65542 8 126 79 87 133 51 29 163 380 22 73 80 175
0 65595 15 2 64 59 148 135 51 121 10
0 65787 176 4 65 25 182 2 28 9 38 5 71 12 145 1 51 63 53 30 147 35 133 6 194 3 45 21 112 17 35 9 83 10 102 60 38 92 91 47 14 114 82
0 65788 39 1 59
0 65907 391 68 2 26 182 28 744 113 343 39 56 3 61 102 39 2 68 9 39 28 125 95 35 38 93 25 153 8 67 38 61 21 118 18 38 62 208 129 193 9 110 9 111 97 20 31 68 13 33 15 36 89 201 131 41 76 200 72 174 7 3 110 54 48 23 28 27 3 11 37 224 37 43 30 141 20 191 26 4 37 82 7 91 15 178 195 79 13 129 1 399 35 244 26 139 39 203 43 20 27 78 7 61 92 117 75 63 16 149 38 87 10 19 154 28 10 46 17 173 176 132 109 112 9 45 26 475 59 66 2 101 197 342 171 149 3 63 17 176 49 141 16 1 103 10 58 36 17 44 48 165 77 3 177 163 43 26 4 9 11 28 157 113 16 25 2 30 16 10 1 21 39 288 15 36 173 83 10 76 68 23 95 38 15 486 78 356 13 327 9 39 166 539 35 121 32 113 78 4 10 54 4 68 102 223 5 103 108 56 36 27 57 63 94 348 20 23 13 226 221 169 127 93 23 136 19 60 3 6 16 129 59 144 16 227 81 232 31 138 89 136 45 52 95 141 42 15 4 85 9 12 5 33 16 210 136 42 15 29 44 50 13 62 82 30 81 81 75 90 21 65 70 111 223 7 60 212 29 7 63 158 24 214 177 163 10 198 42 71 24 71 116 44
0 65941 138 20 44 56 104 65 112 54 71 40 1 144 73 13 333 17 179 1 142 30 139 70 62 2 126 3 9 32 52 64 72 13 45 41 35 92 12 19 9 12 42 17 4 20 307 26 96 17 267 68 87
0 66093 89 45 165 4 45 51 26 55 17 85 309 66 114 15 88 23 233 165 59 42 249 8 17 69 16 129 53
0 66099 30 26 148 23 308 4 38 7 189
0 66157 28 67 299 4 260 114 22 285 22 78 125 34 80 94 61 58 58 99 2 20 238 11 13 16 45 15 190 12 45 3 54 7 129 11 25 105 76 125 145 12 183 54 25 55 51 21 271 90 261 31 218 11 3 148 55 34 15 11 34 115 88 17 130 21 5 38 127 15 81 21 76 11 81 6 12 16 19 57 194 2 77 56 209 114 92 51 157 45 104 25 210 41 44 80 42 18 11 44 21 50 252 1 54 70 54 9 182 99 120 32 19 48 49 34 178 91 91 42 5 21 132 46 265 6 343 71 35 19 30 104 13 43 127 29 194 21 62 52 139 17 141 52 227 23 247 21 134 42 14 9 31
0 66420 13 17 41 33 18
0 66612 97 6 10 150 141 67 195 4 70 65 266 99 24 46 132 73 33 53 14 7 13 3 305 7 235 30 35 16 222 7 101 16 83 130 31 20 42 156 38 18 26 68 35 115 44 34 290 34 467 73 141 33 34 45 74 12 115 15 2 50 120 14 185 65 64 110 22
0 66676 88 40 12 35 27 127 38 39 180 35 9 86 4 32 48 14 46 144 38 5 76 65 146 42 51 17 114 73 134 90 146 35 40 11 49 162 32 58 97 1 46 27 440
0 66711 54 16 308 11 125 65 251 3 89 55 44 60 65 63 21 101 187 19 260 8 14 110 193 192 7 6 4 5 53 70 26 1 50 47 55 12 2 18 208 2 110 16 41 53 38 62 35 5 11 20 339 32 311 60 11 25 29 17 31 51 147 34 12 4 79 22 84 21 21 225 118 3 13 6 114 52 1 32 25 43 70 18 23 88 57 97 97 30 66 47 40 95 66 53 29 178 32 62 61 102 48 58 98 16 112 2 23 59 51 39 128 11 341 135 142 38 41 20 260 22 109 25 127 49 92
0 66940 116 23 21 57 51 37 22 8 163 23 43 20 41 27 48 28 261 71 39 99 134 38 13 150 10 11 651 101 371 100 94 60 16 27 154 2 308 33 87 122 63 31 14 22 234 91 102 22 96 188 34 50 128 16 127 6 32 2 42 39 53 47 209 32 13 34 87 33 57 39 112 148 106 67 143 119 334 19 160 52 479 24 6 7 49 72 138 55 15 6 73 28 65 90 121 173 43 2 54 14 23 2 206 7 81 121 161 62 3 43 3 55 227 24 13 51 5 243 223 15 238 108 153 1 98 53 130 43 234 1 319 20 4 23 20 83 82 24 2 38 67 214 29
0 67167 41 24 30 32 149 3 141 20 18 70 106
0 67450 75 45 160 19 277 6 30 6 69 126 299 8 127 30 223 15 82
0 67537 12 36 105 7 7 71 47 30 28 88 2 12 161 5 210 99 60 53 35 6 62 9 3 91 13 21 38 22 57 71 51 1 176 51 13 61 76 94 272 65 25 126 95 2 87 34 136 99 55 67 12 28 3 67 194 20 72 14 72 17 24 14 134 14 231 9 227 134 47 24 69 18 94 23 111 11 42 179 9 101 213 9 115 42 96 3 552 167 90 76 264 20 47 6 19 133 41 127 118 41 46 74 17 36 20 9 34 108 276 5 156 100 82 36 140 35 79 35 181 27 104 58 21 48 83 32 53 62 27 48 67 49 22 15 16 84 5 21 133 37 166 10 45 50 230
0 67663 29 1 80 75 44 12 79 8 24 17 13 33 4 47 46 46 4 1 75 8 129 1 151 7 26 6 17 84 189 196 84
0 67770 167 44 115 66 66
0 67907 169 10 40 59 53 26 105 144 34 12 102 108 20 9 4 13 144 2 58 90 66 55 30 19 89 15 213 45 14 9 25 20 128 31 350 132 231 69 54 51 70 44 22 145 8 64 91 45 76 40 24 8 47 1 11 8 72 25 350
0 67998 36 24 28 3 133 103 19 100 80 32 133 65 77 69 196 5 17 21 244 167 18 93 19 8 291 18 12 30 50 7 44 118 86 4 358 10 392 28 30 151 24 6 40 28 124 33 56 61 66 9 105 5 11
0 68348 34 7 62 53 45 18 14 178 12 70 133 38 68 75 52 104 42 60 1 83 30 73 11 19 84 109 3 101 48 57 1 4 77 8 97 36 221 137 54 15 90 27 45 18 40 88 15 105 26 88 44 29 15 32 4 93 504 43 8
0 68608 269 14 70 35 228 32 53 37 9 15 48 27 218 95 38 9 120 73 141 46 149 13 13
0 69209 160 7 158 95 9 190 33 32 55 82 74 18 202 173 307 132 41 12 17 40 86 60 13 91 276 28 21 103 27 34 119 31 123
0 69268 64 13 39 2 99 209 24 79 14 51 217 81 149 42 104 2 21 11 56 52 165
0 69310 132 51 50 9 5 85 144 20 163 14 271 35 121 86 117 72 128 11 78 22 58 146 10 30 48 87 132 19 68 78 13 16 64 3 31 20 86 91 179 32 195 91 16 18 26 11 193
0 69434 155 38 132 11 483 47 10 20 93 117 23 123 42 53 155 108 12 21 71 32 61 3 116 20 309 67 81 17 60 94 338 16 36 17 66 58 14 100 5 61 7 56 77 8 51 61 6 59 86 57 98 36 41 37 166
0 69569 25 61 180 4 164 27 99 7 335 20 86 130 69 9 26 44 8 1 10 36 4
0 69581 4 75 37 109 113 9 18 40 114 59 121 214 85 48 96 48 191 11 109 23 27 3 55
0 69597 38 45 39 23 128 13 23 9 126 28 26 18 271 24 168 121 1 6 6 13 16 28 1 51 45 17 90 25 28 111 246 5 4 74 28 37 76 1 294 15 78 105 186 112 27 34 218 97 32 30 259 110 120 47 34 109 8 13 28 51 81 115 13 79 313 1 91 27 71 42 231 3 222 56 34 59 82 14 75 17 69 88 95 8 153 55 120 8 340 1 44 91 404 36 111 54 100 38 16 46 185 23 90 61 227 10 9 10 54 60 157 70 83 76 13 53 6 4 114 15 120 2 348 25 10 13 24 5 81 13 104 17 343 62 767 6 35 66 161 11 70 2 90 35 54
0 69704 175 40 82 30 150 11 27 15 56 19 246 48 53 34 298 4 5 119 27 17 50 87 47 18 33 6 98
0 69805 71 58 31 55 19 106 192 52 16 2 211 14 59 5 268 3 514 1 5 89 210 62 161 72 192 140 31 10 142 28 173 72 68 9 193 116 56
0 69923 6 89 71 65 828 36 27 38 9 19 190 45 28 9 5 19 62 17 43 167 112 12 65 98 6 11 124 43 44 24 29 17 104 3 159 67 109 67 110 40 196 24 10 2 434
0 70039 66 6 99 7 37 61 71 75 71
0 70243 133 49 88 111 160 47 218 26 151 5 19 108 43 44 7 11 137 19 117 78 56 56 24 34 28 4 90 33 42 3 44 7 64 32 140 5 22 55 139 94 2 40 216 70 20 47 198 20 113
0 70515 11 49 208 124 9 8 65 55 48 41 21 5 138 48 55 69 15 19 44
0 70590 220 12 36 1 54 9 56 82 48 61 7 5 136 188 12 13 1 132 5 74 129 26 27 37 20 30 84 7 8 57 52 8 7 20 276 10 48 74 96 11 259 82 99 79 48 15 102 24 49
0 70784 136 129 60
0 71213 100 18 277 24 206 24 4 40 13 29 86 288 54 51 342 82 27 96 22 57 95 7 204 6 225 145 199 18 8 11 70 48 23 83 22 124 18 77 2 121 73 98 109 116 11 42 236
0 71328 59 84 26 72 14 32 100 22 142 24 448 15 114 6 222 40 72 27 17 26 299 29 17 66 29 1 181 56 16
0 71330 11 15 18 78 57 9 59 87 2 27 124 125 39
0 71937 208 43 61 72 231 8 1 2 171 59 78 72 35 75 20 75 175 15 389 4 118 72 375 25 26 9 100
0 72185 113 107 5 43 80 19 18 44 66 76 101 20 63 5 72 47 49 22 68 67 84 44 31 44 273 166 6 36 190 15 15 33 52 33 77 22 69 56 15 63 105 58 207 34 18 5 168 34 1 12 82 79 51 64 44 2 324 5 14 5 5 66 133 33 85 28 59 53 151 61 316 51 264 83 1 16 13 11 184 83 18 16 233 3 86 34 10 24 116 8 29 150 171 108 88 1 165 9 8 121 296 121 520 35 159 18 12 80 37 25 39 54 6 34 248 51 55 22 226 108 6 17 35 119 340 160 204 7 16 98 222 75 218 16 46 31 36 191 68 46 3 15 131 48 80 179 54 5 312 23 81 1 103 67 245 103 149 111 63
0 72199 28 49 78 8 82
0 72230 128 13 44 8 175 13 131 19 48 95 203 99 53 55 31 3 51 75 39 39 8 87 67 2 285 53 89 94 80 129 159 46 58 2 113 41 105 20 195 10 86 33 196 16 277 8 213 371 112 1 38 15 78 111 14 213 52 21 39 49 10 67 246 79 11 34 49 62 34 3 62 38 22 114 168 28 98 27 50 55 69 100 81
0 72274 27 61 238 24 1 24 36 1 114 36 40
0 72324 146 24 4 38 227 98 30 31 333 54 120 3 117 159 9 17 12 45 62 17 303 9 5 55 65 13 15 4 74 55 116 50 14 83 102 99 302 20 348 79 85 2 4 2 86 43 91 73 28 54 112 15 102 10 28 51 156 25 84 32 109 125 293 24 112 34 56 97 80 46 18 319 51 12 215 28 572 76 18 48 53 10 245 1 40 21 369 104 88 23 63 33 140 82 188 25 121 6 145 100 112 98 399 3 54 30 193 28 81 42 18 25 90 80 37 144 64 12 36 39 5 33 22 106 45 117 20 7 475 91 129 158 84 7 224 31 154 2 17 32 30 154 123 59 154 24 187 25 125 113 44 72 47 18 111 135 113 6 9 41 63 108 523 20 19 66 179 17 9 62 7 78 72 53 58 7 163 47 62 3 62 63 137 71 13 18 376 194 104 24 301 14 9 10 7 123 159 13 116 11 141 55 117 3 49 96 78 39 37 130 38 97 112 7 8 5 163 85 28 16 40 58 83 64 2
0 72479 41 5 34 223 3 93 63 138 44 6 47 197 86 5 95 20 224 169 220 78 25 68 29 61 8 41 31
0 72499 7 19 41 1 23 6 212 23 319 29 139 31 163 328 7 21 88 12 458 71 219 35 32 23 16 35 14 169 143 6 110 3 31
0 72618 89 13 201 19 70 35 26 46 21
0 72629 19 28 117 6 60 3 71 81 17 32 61 56 46 33 17 48 56 53 200 28 117 41 217 45 66 56 12 51 22 12 60 23 150 10 148 36 134
0 72663 331 113 91 156 3 16 219
0 72838 69 4 55
0 72968 18
0 72988 85 25 54 56 72 139 63 8 137 8 299 32 45 10 141 47 98 29 96 8 128 20 79 101 64 202 29 18 12 45 17 32 114 13 548 105 624
0 73260 93 83 188 51 42 5 61 52 27 12 14 10 53 5 12 22 179 28 70 3 137 12 37 5 33 2 98 44 237 4 112 15 48 23 155 19 51 1 174 47 214 43 34 32 126 77 41 139 16 86 35 94 106 131 137 35 123 26 25 40 42 84 83 3 56 31 104 41 121 90 73 31 5 20 44 5 44 6 117 121 25 50 293
0 73283 397 12 45 26 215 9 97
0 73290 97 75 19 5 169 22 28 25 19 10 193 35 14 7 31 25 86 51 78 66 89 11 54 20 422 57 163 80 165 92 6 32 39 89 155 62 13 43 42 34 11 9 62 67 81 26 61 22 55 6 17 44 137 152 37 7 157 132 121 114 135 82 5 13 299 44 196 168 176 85 29
0 73549 197 65 78 88 106 63 122 17 10 24 7 33 128 193 253 25 126 1 181 90 13 12 77 17 76 12 146 103 52 4 206 86 77 7 210 53 32 39 1 53 67 80 106 65 51 207 3 35 132 84 197 70 14 101 172 44 209 207 72 23 113 98 27 44 43 127 2 82 5 22 152 46 299 35 161 150 208 34 29 142 280 52 150 48 197 26 170 75 25 3 95 20 71 2 101 103 111 43 94 188 39 121 206 3 152 36 86 214 128 85 143 3 2 3 16 125 35 111 14 144 87 42 32 58 12 185 48 15 105 26 407 77 36 4 7 26 5 42 84 10 6 9 39 19 2
0 73748 132 75 247 125 3 55 175 34 74 4 331 72 187 1 70 74 10 56 105 129 46 150 8 1 116
0 73893 105 15 46 69 27 7 153 49 289 71 41 25 43 41 88 16 98 25 17 126 125 44 57 60 271 3 63 20 22 13 118 33 16 48 443 32 23 84 198 3 140 136 50 28 67 110 6 37 15 33 51 3 131 39 423 110 179 16 24 241 9 86 129 57 151
0 74120 61 15 19 100 116 10 173 40 35 127 2 92 53 100 13 49 38 16 246 35 29 14 18 41 202 12 328 16 90 16 28 17 12 43 38 27 40 5 227 61 57 2 4 16 72 3 62 2 7 103 100 34 10 35 4 3 163 101 551 51 3 39 180 53 35 37 94 50 12
0 74360 56 29 159 10 322 29 19 105 30 74 2 8 109 13 173 28 420 171 54 63 47 34 38
0 74588 109 59 35 5 194 4 79 63 53 26 72 21 23 66 22 47 54 10 26 1 43 46 60 19 38 216 27 155 124 7 25 86 22 2 63 1 98 6 416 231 88 123 405 25 260
0 74628 120 9 18 4 19 94 6 23 132 19 45 6 114 23 62 96 162 170 46 12 197
0 74834 76 23 18 22 96 69 96 115 87 14 28 62 76 247 101 5 64 8 232 6 126 85 11 8 168 48 24 2 5 103 229 75 11 7 53 118 3 140 48 22 99
0 74871 33 67 55 27 46
0 74897 151 136 190 2 166 3 187
0 75032 243 53 19 28 98 21 69 2 74 9 259
0 75081 172 44 32 10 191 41 11 67 10 5 164 28 94 1 14 1 68 101 144 40 129 138 207 122 8 48 134 46 33 105 56 3 23 5 290 96 19 1 75 76 23 1 150 96 68 29 21 3 133 14 16 57 24 100 218 10 3 88 17 4 28 13 387 7 19 83 5 32 51 34 47 61 9
0 75155 39 80 6 50 109 119 293
0 75473 123 121 1 80 158 8 199 44 264 113 17 40 75 106 162 76 23 60 48 29 41 31 63 12 25 8 195 52 181 123 76 43 19 14 4 22 4 2 158 7 6 135 18 77 130 53 32 9 6 21 160 1 159 53 57 72 126 8 83 120 28 82 180 10 175 32 86 191 294 23 164 58 12 11 43 73 56 15 3 140 26 37 7 8 21 9 7 1 101 44 63 64 52 58 31 46 44 7 222 11 338 64 82 23 104 25 8 10 27 29 5 2 18 23 142 6 246 39 54 109 9 15 40 5 2 204 114 138 39 19 283 83 136 106 92 42 129 30 174 1 136 46 224 60 358 75 166 94 19 12 13 56 78 39 26 28 51
0 75657 52 97 168 65 29 22 78 65 82 61 281 50 48 86 14 8 109 18 99 132 46 16 20 78 82 64 17 3 74 91 111 16 84 46 19 92 362 65 43 44 25 11 265 55 73 7 303 2 59 19 5 19 33 13 33
0 75797 124 2 26 56 34 48 50 76 199 13 38 13 56 8 73 3 42 205 17 7 177 22 44 119 8 2 87 60 91 33 30 97 37 29 167 7 24 62 24 111 7 92 110 2 80 31 111 33 31 31 72 115 143 1 110 7 4 15 393 23 87 41 22 64 114 30 111 62 161 174 33 12 53 91 27 26 311 15 44 20 202
0 75974 41 41 50
0 76062 218 16 181 175 41 140 8 50 20 38 2 90 37 52 15 58 181 14 137 114 138 148 99 47 148 32 199 74 31 12 261 79 92 60 27 85 84 91 77 138 74 38 20 47 135 113 5 25 19 69 15 16 331 55 19 38 90
0 76108 113 4 35 57 36 66 329 190 99 25 101 20 4 6 143 46 30 68 139 4 24 44 56 49 64 40 121 23 150 28 4 22 25 22 109 6 10 166 5 76 114 24 71 39 139 51 58 5 174 68 34 22 156 14 123 2 302 39 38
0 76109 87 72 18 3 289 85 128 25 297 50 123 10 255 18 16 2 5 22 40 5 45 4 107 71 32 46 41 4 90 63 27 49 90 114 433 23 111 19 405 90 40 27 216 84 179 48 108 68 75 68 113 65 6 85 17 9 239
0 76228 195 49 35 55 162 30 24 13 20
0 76343 33 3 5 65 57 62 16
0 76363 272 183 66 6 133 1 51 32 17 161 21 63 1 81 18 15 144
0 76472 71 109 88 94 4
0 76853 44 57 62 13 211 23 14 42 64 38 13 21 335 158 3 31 27 16 12 72 204 14 30 8 25 7 8 38 170 11 85 29 111 42 71 4 113
0 77510 103 19 27 77 46 27 32 20 90 86 100 7 8 28 61 23 261 4 92 39 269 88 155 88 165 131 52 72 524 66 61 15 167
0 77707 143 28 6 6 39 123 192 175 15
0 77820 17 33 123 13 101 47 14 107 323 60 31 114 150 32 42 17 41 86 42 200 116 42 101 44 37 75 138 27 39 20 14 6 13 47 17 35 23 59 178 54 6 14 102 60 136 18 103 21 33 10 141 99 25 133 13 15 9 85 204 57 218 10 31 1 5 107 11 142 282 3 55 87 5 12 16 104 35 65 287 50 13 2 124 63 52 57 50 19 89 11 61 9 98 3 27 4 10 18 83 42 158 107 59 49 27 31 60 76 5 48 50 52 8 10 13 10 2 133 378 56 132 61 27 11 4 82 227 19 148 71 287
0 78147 87 26 105 7 55 173 15 10 13 3 8 64 111 35 144 42 72 22 218 10 242 143 89 18 221 3 65
0 78207 79 87 110
0 78421 288 46 3 29 217 52 139 2 50 13 27 50 34 39 98 4 38 50 12
0 78603 67
0 78776 145 50 142 19 505 17 166 15 36 22 124 57 37 46 146 79 145 88 188 24 71 113 153 9 81 28 67 31 85 16 10 23 178 62 29
0 78966 23 26 50 81 79 82 130 20 14 74 126 9 80 56 170 1 197 181 145 9 33 50 11 28 94 7 3 3 114 31 69 30 16 21 24 58 122 4 6 8 16 43 444 62 22 11 106 29 234 5 12 39 41 11 596 24 281 3 209 184 35 78 23 42 19 19 41 22 241 40 22 3 100 18 109 24 84 45 146 83 2 42 80
0 79058 208 5 56 27 72 51 19 1 209 94 250
0 79106 28 63 23 49 68
0 79116 146 243 156 140 53 8 27 11 47 3 8 74 91 9 112 33 211 216 16 47 49 33 93 212 65 74 145 14 49 12 125 6 7 2 50 79 56 131 164 15 15 71 48
