0 0 156 22 32 3 11 34 10 24 197 15 126 57 46 20 87 53 43 11 14 41 9 29 182 149 70 78 266 25 129 112 86 59 1 55 57 55 85
0 197 113 42 248 40 28 29 12 41 26 89 129 14 5 79 51 62 11 72 16 1 117 13 44 26 290
0 363 29 28 4 7 232 3 94 6 50 74 63 62 10 43 5 81 329 49 211 7 131 40 184 18 20 94 192 25 124 22 3 119 94 42 2 107 61 28 6 100 1 49 5 76 16 27 32 176 55 202 30 51 99 6 9 121 6 3 93 49 287 57 5 58 109 8 9 38 1 13 101 81 45 41 162 107 190 50 77 12 2 8 38 63 45
0 511 2 91 7 89 125 39 92 1 118 59 44 33 233
0 828 164 1 25 26 178 6 1 1 68 8 235 25 19 60 62 190 8 45 92 35 39 48 14 5 45 115 15 9 9 26 13 43 6 18 6 130 59 98 234 26 76 45 109 38 22 60 109 48 57 20 144 18 101 1 235 5 77 53 278 3 65
0 959 21 31 74 11 340 6 4 21 177 8 34 14 32 82 362 63 425 17 133 100 81 61 5 22 56 171 6 6 15 26 175 42 75 30 49 8 184 52 34 125 25 38 201 8 340 31 97 35 69 11 54 42 63 48 34 4 4 22 93 37 70 22 50
0 1253 228 19 30 163 126 51 85 5 65 8 222 42 293 28 46 10 53 54 219 50 146 134 1 17 9 2 1 70 76
0 1337 88 29 104 50 136 36 41 22 91 31 83
0 1562 215 4 142 3 167 12 140 41 15 18 189 65 5 32 107 90 263 86 223 15 301 4 21 64 120 128 66 110 504 1 58 43 71 33 3 68 4 23 121 28 220 35 109 154 89 71 50 8 147 195 132 74 57 17 9 153 108 46 94 45 36 65 153
0 1735 78 42 41 123 29 123 7 13 60 88 173 66 16 75 171 8 67 8 245 1 2 22 107 125 162 24 95 6 103 60 47 11 291 6 62 11 57 33 35 28 8 11 179 61 11 6 40 105 277 43 3 15 11 67 10 103 4 10 26 82 173 7 2 12 48 26 114 26 108 97 45 14 135 31 171 52 62 57 35 64 61 207 4 61 371 105 115 66 419 14 37 79 25 115 21
0 2091 326 4 9 167 117 66 53 1 238
0 2233 161 28 86 64 125 17 100 67 43 53 61 70 180 89 252 6 111 173 73 45 104 16 11 10 358 72 12 39 98 14 59 87 5 57 87 95 27 4 170 40 15 88 94 53 209 107 10 15 19 88 177 52 103 2 123 62 59 16 119 10 99 76 229 8 44 15 187 138 226 44 87 34 108 124 62 24 42 64 202 24 39 11 42 25 6 101 115 68 11 22 118 6 281 104 6 80 28 77 201 78 127
0 2599 94 3 40 40 514 34 13 45 82 8 425 5 120 37 6 16 75 55 148 4 2 1 79 9 52 142 29 10 92 114 141 1 62 156 136 2 318 160 90 30 69 182 65 56 28 97 129 1 254 12 3 45 27 84 54 3 21 2 175 51 86 4 64 84 17 33 134 20 76 22 237 18 39 95 144 9 143 124 16 106 11 52 70 3 208 2 202 44 64 19 308 4 192 98 146 51 102 22 110 217 71 4 230 52 130 107 59 17 84 75 45 44 63 48 6 80 17 42 59 17 54 119 101 3 102 51 79 15 36 23 159 104 18 26 68 1 42 4 85 178 42 6 2 14 158 36 122 38 335 11 72 16 1 58 2 185 90 41 63 4 120 3 115 34 63 117 440 29 40 16 178 146 17 105 61 10 128 69 118 15 128 47 22 30 38 84 21 26 67 91 107 48 115 55 158 56 79 128 91 16 31 29 1 65 120 11 9 3 47
0 2780 82 29 81 34 214 145 118 17 91 6 35 61 37 53 33 26 56 25 69 14 25 14 21 52 176 99 71
0 2825 37 189 46 10 6 23 132 36 171 2 142 28 43 6 193 24 13 19 126 6 157 27 79 55 28 30 2 11 62 215 115 31 120 30 5 61 4 49 24 2 14 15 531 23 122 93 72 7 73 8 27 80 88 40 24 11 137 37 36 120 32 10 47 32 137 44 167 45 22 10 12 6 93 5 10 92 175 72 280 28 28 6 52 127 9 35 59 22 89 19 4 9 38 129 17 25 47 39 121 31 145 17 107 64 403 34 289 87 61 19 29 29 339 45 68 9 152 23 177 75 10 79 163 25 41 34 121 127 14 49 28 45 141 10 74 129 140 59 81 50 84 138 97 44 20 44 124 44 42 108 38 26 54 91 20 85 100 197 7 1 50 24 19 58 74 58 72 61 17 51 92 2 144 4 146 74 381 16 92 1 148 69 75 2 20 7 227
0 2829 1 82 115 74 196
0 3136 91 15 60 9 50 43 31 38 242 32 112 118 19 294 107 63 232 11 33 11 40 28 42 12 17 42 38 8 165 16 109 188 150 9 42
0 3164 263 18 346 3 112 41 92 35 64 13 24 5 213 25 6 13 12 12 178 256 24 30 16 106 110 10 5 31 254 85 194 24 60 18 47 39 176 5 18 17 18 44 68 8 263 57 192 3 212 28 92 50 59 20 94 25 12 15 10 13 11 68 255 7 78 22 337 28 124 111 168 6 3 27 45 49 35 19 44 24 146 25 249 15 47 33 59 11 247 105 12 51 24 10 49 126 247 77 82 8 466 14 22 1 49 20 7 10 41 16 112 4 49 27 210 33 95 10 118 15 29 3 42 26 263 34 26 15 62 16 8
0 3388 3 5 108 11 163 13 40 60 21 19 51 27 42 31 162 31 1 97 98 119 29
0 3538 92 87 162 16 43 7 54 3 48 1 45 203 45 20 267 29 42 22 64 23 45 46 429 29 28 73 74 41 52 18 2 29 262 62 147 67 55 108 70 10 42 19 33 139 83 67 17 97 288 2 82 21 82 18 173 17 6 38 24 190 30 12 7 79 275 244 30 22 163 6 98 174 134 2 238 43 9 99 48 29 60 138 2
0 3615 124 20 27 42 464 34 15 43 94 78 91 12 1 17 20 77 65 1 6 56 46 110 40 2 54 32 22 125 13 23 18 94 459 2 110 15 11 19 77 85 10 24 1 18 383 28 56 136 8 48 72 4 126 26 86 71 13 98 40 51 226 31 104 9 7 7 27 75 197 52 15 130 9 5 2 40 111 64 51 32 361 17 39 64 27 27 61 45 9 105 44 28 24 5 53 137 196 8 204 46 66 19 138 43 149 15 36 146 38 106 144 111 7 189 307 38 71 7 207 61 54 28 97 16 14 61 104 18 130 113 9 152 116 6 129 68 58 41 38 26 147 53 3 93 11 27 38 3 79 73 195 21 16 100 468 7 104
0 3908 54 9 123 30 274 20 15 108 79 107 82 42 21 129 77 16 27 1 206 96 36 1 68 4 30 19 14 84 3 62 177 13 36 56 175 26 304 13 61 60 33
0 3991 33 59 45 56 18 49 71 15 399 67 107 59 102 22 47
0 4008 54 37 54 11 126 6 17
0 4073 34 113 119 63 237 170 18 20 32 2 19 89 191
0 4258 83 7 56 10 112 84 49 3 141 3 70 23 69 134 18 24 39 88 20 9 120 133 234 37 155 48 164 3 165
0 4510 78 15 171 10 12 40 3 138 110 22 178 62 97 315 8 9 324 4 23 17 6 124 48 23 87 37 74 7 101 73 124 10 96 22 27 80 25 3 62 30 155 29 3 24 60 107 144 51 71 12 98 2 21 194 17 51 10 26 367 126 135 41 68 60 14 28 42 84 60 55 579 48 32 39 111 5 88 5 141 5 1 25 32 214 101 67 1 13 14 66 121 8 65 15 5 24 263 31 44 87 312 13 83 76 58 3 24 33 206 4 157 100 20 14 102 34 59 83 150 4 22 31 42 7 121 6 74 35 63 16 127 17 51 6 2 97 164 4 40 18 47 20 31 28 334 37 17 5 78 29 210 4 82 49 188 20 148 39 162 40 237 24 34 32 68 53 34 29 4
0 4928 107 67 16 10 143 22 67 212 9 114 68 5 202 84 7 10 20 38 110 4 24 38 353 88 119 92 210 70 23 7 51 34 97 81 83 21 13
0 5057 21 30 401 92 80 87 133 28 19 19 77 80 88 71 48 12 138 91 289 24 197
0 5368 75 37 324 33 106 76 274 13 37 275 212 28 196 210 39 22 43 64 236 42 46 92 93 10 131 3 2 39 70 1 54 51 29 24 27 95 498 32 5
0 5448 68 10 264 16 30 14 34 121 22 30 45
0 5684 12 26 67
0 5827 12 97 122 44 23 43 45 3 78 29 32 6 228 17 50 98 67 11 8 68 39 26 11 44 89 7 64 58 161 61 60 33 130 118 212 109 7 39 232 50 41 5 10 23 142
0 5856 441 72 55 3 36 16 28 150 35 6 7 78 11 121 23 92 59 5 303 45 296 94 138 10 91 2 81 22 72 233 12 28 38 80 8 105 234 207 23 35 44 28 72
0 5866 4 115 238 369 169 20 196 3 2 16 171 1 82 32 117 169 28 8 59 46 260 18 270 51 160 113 9 154 68 17 6 3 47 49 4 21 595 74 167 14 200 59 6 60 45 12 204 17 41
0 5877 30 159 47 154 52 1 64 20 105 52 155 6 46 24 10 19 80 1 23 3 148 57 62 115 133 175 227 1 202 18 133 79 19 46 6 4 282 72 89 2 74 94 113
0 5979 58 14 24 6 85 45 39 61 26 34 131 18 251 53 387 120 98 18 13 90 15 5 9
0 5999 98 23 88 12 111 8 104
0 6185 106 45 1 9 38 80 61 1 8 54 169 5 18 46 156 22 15 59 42 1 230 21 53 9 25 32 114 62 190 47 100 54 15 62 186 80 222 53 60 48 99 39 131 3 38 44 5 99 52 68 116 17 49 34 149 54 257 21 11 19 59 78 70 71 32 33 91 79 50 6 103 51 87 46 159 53 172 51 54 17 484 26 134
0 6236 166 3 64 8 7 24 24 20 89 162 71 32 133 82 131 18 195 16 140 6 30 5 61 7 104 183 73 116 93 95 387 38 19 79 5
0 6382 2 12 48 129 67 64 263 99 45 57 10 23 8 76 16 63 129 2 46 78 47 1 93 10 9 56 121 49 115 22 81 76 190 18 34 5 92 22 208 71 5 52 54 152 34 82 74 18 27 53 56 207 93 12 263 26 49 4 179 9 4 56 55 1 2 4 14 86 31 32 1 5 41 13 56 16 156 35 14 127 21 21 3 47 2 9 15 137 2 50 47 62 117 33 111 56 23 16 16 47 79 44 28 70 57 45 59 95 98 64 72 175 2 5 25 29 94 29 32 101 26 15 63 25 5 63 3 27 16 68 200 18 66 9 108 49 96 47 165 3 109 23 107 17 21 22 6 84 72 20 151 5 20 8 58 4 60 15 29 89 45 36 46 109 30 22 148 36 137 20 3 8 89 30 3 32 72 81 80 10 159 9 42 117 15 93 86 3 129 42 162 28 14 8 220 50 87 7 308 28 9 51 16 72 10 27 172 29 166 20 199 55 65 3 347 108 212 45 11 11 3 72 152 69 141 27 98 21 41 30 22 2 41 12 51 35 40 81 80 13 131 17 135 9 149 68 45 183 49 83 61 3 297 66 5 80 3 7 155 174 64 97 5 25 422 61 6 80 99 1 160 197 219 193 23 26 108 68 69 96 139
0 6612 65 84 109 55 132 175 32 153 59 9 26 105 285 81 16 42 11 32 53 15 43 13 56 36 72 46 159 34 75 24 90 61 43 17 132 38 147 95 50 46 129 10 160 20 134 55 113 166 25 53 133 2 238 51 42 19 101 45 67 56 23 25 104 17 89 10 9 20 43 25 23 130 16 41 66 1 241 49 58 31 1 80 92 8 6 81 51 7 261 29 16 183 47 20 3 23 56 42 3 50 78 17 58 147 388 33 42 42 55 10 156 20 23 2 48 22 385 20 121 3 134 14 4 35 25 2 51 155 247 7 73 25 142 104 3 77 32 30 52 75 3 86 130 3 90 120 35 11 2 6 83 48 8 11 123 22 15 114 31 6 115 52 216 38 100
0 6690 27 121 94 57 12 37 236 43 129 27 128 70 23 9 256
0 6704 34 51 119 81 115 12 28 84 308 173 145 100 23 25 22 47 288 35 58 29 26 49 229 47 292 95 279 39 173 21 49 90 2 14 50
0 6848 216 56 44 84 389 22 37 19 114 2 146 10 194 69 409 58 41 67 7 30 76 53 123 185 148 9 6 28 91 13 55 17 47 23 135 63 454 83 28 21 113 59 64
0 7098 26 43 117 7 379 61 32 79 50 50 43 112 44 60 94 176 2 6 24 94 130 33 28 19 8 10 2 4 71 125 39 16 12 5 67 45 10 63 26 57 130 113 1 13 21 57 39 19 126 21 456 47 2 48 14 3 131 60 118 130 267 45 27 39 68 11 31 126 5 37 34 57 187 22 19 1 181 18 233 40 25 13 42 74 290 130 71 18 35 43 123 11 60 18 24 16 208 20 211 9 62 53 49 33 56 88 24 19 207 156 73 4 86 88 70 12 60 33 60 19 97 13 6 26 114 34 18 40 288 118 187 76 13 113 104 108 126 13 390 26 6 4 83 35 45 2 172 65 148 23 117 13 114 22 41 64 141 103 53 22 90 80 84 35 84 52 120
0 7404 139 22 48
0 7459 50 81 43 52 97 30 150 59 113 86 65 86 209 7 286 9 7 6 23
0 7702 37 6 80 22 205
0 7811 661 258 276 166 30 28 54 62 35 39 67 101 164 49 34 112 23 129 74 11 88 61 19 123 56 73 289 25 64 91 150 16 59 80 25 65 74 110 111 9 112 6 252
0 8253 26 6 89 57 70
0 8287 88 37 114 139 47 44 109 12 14 92 349 31 45 34 5 41 9 43 225 47 99 26 13 4 24 117 55 22 53 17 315 31 271 113 143 44 243 25 199 57 357 31 44 34 12 39 429 141 11 61 18 35 253 13 69 6 289 27 8 150 61 1 138 228 8 70 73 97 9 88 15 69 204 26 72 20 75 4 69 16 286 47 142 29 39 46 44 17 2 4 87 59 25 10 34 68 88 35 121 21 63 79 24 38 164 12 26 11 559 117 58 43 46
0 8348 144 149 124 65 595 19 16 39 148 6 177 63 178 1 17 32 46 8 6
0 8424 1 12 88 55 123 2 174 32 475 10 36 29 232 5 55 63 66 21 43 166 66 36 107 8 397 73 51 38 241
0 8504 49
0 8708 38 147 25 8 165 18 401 5 69 6 10 1 42 159 2 68 23 38 164 38 194 7 59
0 8947 51 88 133
0 9219 280 49 45 26 28 34 271 53 1 43 8 32 44 13 3 44 59 80 33 23 7 26 4 103 40 17 25 32 203 21 41 14 12 83 141 20 124 5 101 191 60 30 109 120 173 79 68 16 194 65 25 30 56 57 3 33 38 31 25 27 309 30 81 26 58 26 115 1 4 186 397 46 173 32 151 16 71 23 29 16 119 4 183 31 23 86 15 37 306 51 56 40 18 3 22 82 24 86 175 2 112 111 112 93 73 30 62 1 20 38 105 30 138 34 10 60 301 40 145 143 291 57 152 41 25 39 33 13 4 18 333 62 257 7 34 39 123 33 22 37 59 40 56 34 53 140 35 17 319 14 36 6 139 3 9 30 26 213 60 53 132 39 168 1 323 46 153 52 88 30 4 70 16 13 73 31 23 125 87 35 203 67 23 6 51
0 9438 171
0 9649 59 23 63 69 12 38 14 18 28 16 157 97 5 3 242 8 11 32 78 5 96 39 96 18 54 20 84 2 268 17 70 14 133 24 15 71 291 65 69 91 196 78 13 75 283 13 8 3 264 80 129 5 89
0 9782 189 162 30 117 48 48 24 135 298 34 2 2 79 25 81 50 39 12 44 32 19
0 10247 129 39 215 3 27 54 50 70 6 32 177 47 94 4 40 63 191 82 134 79 110 121 35 10 111 33 127 38 5 24 9 22 11 224 148 62 23 120 12 2 180 8 9 42 30 220 171 103 320 59 180 46 2 31 52 3 88 2 57 16 164 122 43 86 20 67 52 108 25 165 129 25 23 61 29 24 194 16 14 10 356 15 13 1 152 73 113 9 138 17 2 5 18 33 89 7 75 35 208 19 37 71 10 330 7 8 255 12 24 203 181 17 11 143 195 183 14 115 245 45 128 1 314 39 271 12 33 81 57 3 19 45 27 7 17 4 51 4 104 8 63 228 95 177 154 22 56 54 75 4 83 21 34 42 15 94 79 14 129 59 28 10 252 67 294 9 49 21 212 27 4 42 269 6 431
0 10415 124 69 88 107 95 86 31 72 26 36 242 32 55 30 175 157 148 36 217 28 137 40 113 91 60
0 10580 20 37 48 31 192 70 396 1 314
0 11160 65 38 186 8 62 148 53 86 75 7 48
0 11221 95 30 95 1 53 4 12 20 42 24 47 65 42 61 59 44 394 16 2 81 174 56 54
0 11597 192 2 132 117 152 32 146 68 77 1 72 149 19 203 13 63 136 15 23 78 102 82 18 40 164 28 86 82 69 46 5 13 460 8 97 31 310
0 11830 167 25 9 184 130 37 211 59 82 60 150 56 70 238 73 1 143 11 40
0 12086 2 37 434 4 46 47 58 37 29 61 107 23 1 80 69 85 105 22 31 11 146 11 13 52 49 36 17 46 74 75 426 161 55 46 42 65 219 89 94 19 170 26 35 34 212 63 47 17 15 223 70 19 79 41 70 66 107 6 369 43 329 25 73 100 35
0 12260 59 4 12 5 85
0 12339 79 5 9 12 34 44 8 21 83 40 93 12 110 22 22 12 17
0 12459 19 48 137 60 78 90 119 42 155 130 389 53 209 59 53 44 268 56 30 92 289 26 40 50 89 47 16 30 147 71 23 5 89 77 118 39 105 79 96 137 106 11 129 39 22 10 143 85 73
0 12735 6 87 48 117 169 14 288 4 150 29 97 72 46 141 5 13 25 8 283 59 116 45 371 24 78 15 107 43 82 42 172
0 12996 518 1 131
0 13015 98 90 61 33 545 17 107 134 52 3 59 3 67 62 70 34 174 176 291 2 22 50 391 94 87 4 30 27 12 322 19 5 236 55 716 2 56 13 46
0 13206 19 24 29 9 397 83 49 17 53 53 48 87 95 194 147 26 72 10 5 2 66 23 126 45 32 65 58 97 110 2 405 57 12 1 21 7 144
0 13543 142 2 40 6 32 87 149 6 80 2 10 18 42 46 37 19 66 4 78 3 5 53 69 19 11 36 128 94 23 172 1 87 101 30 207 18 321
0 13741 246 79 101 37 83 34 142 30 18 7 117 192 5
0 14043 56 70 66 105 24 3 40 7 75
0 14182 132 3 164 18 119 31 185
0 14202 45 10 3 115 46 7 135 58 77 59 118 37 307 54 153 57 85 106 23 43 80 134 31 58 65 9 13 40 11 36 41 59 128 34 158 23 275 22 76 37 23 71 82
0 14366 92 30 89 54 75 15 221 55 20 213 65 62 74 37 32 221 29 21 221 106 24 46 247 59 43 4 169 16 21 34 87 82 116
0 14376 127 12 171 52 76 3 444 38 144 6 161 44 54 5 61 75 72 7 323 7 70 12 5 80 44 3 112 32 135 9 11 7 28 26 98 17 21 143 122 45 133 51 132 51 133 151 41 21 22 95 22 120 59 14 32 3 143 62 95 15 108 15 32
0 14387 61 28 48 40 117 23 9 68 27 5 90 62 15 99 19 8 6 69 43 163 90 107 75 201 31 16 155
0 14427 1 28 153 11 369 4 21 102 201 67 11 27 46 21 8 1 159 24 20 77 134 77 31 30 163 61 73 15 61 1 39 84 71 10 35 1 27 65 45
0 14712 60 71 56 88 75 25 450 57 144 2 8 81 16 167 20 33 15 126 83 27 91 30 116 146 197 63 9 75 320 15 1 4 46 152 191 63 166 5 144
0 14752 132 96 15 35 335 141 202 9 12 47 149 87 61 25 27 1 66 98 70 75 74 11 333 14 19 21 150 25 187 67 92 31 61 3 182 116 98 27 97 102 236 80 95 67 6 24 8 60 125 87 87 3 8 95 78 3 33 58 4 70 19 73 44 89 55 138 59 32 15 96 90 22 194 11 202 38 26 26 26 7 169 34 101 11 7 18 57 111 591 12 142 59 20 7 7 44 22 88 149 56 21 23 83 10 31 30 343 9 148 3 6 29 46 52 22 8 19 18 35 219 80 12 136 43 140 59 93 14 14 103 416 158 182 29 21 6 68 269 122 15 332 51 41 62 23 92 48 42 15 15 45 8 89 93 167 88 163 32 47 15 17 12 224 41 115 59 29 7 78 35 45 16 74 15 28 17 173 9 180 16 69 38 36 18 49 11 82 69 238 14 270 1 129 22 78 38 28 147 11 46 168 34 11 90 174 7 115 18 313 10 305 124 107 11 44 25 30 37 45 33 12 41 238 101 8 74 1 8 89 33 55 87 21 23 88 27 45 12 165 35 62 16 33 261 12 105 100 34 25 100 103 17 3 1 19 57 122 87 67 26 34 41 18 64 39 37 197 11 57 2 163 14 56 1 27 352 576 132 133 7 282 92 46 3 16 43 26 27 15 87 92 112 65 12 159 86 22 80 69 13 16
0 15143 182 39 6 2 217 93 170 47 218 126 123 77 8 31 60 116 9 100 57 165 205 21 30 73 71 119 23 150 151 42 92 79 7 57 946 104 147 47 159 51 39 108 112 32 4 14 321 14 267 52 34 1 82 56 95 13 68 69 152 12 4 12 35 123 316 87 130 29 215 136 159 197 440 35 59
0 15201 21 74 112 86 282 103 2 68 188 74 1 40 65 99 102 137 143 2 65 108 14 96 70 74 116 45 22 98 31 3 20 31 117 24 52 129 118 50 75 44 245
0 15469 65 113 60 10 39 297 81 25 164 19 68 127 131 61 20 4 225 65 247 24 319 33 161 6 101 17 42 76 121 1 61 87 46 50 252 54 42 2 55 41 182 14 28 89 77 89 62 60 249 101 12
0 15515 51 43 166 67 159 68 101 35 1 15 21 3 23 178 60 4 131 55 56 2 167 31 7 23 22 8 229 63 163 199 205 3 76 130 8 87 68 27 88 67 53 12 23 100 38 79 45 25 64 47 150 31 11 61 194 1 123 91 134 25 127 128 78 63 75 18 50 175 83 101 11 22 66 36 59 44 53 34 137 10 6 147 131 27 107 41 158 20 191 42 55 162 2 30 166 10 17 252 192 53 11 165 19 40 113 23 32 59 64 82 219 48 285 7 7 5 19 40 462 139 118 19 47 15 149 32 182 86 19 12 7 117 42 35 16 5 29 18 75 100 8 1 103 114 123 107 139 14 40 31 79 10 17 253 91 197 50 134 49 95 49 13 34 70 21 4 161 138 18 50 73 56 116 6 36 5 130 7 125 18 227 74 26 18 77 43 32 4 80 38 39 65 678 84 205 106 223
0 15664 515 15 40 15 90 14 33 66 28 10 415 110 116 7 60 27 222
0 15761 90 21 44 90 43 159 21 4 249 39 10 138 59 15 85 155 223
0 16074 81 70 179 10 25 36 35 22 276 17 106 1 30
0 16122 157 42 6 7 250 18 19 65 2 112 18 3 13 1 70 67 9 70 146 22 38 64 97 20 173 24 34 16 149 35 265 13 49 10 16 6 7 13 21 46 2 69 240 65 101 31 1 60 245 53 104 13 42 30 225 19 225 7 152 51 88 140 90 53 14 54 253 54 129 36 139 8 29 3 36 24 182 28 50 145 91 30 183 121 9 28 106 27 38 35 4 21 20 119 103 98 109 42 9 5 149 28 78 6 126 50 3 167 142
0 16165 222 18 55 77 46 61 16 9 1 107 153 24 36 3 319 101 134 63 49 62 41
0 16424 2 8 65 16 111 51 53 6 52 172 23 108 72 45 13 9 12 25 35 31 108 73 125 78 55 138 137 3 71 13 251 25 98 15 16 39 150 18 113 69 384 24 164 21 76 43 139 108 73 114 29 59 281 37 25 24 55 12 243 70 40 131 84 3 16 28 97 119 18 28 64 4 81
0 16515 318 185 53
0 16699 104 11 200 7 57 16 257 25 155 187 24 3 246 84 104 68 55 45 10 9 64 10 13 70 111 121 17 13 326 61 114
0 16767 145 13 177 59 56 38 193 23 32 135 10 128 48 42 44 13 151 17 331 2 119
0 16917 79
0 17071 213 14 20 4 49 52 145 16 83 4 762 21 3 14 143 19 31 9 82 18 267
0 17181 224 82 220 54 62 11 6 106 106 8 3 45 4 13 45 2 255 17 47 86 140 44 46 8 67 147 7 12 112
0 17258 75 26 6 7 16 138 49 134 34
0 17268 25 100 139 1 41 25 61 107 196 191 12 191 52 66 103 45 79 123 4 5 134 49 2 23 60 59 47 49 33 56 192 19 119 32 48
0 17407 22 5 20 25 78 48 17 83 44
0 17411 218 139 428 3 9 111 257 17 402 50 188 4 31 4 173 1 392 3 73 79 371 7 175 10 207 33 119 26 23 26 149
0 17422 77
0 17895 42 7 149 8 44 52 67 9 11 6 26 2 14 21 249 55 162 12 106 41 406 115 62 37 288 14 77 3 28 30 57 57 6 28 56 9 1 45 90 29 30
0 17920 37
0 17968 56 13 2 10 170 28 8 31 71 14 1 73 280 32 68 55 113 87 14 14 289 89 141 48 6 33 359 84 152 45 173 26 23 150 54 124 67 19 48 5 255 92 5 18 224 60 191 29 56 55 105 27 168 37 99 28 348 16 273 117 53 24 68 36 20 206 25 23 92 25 65 127 82 6 155 58 111 97 79 40 7 24 15 56 60 24 235 113 87 52 33
0 18187 12 75 68 69 244 84 60 209 5 141 79 41 58 44 98 92 75 35 168 37 72 111 32 138 53 31 233 24 17 79 77 42 80 16 73 73 227 92 65 64 76 20 48 7 29 17 38 31 189 4 187 91 110 58 246 1 226
0 18256 74 2 55 11 36 38 99 26 123 271 58 48 140 3 40 29 74 55 41
0 18349 171 7 8 3 71 56 286 17 443 30 93 32 69 155 2 18 186 11 32
0 18570 160 62 142 120 28 13 49 24 14
0 18646 185 11 2 14 303 38 130 72 89 112 218 112 32 2 240 2 63 90 49 37 12 151 40 15 14 53 407 12 183 45 144 18 80 3 140 91 103
0 18710 89 31 3 17 164 23 40 11 100 148 18 23 293 21 160 3 386 5 46 7 14 50 6 13 214 95 58 68 34 54 456 36 465 50 16 62 335 6 8 98 145 8 170 33 86 40 51 266 66 45 100 130 263 8 37 20 405 15 9 78 157 34 93 66 82 163 35 18 74 28 140 4 95 5 18 26 385 10 72 56 1 3 79 33 42 31 628 116 25 27 265 21 61 15 20 65 126 5 35 113 228 21 7 111 23 16 13 179 201 99 46
0 18845 8 72 222 39 72 12 65 121 301 58 314 45 16 14 13 32 64 7 470 165 167 10 27 158 327 21 58 3 80 63 50 31 11 30 142 123 72 19 251 18 71 37 15 19 19 4 37 24 175 29 123 26 121 10 15 35 430 40 148 51 164 7 165 44 70 30 174 6 84 2 36 110 5 8 32 21 12 52 117 87 125 24 17 24 10 76 25 62 95 12 44 37 54 32 3 47 143 71 346 17 92 93 329 14 58 178 266 9 123 66 5 34 55 61 2 26 153 25 52 360 134 22 179 3 25 79 282 127 442 10 49 47 71 42 258 78 28 63 48 13 21 22 23 4 8 2 47
0 18863 20 129 227 22 154 16 2 14 31 86 5 58 37 2 8 40 20 30 10 75 9 21 120 127 56 310 35 3 59 67 111 135 121 40 176 11 49
0 19146 282 36 177 14 127 57 43 34 1 144 236 12 57 79 386 9 56 57 51 9 71 19 59 22 285 38 6 10 116 77 354 4 267 9 188 22 86 15 20 73 12
0 19503 57 13 194 13 134 41 163 136 54 25 42 10 74 10 30 149 91 8 26 10 426 62 83 34 316 102 6 1 56 8 118 50 16 48 5 13 60 264 213 25 37 27 231 85 121 76 126 33 75 10 124 16 126 80 286 28 124 4 22 26 48 113 340 29 6 41 113 7 146 143 4
0 19620 82 45 70 28 9 32 185 2 55 23 25 19 8 42 215 152 74 172 102 132 34 131 128 46 162 45 13 31 11 20 10 42 90 3 335 101 176 35 112 93 52 4 63 16 46 22 69 46 110 24 153 4 32 30 5 49 68 28 104 55 222
0 19756 3 1 5 6 124 66 26 74 105 80 42 94 24 18 93 19 25 41 152 79 407 1 74 31 36 132 14 148 28 115 108 48 75 6 146 82 41 14 116 6 107 84 65 62 203 23 13 5 56 47 180 284 177 15 12 7 38 53 114 89 42 48 37 110 91 26 51 2 19 42 3 206 50 112 253 19 31 17 49 87 70 43 124 82 138 1 28 9 36 68 14 54 26 24 254 56 320 12 283 6 49 204 29 50 138 54 213 29 22 44 24 49 25 83 73 51 15 29 43 75 68 26 180 49 49 49 142 7 466 40 35 22 139 20 15 89 36 5 27 20 239 29 55 52 519 74 580 9 21 211 229 47 113 66 348 16 183 19 138 200 66 15 75 102 159 80 73 150 176 120 105 70 11
0 20252 60 14 140 33 110 48 188 12 39 22 166 17 28 68 103 9 76 47 40 37 100 12 309 65 19 9 49 148 66 5 94 9 78 162 218 3 211 64 82 39 64 9 1 5 36 12 9 35 118 11 88 59 157 31 5 20 320 10 15 72 190 17 96 13 16 54 51 1 163 53 266 35 95 44 75 40 91
0 20357 115 35 19 38 16 17 135 33 9 81 19 27 51 58 228 300 14 16 52 5 91 204 230
0 20482 108 84 27 8 17 68 120 29 143 22 62
0 20625 7 54 19 10 39 30 334 28 249 41 75 193 25 5 189 136 12 25 780 34 1 61 63 58 176 4 300 142 48 93 125 193 113 160 116 87 86 13 145 38 33 3 15 158 123 96 202 93 6 4 236 76 107 38 21 38 220 47 179 24 2 143 48 41 128 2 43 10 106 21 249 4 44 70 26 18 216 29 28 38 306 8 90 9 33 107 40 1 7 6 25 57 86 60 41 5 12 22 60 5 44 15 27 59 101 22 52 37 39 137 127 48 298 2 19 36 44 21 152 90 124 53 23 24 126 85 118 63 109 136 14 119 14 58 44 56 128 162 112 121 69 17 20 1 240 9 52 50 66 130 4 170 311 16 71 104 50 11 218
0 20743 58 82 88
0 20790 14 23 70 40 121 3 52 13 164 49 57 31 165 2 187 27 23 43 84 147 50 48 11 34 63 32 201 25 255 14 240 41 28 89 100 31 46 41 55 40 76 14 13 29 462 6 183 116 31 18 1 102 157 31 52 2 19 74 91 67 238 89 61 9 10 58 25 17 78 14 60 51 135 83 11 11 31 29 4 49 85 75 148 85 145 27 92 115 30 117 127 48 53 13 911 11 258 16 159 140 13
0 20830 18 11 176 82 219 32 50 21 715 47 55 308 272 7 68 79 45
0 20846 93 25 144
0 20881 328 13 6 40 4 19 158 1 10 14 9 165 53 7 7 27 293 265 52 15 112
0 21286 7 28 151 11 112 126 125 47 266 108 37 14 126 28 19 68 41 165 29 45 241 14 122 17 47
0 21491 252 56 2 85 90 1 139 49 17 18 10 26 208 38 118 15 108 23 8 27 173 16 44 18 153 4 92 18 2 63 40
0 21685 25 139 6 48 58 75 4 240 246 46 81 11 51 99 373 124 38 9 53 92 103 50 13 173 151 119 54 220 63 24 91 106 42 7 85 22 52 3 43 72 63 173 2 6 165 17 111 75 40 23 68 14 146 154 37 2 25 25 15 35 97 46 62 72 145 141 112 40 53 129 72 123 598
0 21763 25 128 26 25 163 47 76 33 244 13 77 67 51 78 349 25 82 92 158 33 41 44 102 54 131 125 41 15 206 46 72 8 160 7 67 130 28 32 60 34 23 2 13 16 22 40 66 49 27 22 48 10 110 46 178 12 231 4 575 18 193 37 111 51 185 37 188 225 18 21 381 155 28 194 127 57 135 2 2 46 29 8 57 14 111 107 23 4 60 62 139 2 298 42 63 79 34
0 21979 77 90 248 24 227 32 28 52 214 13 26 46 74 98 47 348 84 8 103 33 269 20 86 10 28 30 145 76 120 32 40 17 55 25 111 108 68 29 30 66 42 57 247 5 46 147 7 56 62 1 33 53 105 28 177 33 29 25 28 68 100 116 30 13 32 58 74 45 178 93 184 90 148 8 14 20 72 24 2 25 17 92 128 26 87 21 151 48 17
0 22049 72 15 23 18 101 50 59 84 67 202 185 40 87 5 14 127 82 39 89 1 63 43 100 2 212 18 19 101 101
0 22398 20 20 12 23 50 33 37 56 73 94 29 43 31 24 88 22 59 4 47 35 18 178 42 77 24 49 67 75 247 21 244 7 372
0 22461 27 85 78 3 29 58 156 66 309 6 98 26 102 9 7 47 79 64 25 2 50 17 159 5 18 48 15 30 332 16 18 53 23 31 99 24 195 10 14 5 136 39 30 11 16 25 222 7 11 106 97 52 139 56 101 70 18 14 18 50 132 108 123 39 30 25 1
0 22476 86 32 85 84 112 32 6 84 7 25 232 2 2 63 59 6 125 11 58 19 121 53 23 10 49 7 145 7 104 4 248 99 62 38 47 61 342 61 155 3 160 38 20 48 10 36 191 60 80 16 50 6 122 43 181 98 124 5 11 97 35 20 88 2 161 73 8 27 4 117 30
0 22488 48 65 80 22 1 78 352 10 108 15 39 18 67 16 121 4 167 15 62 63 69 15 34 61 20 32 58 77 3 7 24 94 23 37 54 13 5 8 17 77 93 36 140 43 109 46 178 3 132 8 302 12 3 24 36 22 54 51 11 72 146
0 22516 29 102 73 13 73 20 72 152 46 36 11 6 122 33 173 53 12 44 39 40 118 65 128 6 26 7 19 2 155 43 94 108 107 40 176 15 193 74 30 50 71 113 55 9 14 1 121 8 13 55 143 9 216 66 3 66 82 38 129 1 168 107 28 27 277 41 1 15 39 1 122 13 69 53 46 11 9 144 160 35 39 23 146
0 22620 110 97 11 2 33 93 1 2 97
0 22831 384 40 111 55 54 17 113 3 109 31 189 57 36 50 161 103 57 157 28 14 186 5 131 8 138 38 289 30 27 152 4 16 61
0 22898 42 12 51 15 72 135 76 25 17 3 77 5 71 5 93 7 177 49 20 37 26 29 34 51 152 30 33 121 50 92 54 49 41 75 13 70 11 59 87 3 57 19 164 42 5 29 105 9 59 168 111 4 141 111 2 15 33 74 65 60 96 61 13 23 5 116 117 1 93 94 2 50 412 21 20 61 10 5 17 85 57 72 3 4 8 65 61 47 6 37 51 19 102 12 71 31 81 163 108 101 120 10 57 1 104 23 7 99 8 10 104 42 1 11 209 13 89 16 127 5 47 42 101 158 193
0 23294 83 13 14 130 276 53 212 19 185 36 78 171 211 16 216 11 37 27 70 65 79 11 177 52 210 12 303 33 37 2 98 13 31 45 149 4 92 23 64 180 71 6 32 4 203 9 322 50 15 32 14 95 9 105 13 23 78 249 151 13 277 15 5 49 51 28 21 98 32 50 165 92 24 85 98 5 35 1 116 8 33 16 285 36 135 46 347 10 154 64 35 44 2 10 224 124 105 7 62 8 210 50 57 95 52
0 23314 62 16 120 289 328 21 16 82 47 29 64 18 93 36 22 17 75 17 51 111 196 26 35 58 193 54 130 10 23 34 97 61 114 10 135 112 73 74 292 25 23
0 23330 37 72 7 45 98 13 18 12 128 83 192 49 47 19 14 30 434 19 119 1 313 111 52 57 8 45 87 33 24 76 12 15 284
0 23597 28 15 31 18 75 19 102 21 402 8 165 22 148 223 3 13 125 51 163 34 100 86 261 21 32 159 13 46 129 47 47 180 119 11 30 12 13 23 215 134 150 48 54 29 95 93 12 62 49 24 161 26 11 11 331 22 71 2 199 8 72 6 73 33 1 131 63 11 3 6 18 20 82 53 5 19 95 20 249 88 42 61 36 5 9 20 223 11 38 19 644 23 17 111 20 32 30 4 198 42 30 19 161 114 211 62 133 61 15 7 53 15 106 14 51 22 46 13 249 26 23 15 149 120 52 31 28 60 48
0 23668 12 75 89 72 7 26 84 14 55
0 23670 40 77 96 15 127 98 13 34 158 28 171 12 223 22 11 6 58 23 22 87 46 65 108 113 157 109 30 14 165 86 113 3 118 75 50 20 80 33 120 46 93
0 24054 227 139 37 19 204 33 16 58 14 25 51 44 36 83 251 50 15 17 92 57 36 34 160 139 47 12 205 71 27 75 5 48 33 4 156 63 139 26 62 42 19 11 50 34 1 44 37 53 73 25 153 145 82 56 76 10 246 57 31 39 279 24 75 84 85 150 223 15 16 5 6 4 433 130 116 42 98 47 14 33 16 16 379 28 69 20 284 24 74 30 83 32 2 52 32 347 86 134 98 1 85 12 135 171 98 65 112 29 120 17 594
0 24095 41 108 11 192 19 61 248 42 111 49 341 60 130 74 22 12 67 4 41 49 29 29 239 37 45 5 89 32 37 129 127 48 36 3 162 50 36 87 11 13 73 101 78 33 147 42 20 18 240 63 30 11 191 34 256
0 24148 26 7 213 20 50 5 16 36 195
0 24327 9 45 47 57 161 3 10 89 17 135 386
0 24365 20 6 204 29 19 14 159 121 43 52 221 84 127 5 53 32 170 132 11 27 130 71 110 93 50 35 7 1 212 49 55 24 370 25 140 374 66 19 161 1 52 37 299 18 108 27 105 59 4 28 160 12 150 33 19 48 167
0 24463 9 23 10 31 123 67 320 19 31 11 14 84 81 166 32 79 114 14 103 129 131 183 46 21 4 78 243 28 8 42 74
0 24610 145 40 43 42 78 26 101 161 11 70 60 58 54 21 62 142 206 9 78 35 68 92 130 12 27 71 17 92 3 32 86 79 94 92 38 19 80 47 225 31 101 6 19 136 52 156 81 2 118 13 133 85 5 43 65 96 15 28 7 1 148 90 94 7 77 14 88 29 234 73 4
0 24729 5 23 142 36 57 74 1 9 39 46 29 13 59 149 71 37 142 44 38 112 150 40 36 40 45 120 9 94 54 71 116 2 88 66 30 12 78 57 61 125 164 15 16
0 24775 334 69 5 108 178 33 81 7 82 14 59 35 48 51 11 101 115 5 276 38 221 11 7 14 125 9 203 66 32 136 36 72 92 11 275 30 222 96 175
0 25169 33 43 1 34 129 34 181 99 78 25 23 15 25 10 101 33 266 40 326 23 127 4 198 17 126 7 372 17 32 67 259 148 157 81 9 26 45 91 42 30 15 35 75 7 48 88 16 14 209 61 74 20 6 224 23 8 237 55 92 57 22 46 96
0 25566 131 67 75 28 9
0 25733 48 29 36 4 210 35 1 61 122 9 25 8 5 50 211 41 155 27 263 152 6 43 7 15 102 10 4 21 34 56 78 2 82 63 138 38 5 1 240 4 54 116 67 34 89 162 65 2 150 130 28 22 216 35 48 64 300 106 82 26 159 9 25 80 34 63 36 63 91 159 1 13 25 29 69 26 2 49 40 13 242 48 225 2 25 143 4 64 74
0 25758 108 30 16 123 102 24 66 55 107 8 61 4 45 52 49 36 18 91 53 1 41 19 17 1 145 10 73 64 148 25 192 117 3 83 41 10 108
0 25968 11 50 258 2 313 55 1 20 67 34 185 3 13 56 203 10 47 178 202 32 52 1 2 19 46 9 23 162 55 42 106 15 317 67 162 89 41 24 424 115 317 204 49 13 36 32 33 7 92 122 359 31 109 95 86 47 6 36 105 28 83 7 68 14 68 76 73 4 88 4 92 10 11 81 319 67 66 161 21 35 90 12 108 57 28 104 58 76 18 55 6 7 261 122 57 14 222 24 21 66 3 7 38 12 12 42 432 7 52 71 114 9 17 41 113 7 242 233 1 25 77 91 106 53 45 12 91 8 86 19 4 33 50
0 26060 249 86 81 118 46 24 50 2 8 146 136 67 22 36 166 63 407 148 126 53 12 50 28 48 64 67 20 27 208 31 414 102 22 39 13 31 204 17 19 45 22
0 26376 16 33 33 18 35 100 76 34 23 78 7 54 20 118 16 13 5 86 9 165 174 13 17 24 29 71 197 13 12 51 49 102 104 95 61 60 40 1 75 10 91 1 60 12 223 4 20 30 69 14 41 29 17 4 73
0 26509 43 12 239 6 5 22 20
0 26728 8 48 2 20 33 8 105 18 14 59 50 46 12 1 292 1 396 40 115 47 2 158 70 135 81 19 97 20 164 77 24 98 6 33 22 6 59 124 57 61 57 12 102 22 120
0 26760 25 10 107 96 73 30 214 4 147 14 14 12 67 10 63 27 125 37 15 53 152 34 31 11 67 19 88 40 4 120 42 97 69 27 89 52 115 8 149 1 41 333 134 6 186 35 30 32 376 24 155 47 199 27 61 37 372 10 9 85 283 2 198 142 162 63 21 63 162 15 54 25 177 36 77 63 56 6 21 15 105 9 12 36 21
0 27029 163 59 13 24 1 201 217 59 75 20 12 4 178 12 65 55 183 140 9 37 45 48 71 17 85 55 4 52 10 23 135 49 249 67 25 65 216 273 67 102 155 60 37 47 67 343 156 101 127 91 134 6 20 4 94 86 150 58 28 33 91 38 235 162 15 27 26 33 5 16 130
0 27071 52
0 27126 178 21 99 39 141 29 58 13 50 124 8 73 111 12 81 5 43 19 120 13 41 7 59 72 124 21 64 25 29 36 42 11 164 6 26 17 179 114 91 54 141 5 5 42 92 99 19 37 74 2 74 41 55 32 189
0 27399 398 96 44 69 86 93 111 41 121 12 1 3 48 100 101 16 9 2 12 95 289 77 158 9 24 157 114
0 27565 70
0 27660 88 79 248 15 211 50 75 6 21 33 32 2 5
0 27803 18 71 6 230 27 18 210
0 27893 34 14 328 24 18 9 41 18 90 87 93 6 177 6 20 11 94 18 5 33 41 63 55 4 93 10 318 1 40 20 177 16 82 196 120 48 66 12 10
0 27958 12 44 2 56 180 13 72 45 102 45 2 29 7 41 77 5 469 60 348 23 26 31 305 29 21 54 12 28 127 88 2 7 141 3 118 28 280 10 6 11 167
0 27990 6 20 153 66 42 66 154 83 18 132 24 20 244 29 249 10 47 136 20 31 48 21 153 175 10 97 74 78 3 19 220 88 59 29 306 25 5 18 314 75 166 28 86 150 34 26 207 2 440 90 67 9 39 63 9
0 28002 30 184 79 43 259 38 86 48 50 6 3 50 133 44 73 64 208 48 131 7 89 43 330 2 6 41 136 59 5 87 114 104 30 257 22 77 9 19 129 105 138 75 61 53 247 25 24 176 61 7 93 36 30 15 146 39 1 42 43 77 14 97 84 3 189 41 3 182 66 55 28 44 50 47 56 32 55 35 316 113 55 1 99 33 131 9 55 10 35 20 215 70 211 46 125 27 103 10 53 99 237 8 12 6 78 10 108 9 133 48 45 102 59 184 26 75 169 38 5 99 40 58 105 8 22 130 457 28 145 10 130 146 48 4 199 9 1 2 2 56 106 38 55 25 20 22 133 84 84 2 6 58 23 16 22 51 277 15 86 133 11 11 63 6 68 37 55 14 129 6 446 13 295 109 113 26 10 17 20 115 31 10 95 293 201 29 48 10 33 123 117 7 127 1 115 32 2 28 13 24 69 15 52 1 37 7 78 93 76
0 28053 126 51 19 20 166 34 65 67 17
0 28292 93 52 88 35 95 29 137 3 6 12 2 4 50
0 28390 151 149 67
0 28416 157 2 41 1 17
0 28434 8 4 3 21 19 107 17 35 247 46 14 51 105 45 21 7 456 48 49 61 223 13 456 2 30 137 111 60 129
0 28483 70 1 27 3 333 85 211 120 39 30 28 115 16 29 28 3 42 52 123 36 49 87 21 13 54 17 31 72 116 151 18 9 42 8 41 21 39 26 67 73 49 143 153 15 164 57 110
0 28612 51 1 371 255 23 39 177 94 50 53 23 9 135 331 64 42 87 168 14 9 10 8 46 13 390 79 241 9 24 1 321 12 26 41 45 16 20 35 5 209 99 43 43 19 91 108 365 3 18 95 45 39 48 2 83 37 10
0 28634 145 3 59
0 28692 150 13 50 44 233 53 148 5 221 50 5
0 28927 46 44 58 10 112 27 192 16 103 7 36 19 112 24 105 21 1 32 21 59 30 24 112 17 7 107 159 3 45 80 368 117 25
0 28990 32 10 20 8 79 36 112 24 268 45 9 97 81 52 72 4 23 182 182 36 263 58 161 16 39 12 34 38 100 7 150 58 131 32 38 46 69 9 216 3 77
0 29264 37 107 69 50 26 215 127 33 71
0 29715 37 32 344 103 8 43 182 45 80 23 204 59 167 29 116 25 256 5 31 158 111 132 269 36 611 9 23 5 32 114 383 55 97
0 29738 145 41 11 98 20 20 12 78 143 74 200 7 150 7 202 20 23 55 688 53 23 9 13 96 46 132 57 65 12 60 104 3 185 13 85 3 226 112 110 18 77 28 51 46 53 196 234 75 223 90 139 35 134 69 258 24 36 39 36 10 56 86 3 23 94 7 23 43 223 75 16
0 29757 56 28 39 110 30 33 79 44 20
0 30083 27 41 232 30 3 33 33 13 26 26 44 91 52 41 52
0 30160 177 55 67 32 54 199 136 42 72 48 120 16 8 26 174 21 136 11 9 16 84 9 121 34 4 17 25 128 11 39 3 121 15 16 77
0 30380 157 66 6 68 36 153 79 86 72 108 717 21 28
0 30658 69 30 8 51 194 31 49 293 157 105 14 49 13 283 90 79 105 43 215 172 42 113 63 248 81 58 44 43 4 45 11 23 67 12 66 188 9 54 148 50 93 101 33 6 329 24 25 65 35 44 18 126 35 106 175 97 36 79 111 6 15 98 61 12 19 19 268 15 168 2 336 16 23 43 79 16 22 155 119 16 79 26 143 74 94 72 45 123 40 40 11 102 199 2 30 58 161 85 172 40 15 72 103 21 204 30 205 34 91 15 129 13 105 170 24 7 2 18 99 56 147 97 107 14 184 127 23 45 97 52 108 29 55 80 116 1 153 16 101 6 38 109 53 1 32 119 137 4 238 154 22 64 58 30 33 60 186 2 11 101 80 33 7 17 222 1 93 12 58 28 61 5 30 136 58 4 167 3 257 11 79 43 107 30 327 64 33 8 168 31 105 41 9 246 602 129 57 34 18 188 54 20 27 129 124 46 84 26 235 12 67 85 65
0 31044 197 6 175 214 69 6 26 42 7 30 21 15 80 58 9 17 225 19 26 32 211 13 11
0 31119 27 15 64 33 28 2 127 89 45 3 118 30 1 73 225 45 5 7 24
0 31180 34 10 260 1 12 79 48 71 149 106 357 41 57 44 126 20 47 22 56 92 58 87 86 31 119 47 178 4 165 81 673 59 32 72 55 5 566 77 120 1 72 31 226 220 170 79 3 19 161 72 93 21 87 24 95 6 169 27 1 29 49 70 16 36 27 19 53 53 48 1 262 7 44
0 31247 80 11 25 8 49 26 141 5 114 82 86 2 77 25 207 308 325 38 11 26 5 145 37 7 18 202 45 7 66 27 201 90 287 4 27 35 381 6 80 40 41 33 176
0 31455 106 60 221 69 17 117 51 25 95 51 134 79 127 39 138 122 362 3 18 45 331 91 3 64 17 39 369 16 99 102 95 167 81 23 98 94 31 14 85 2 254 161 68 86 286 126 48 2 254 3 221 120 300 15 10 51 145 19 46 1 158 12 240 46 164 117 1053 11 23 30 164 51 48 23 199 24 251 43 98 97 43 39 205 105 63 79 153 47 13
0 31593 3 9 167 60 73 6 6 105 138 1 94 17 23 107 27 10 58 41 86 17 133 31 101 5 156 22 1 27 2 40 52 47 43 93 1 14 81 61 74 53 232 8 37 45 32 40 61 18 2 26 83 95 56 58 163 74 38 6 551 13 138 168 80 71 45 47 110 8 31 5 94 146 17 21 91 9 87 75 138 76 102 91 72 6 74 7 14 62 140 38 8 28 40 46 280 39 260 49 108 50 234 3 3 49 3 84 27 75 177 46 44 2 12 47 179 9 4 5 127 97 96 25 89 28 51 125 22 28 138
0 31696 20 65 420 214 289 11 121 12 87 75 27 114 204 28 73 50 72 19 13 32 19 24 82 4 38 27 185 34 8 154 25 16 29 31 36 39 10 125 115 29 10 38 237 43 47 3 55 16 93
0 32281 373 62 70 16 89 54 78 11 47
0 32711 84 86 49 3 29 7 173 66 267 71 100 9 312 35 164 23 64 11 56 9 19 72 323 78 112 21 57 121 49 63 114 35 21 11 76 65 303 31 70 18 31 12 247 29 14 25 339 23 86 143 66 31 65 66 59 92 97 39 39
0 32785 4 47 12
0 32835 80 9 96 43 32
0 32966 68 149 659 9 60 58 121 8 70 191 61 120 209 39 210 63 79 10 57 127 1 16 93 1 145 4 6 4 19 37 53 37 116 8 90 46 70 47 183 2 161 14 7 86 29 44 154 47 21 78 130
0 33000 20 188 35 18 81 101 78 10 97 75 46 17 107 55 240 26 27 42 209 40 52 2 35 8 25 25 76 26 220 58 16 9 15 34 61 114 82 83 99 51 211 8 30 24 9 11 145 55 20 63 58 17 44 47 150 44 356 169 12 6 47 66 39 49 23 1 60 59 41 6 94 65 142 23 81 14 32 66 98 24 126 6 57 56 253 23 443 226 12 5 47 18 166 51 17 3 168 54 480 73 100 35 252 7 42 12 80 125 58 69 86 22 81 86 63 2 34 26 4
0 33182 97 6 52 11 59 96 58 11 87 9 51 68 3
0 33310 4 151 47 25 92 9 51 33 193 50 35 11 114 58 170 47 679 209 37 136 260 57 185 16 3 5 26 31 179 171 387 73 82 21 16 55 14 12 218 28 74 68 33 33 40 53 102 55 482 70 9 19 10 76 120 87 37 3 179 5 66 10 87 23 16 57 55 22 108 31 59 34 126 74 15 5 99 9 14 45 32 25 96 1 247 79 42 66 83 25 32 50 69 36 407 21 2 23 186 24 25 9 206 77 108 173 233 43 85 40 44 18 12 19 67 118 80 19 69 56 24 1 16 83 410 54 267 47 10 26 8 174 86 82 68 44 100 57 22 56 59
0 33347 95 80 15 13 213
0 33518 49 29 25
0 33547 18 53 8 53 166 133 56 147 226 102 301 29 2 16 7 53 47 71 61 6 150 15 35 4 125 45 55 60 24 2 55 23 119 22 33 8 54 1 173 114 325 34 31 13 257 5 11 61 23 29 223 67 9 99 131 3 20 3 280 69 5 55 294 19 174 132 46 55 6 7 14 50 138 10 203 45 5 16 159 37 142 13 7 23 215 37 405 19 51 55 62 194 118 12 126 90 83 14 127 37 11 9 124 2 90 30 219 46 48 53 100 16 81 29 84 5 151 3 65
0 33649 10 13 99 42 48 119 165 125 66 3 6 34 368 55 44 93 15 17 237 89 9 20 89 2 163 40 84 5 133 2 192 27 92 116 112 3 66 1 37
0 33859 107 128 185 68 497 48 41 21 223 24 14 102 153 19 239 66 82 94 75 10 110 99 5 49 44 4 419 39 54 129 277 100 223 48 138 18 637 17 13 35 157 109 327 46 41 30 106 60 124
0 33896 51 51 217 50 62 36 16 35 123 15 52 2 50 162 22 24 243 154 22 34 159 85 55 23 18 11 58 23 292 3 17 94 18 64 79 19 37 42 44
0 34288 70 33 27 179 228 20 37 15 2 61 21 67 54 25 46 2 23 45 155 28 17 89 17 45 133 40 5 33 63 11 36 87 43 1 139 118 178 40 92 45 46 7 229 4 114 10 227 70 148 102 97 164 9 7 95 177 43 64 116 128 83 29 64 97 143 16 105 125 68 69 18 16 109 24 1 105 122 398 263 81 16 86 7 62 56 13 56 105 11 20 49 160 85 36 35 66 44 51 377 15 304 176 33 26 109 145 81 166 14 297 196 40 185 92 97 86 140 16 121 34 118 46 18 17 138 18 56 3 67 27 24 155 107 26 69 117 16 1 74 32 287 36 20 39 50 52 18 25 21 4 255 12 77 36 164 11 45 1 105 13 95 118 271 31 106 53 110 48 9 97 33 69 91 54 41
0 34344 1 12 97 20 212
0 34436 71 99 323 6 42 28 48 44 196 90 140 24 12 13 37 88 4 46 42 32 31 13 246 115 39 63 72 19 42 57 74 87 3 39 72 19 32 19 63 93 239 113 67 42 7 22 19 213 177 3 45 2 63 56 2
0 34698 183 84 60 26 58 23 44 18 7 11 311 39 16 10 130 4 102 44 56 29 280
0 34857 61 126 46 7 183
0 35197 68 50 22 131 29 14 167 67 19 108 55 29 34 84 7 31 195 51 84 82 69 17 198 1 128 14 21 14 117 13 131 104 161 126 7
0 35241 9 2 102
0 35338 5 37 18 60 8 39 268 34 69 8 24 16 64 30 217 14 181 33 273
0 35753 64
0 35852 22 16 172 73 1 27 161 127 20 109 146 63 60 47 12 150 18 1 520 34 45 121 44 125 129 8 156 49 12 81 24 10 3 28 151 7 141 195 2 38 43 83 109 31 71 100 114 95 9 56 86 27 45 92 167 3 150 9 68 29 9 14 13 56 18 5 47 43 2 20 33 45 24 12 452 4 69 82 296 123 101 102 73 10 178
0 36009 242 25 135 31 158 5 33 43 50 7 332 31 8 7 17 53 18 45 160 196 242 90 131 27 43 31 177 3 4 9 14 27 96 6 20 28 38 42 126 22 148 18 40 116 21 12 217 5 15 66 57 62 72 39 74 7 111
0 36081 15
0 36186 215 38 194 41 167 83 66 18 2 278 124 12 232
0 36285 65 99 130 33 225 67 9 73 288 52 54 92 67 26 138 82 182 19 32
0 36410 29 20 60 53 409 3 36 153 226 140 19 178 154 38 154 7 289 5 45 49 61 64 88 96 69 31 11 12 95 164 15 52 222 94 14 13 100 54 163 197 35 105 402 23 57 4 10 19 5 19 68 49 112 74 1 15 252 14 5 12 15 32 131 49 105 44 63 47 43 15 204 2 53 34 35 8 100
0 36704 58 7 97 75 216 11 2 27 95 70 72 2 166 199 210 2 82 139 47 4 75 17 107 1 55 60 10 35 401 29 110 20 21 201 30 33 336 5 25 31 62 20 66 117 37 80 70 9 267 124 47 154 12 258 43
0 36790 160 119 111 24 99 8 322 59 2 1 248 187 210 28 59 4 240 56 17 50 216 4 244
0 37358 223 57 68
0 37862 72 9 180 13 51 41 46 47 42 46 35 66 22 77 5 4 299 83 100 69 68 85 78
0 37927 127 34 74 47 102 52 10 190 51 184 175
0 38060 24 12 13 22 336 6 11 32 179 26 111 66 104 41 89 84 95 5 40 9 147 37 75 28 5 19 61 128 26 65 95 75 33 202 40 68 193 47 43 1 26 7 71 30 86 33 6 31 45 42 58 11 44 26 53 127 23 28 98 158 69 3 52 19 132 38 276 61 38 77 332 16 29 20 276 14 21 146 127 73 74 11 24 48 61 102 76 3 17 4 16 119 210 14 187 9 63 75 96 22 45 67 4 7 66 45 88 23 34 15 13 28 105 81 65 129 128 101 141 18 59 26 177 21 24 31 20 9 9 8 150 17 2 104 92 201 176 29 11 68 303 54 33
0 38237 22 3 24 13 1 7 244 44 24 10 23 114 46 59 67 6 154 99 12 151 226 109 66 38 307 13 142 123 103 55 132 90 11 49 37 56 15 51 16 50 13
0 38299 259 140 48
0 38371 39 106 30 19 6 65 50 29 126 10 48 15 69
0 38420 86 26 333 15 290 18 49 91 12 9 93 11 22 64 164 13 216 38 22 2 210 53 30 94 81 127 23 36 38 7 29 62 6 48 36 122 162
0 38654 33 10 86 58 151 3 29 14 50 46 79 40 192 25 144 98 160 75 164 35 94 118 12 21 79 53 79 188 282 102 42 14 30 220 144 6 311 5 127 3 224 67 16 24 212 9 32 22 119 128 36 13 76 60 3 12 39 82 40 24 252 115 37 92 48 22 101
0 38959 28 151 37 121 27 22 35 68 1 5 56 31 2 122 225 53 242 155 75 87 11 48 8 78 28 120 82 56 95 6 10
0 38963 79 57 67 27 34 143 92 15 110 24 108 79 242 1 23 15 47 70 100 47 1 15 74 45 114 33 46 93 229 21 101 7 40 41 109 179 30 209 61 12 126 188 414 32 123 86 223 6 16 86 194 29 180 25 3 179 153 24 3 11 75
0 38983 19 2 58 108 20 4 51 57 114 14 132 133 157 36 74 72 214 98 22 10 100 4 12 20 456 49 89 86 74 48 176 20 183 16 84 49 41 55 3 83 257 74 34 70 30 14 74 17 163 25 11 5 21 40 51 185 36 64 1 8 46 27 8 96 12 47 157 16 65 130 40 45 121 94 15 56 112 57 10 66 142 61 5 25 52 32 388 69 47 87 59 25 2 43 10 77 169 9 122 15 41 77 65 17 110 78 80 19 251 96 21 73 68 119 84 2 71 5 1 37 60 19 21 5 258 11 18 94 66 8 3 34 81 40 87 10 383 55 154 26 325
0 39107 36 3 86 13 1 28 116 152 63 84 155 87 23 25 6 6 259 21 187 14 264 8 72 15 54 9 87 37 143 7 7 6 100 29 36 98 129 116 145 74 61 16 295 17 109 26 22 17 156 53 206 28 75 8 152 27 5 13 13 38 58 49 94 32 139 41 69
0 39198 178 40 39 71 191 66 22 15 177
0 39447 8 15 68 34 39 60 46 15 33 1 17 54 24 19 66 96 418 24 66 14 12 88 113 1 254 109 108 27 114 76 91 2 72 23 46 29 193 7 75 51 5 91 153 1 32 63 180 10 185 24 142 130 33 4 20 67 338 9 68
0 39728 31 23 33 26 92 34 5 83 60 23 74 82 43 49 40 9 37 68 48 7 19 45 136 29 45 57 506 80 54 4 89 33 10 16 140 24 45 22 154 102 13 52 170 43 94 17 161 179 3 23 5 15 74 84 83 38 73 107 44 102 17 31 11 146 3 12 194 21 33 24 206 112 280 137 51 13 70 6 229 96 4 22 27 124 58 105 39 56 211 16 7 7 79 17 252 18 16 67 92
0 39745 105 61 33 16 219 24 5 20 21 49 100 74 72 45 260 51 21 1 22 11 9 1 12 64 55 24 101 38 46 22 289 62 145 31 93 34 200 58 68 53 98 137 160 9 112 59 33 13 97 1 232 57 72 88 64 14 161 65 107 7 6 76 23 26 11
0 39856 138
0 40094 34 30 350 30 127 12 204 51 83 47 48 29 87 23 22 23 84 84 81 28 68 113 3 8 46 32 21 1 221 97 16 83 108 32 4 22 7 62 138 119 74 56 3 4 144 54 239 17 53 22 51 63 156 15 135 55 33 1 59 20 19 39 69 64 268 80 186 52 76 19 22 31 285 14 159
0 40293 24 40 5 85 15 15 60 1 103 14 45 12 385 4 90 3 203
0 40767 35 78 243 40 141 73 32 4 142 55 17 12 167 179 41 265 195 22 9 8 6 34 104 148 85 28 28 10 41 1 199 10 188 8 127 11 83 30 41 159 49 107 95 28 182 37 35 91 68 79 7 16 1 19 237 5 279 8 85 15 12 6 42 15 231 16 63 45 48 7 62 45 44 33 157 46 317 57 284 15 73 115 283 124 37 8 218 87 30 24 145 12 8 46 18 53 73 124 8 79 301 183 11 84 15 9 127 33 98 18 35 86 122 148 99 34 1 8 92 25 39 165 84
0 40810 84 43 221 19 3 29 44 17 226 176 23 17 56 25 23
0 40884 5 11 30 42 11 99 45 39 140 6 74 44 270 18 160 35 10 22 62 96 231 2 185 172 25 50 143 38 91 72 150 28 7 36 61 33 74 51 110 66 75 52 161 19 67 7 24 16 90 20 8 19 3 60 3 15 166 9 85 42 317 79 41 146 7 2 82 31 91 73 41 60 92 30 249 27 21 64 111 16 107 16 103 50 85 41 174 89 23 6 89 1 29 41 42 23 98 3 3 49 24
0 40916 106 28 77 118 59 15 255 60 321 9 47 118 19 72 86 85 3 13 51 58 36
0 40948 139 4 48 5 213 102 35 45 10 142 142 27 166 34 52 19 3 35 9 22 197 41 147 11 40 159 32 10 8 85 11 14 15 71 64 19 54 54 280 25 125 10 60 20 111 72 23 20 144 72 111 30 7 4 61 15 236 21 102 53 268 3 28 23 62 1 35 7 9 161 155 49 105 47 60 60 141 24 172 50 143 35 123 65 20 11 49 9 2 27 29 10 28 1 207 28 14 7 56 7 122 39 102 6 128 94 11 125 4 28 271 78 30 85 16 51 145 42 7 26 515 19 73 52 221 125 247 53 21 11 222 19 184 26 39 48 84 56 113 15 252 15 250 6 142 114 241 74 39 2 57 9 27 40 69 1 6 8 81 11 219 32 87 25 70 41 176
0 41040 27 7 13 14 1 17 137 11 276 3 244 43 561 49 37 51 134
0 41081 157 22 34 91 56 115 414 37 4 1 113 175 47 27 16 34 67 35 42
0 41131 45 379 39 3 14 141 88 22 119 75 35
0 41611 28 6 332 1 19 12 39 250 77 24 39 34 55 60 31 9 20 63 20 17 29 15 182 6 15 1 106 53 41 44 276 78 132 25 211 126 423 28 19 31 10 100 273 3 19 22 6 29 161 33 48 12 14 80 102 82 202 53 25 82 21 34 162 1 9 37 35 72 74 5 1 81 21 97 33 5 256 45 21 16 89 33 169 1 242 91 8 55 68 31 74 4 120 16 11 18 105 39 173 11 179 56 148 104 18 28 251
0 41733 78 3 299 180 485 18 10 11 50 12 32 1 81 42 12 4 11 8 35 10 103 47 29 122 13 7 25 37 9 16 56
0 41741 99 7 49 14 11 118 50 8 46 13 47 50 163 47 22 34 295 16 39 35 79 30 223 1 163 39 140 104 17 63 78 53 17 7 55 11 215 49 128 12 19
0 42107 102 25 148 110 172 67 498 33 125 91 13 37 3 24 61 35 108
0 42211 9 80 16 38 35 74 175 5 18 10 166 54 17 70 79 8 24 13 54 2 182 45 133 137 196 35 7 35 222 61 5 112 114 20 101 132 67 11 668 3 193 26 99 70 140 39 45 39 20
0 42312 5 60 18 39 173 17 57 1 42 12 70 28 83 4 21 50 2 69 89 1 94 60 81 104 234 81 54 56 60 51 39 9 80 1 53 115 421 56 91 46 34 59 168 230 97 70 54 96 194 12 255 123 253 9 47 76 80
0 42376 32 28 56 9 105 87 24 77 33 16 204 173 25 224 135 2 465
0 42587 44 65 63 98 9 18 18 26 129 91 89 82 141 26 255 74 137 109 7 16 327 72 132 27 48 6 69 14 111 80 140 56 13 47 90 12 34 64 130 44 219 21 483 56 142 25 38 160 59 17 179 197 192 2 65 36 57 40 57 10 35 12 217 151 45 14 150 16 117 20 122 34 9 10 113 3 86
0 42613 25 55 204 65 83 94 112 67 26 54 39 37 74 32 6 3 51 10 78 54 102 18 132 42 43 15 230 46 73 14 207 59 223 37 110 19 57 20 99 13 338 142 37 18 48 10 381 90 386 24 75 37 7 3 20
0 43006 15 212 15 73 76 31 102
0 43158 30 17 34 26 1 56 22 9 64 8 39 18 83 95 178 164 87 5 3 14 237 74 208 33 51 61 104 10 25 13 1 18 117 122 50 149 11 63 50 6 356 31 2 34 94 31 81 87 243 44 129 8 156 114 38 54 47 47 48 17 44 26 74 73 76 63 18 94 90 139 33 54 101 13 13 15 136 52 130 65 37 2 28 95 27 49 110
0 43255 16 4 4 48 60 53 196 16 46 169 64 8 27 17 19 44 118 24 23 13 15 60 76 6 184 192 64
0 43459 149 105 206 1 63 51 156 57 38 94 214 118 19 32 9 23 24 9 20 24 1
0 43465 180 46 112 26 74 23 59 9 299 13 233 116 224 122 71 24 64 59 73 67 14 32 139 34 162 19 19 10 39 19 72 10 56 51 214 43 173 67 24 42 33 121 85 94 36 51 126 41 82 8 76 53 35 28 140 25 174
0 43467 14 43 87 11 36 20 98 9 452 223 90 5 285 86 280 188 453 65 29 58 45 39 42 2 33 2 38
0 43528 176 22 10 8 231 9 8 30 136 67 530 232 41 195 45 26 114 55 33 115 464 30 13 9 103 69 65 61 74 7 80 5 260 88 15 51 176 104 1 13 21 41 187 7 3 11 132 9 20 3 348 201 200 4 24 21 142 9 140 19 275 127 97 65 148 15 5 57 182 49 14 3 751 23 195 48 15 59 219 10 40 14 56 16 254 19 7 15 121 57 72 97 11 25 26 85 105 189 11 19 206 15 285 72 42 49 184 7 388 21 54 1 72 31 118 32 108 11 53 29 132 101 149 107 55 52 410 205 159 87 47 12 8 57 103 29 33 87 68 61 95
0 43881 5 33 3 35 30 98 47 39 3 20 13 77 32 4 31 87 108 337 129 22 112 76 33 54 64 11 59 100 4 55 6 23 153 36 136 44 164 12 12 34 71 12 40 5 13 26 104 179 10 28 134 103 129 67 69 34 236 32 32 6 246 25 162 85 73 118 64 11 93 10 65
0 44026 94 81 249 100 101 38 26 47 114 14 35 42 100 61 152 240 36 123 53 218 333 8 22 13 119 183 210 33 7 138 106 44 145 26 138
0 44259 173 29 13 11 54 111 27 77 42 47 3 137 89 15 128 2 29 32 127 43 1 40 253 32 2 137 76 68 301 10 128 94 108 17 235 65 257 37 76 10 35 5 53 1 15 107 103
0 44265 4 239 13 56 136 43 176 21 35 14 54 108 1 71 20 62 35 48 36 130 73 10 113 33 14 1 21 20 1 84 113 4 41 113 32 172 18 5 35
0 44292 2 69 17 47 68 14 130 2 71 11 31 115 26 36 146 47 114 6 39 76 85 24 139 64 1 260 116 30 13 97 46 7 1 19 50 35 37 33 48 57 2 19 257 66 154 1 8 42 15 35 80 4 70 58 147 48 147 17 63 16 106 64 29 98 72 5 35 13 162 36 34 70 61 74 151 81 192 54 128 96 2 41 109 90 113 52 147 110 223 22 14 38 76 112 61 21 164 26 34
0 44445 82 22 12 4 133 38 80 41 26 6 272 10 93 92 325 7 39 18 62 176 7 19 347 15 8 70 31
0 44499 56
0 44660 15 19 25 17 66 128 23
0 44721 70 133 39 1 37 9 90 8 309 12 49 58 31 125 1 67 28 74 42 1 82 35 26 138 73 52 24 69 27 12 91 10 31 157 144 20 13 12 65
0 45060 9 29 178 144 42 284 77 5 44 36 135 63 99 96 7 3 171 29 36 184 192 61 71 7 117
0 45206 22 28 10 3 60 33 127 53 50 7 288 109 76 4 64 51 142 37 4 27 1 2 1 81 184 15 7 103 213 10 169 14 87 28 18 107 9 120 158 19 35 47 239
0 45224 310 23 16 19 84 24 46 1 119 58 188 156 60 46 12 12 234 13 85 284 2 35 100 45 174 3 112 85 48 20 24 10 156 56 61 108 12 132 131 7 192 36 40 20 173 43 10 83 14 148 40 47 73 3 113 36 152 85 36 64 35 18 232 53 299 67 40 18 32 84 213 80 255 35 1 38 150 41 115 83 54 54 168 2 18 4 151 84 170 89 99 58 157 8 87
0 45384 52 4 36 5 8 14 30 62 124 22 140 53 84 2 41 34 208 54 110 94 109 9 195 4 156 28 234 25 19 33 64 26 580 93 76 86 143 102 3 54 66 47 256 100 68 1 53 17 77 57 17 6 60 70 80 54 33 35 268 37 146 41 107 49 75 9 99 44 41 37 144 22 275 9 26 21 146 1 10 16 168 1 25 22 90 94 156 91 253 58 144 35 107 92 17 59 13 51 101 10 26 58 33 18 147 5 163 8 34 87 155 187 25 41 107 18 2 82 17 21 130 2 20 111 59 2 97 4 127 5 112 11 124 6 219 100 28 199 131 30 83 2 304 113 219 41 99 66 215 8 172 1 145 12 43 212 53 27 676 69 8 58 177 21 3 27 295 49 58 6 25 49 20 25 234 32 22 39 21 32 41 95 150 69 4 22 104 48 88 108 3 159 204 46 39 6 124 4 112 75 165 47 9 60 53 43 340 30 79 32 6 45 62 117 27 39 95 97 143 9 567 28 293 6 30 56 209 37 25 41 21 179 232 14 65 1 21 13 185
0 45480 11 54 215 40 12 19 230 2 123 2 206 15 97 43 425 34 68 28 38 75 134 95 32 25 8 86 10 14 13 13 147
0 45637 50 46 76 7 416 36 239 103 5 25 38 45 64 9 233 52 352 15 66 51 160 26 40 53 7 104 75 66 120 31 372 61 17 27 147 74 31 3 204 3 60 39 79 4 67 67 12 13 141 66 113 17 145 18 113 18 12 4 214 111 165 49 51 21 13 53 409 45 97 22 104 43 11 20 1 70 68 14 62 51 108 49 77 127 15 85 5 60 82 95 361 95 67 2 363 37 162 69 73 53 115 87 67 60 40 17 482 198 46 94 126 45 198 23 266 29 32 72 130 69 108 64 58 32 103 103 127 73 32 1 160 42 19 232 155 195 91 158 185 38 33 82 3 25 133 21 78 2 4 8 278
0 45749 131 20 128 3 209 32 4 68 75 5 181 3 60 184 4 18 138 176 145 7 16 6 53 1 61 11 13 51 108 22 12 47 192 65 61 31 94 59 187 18 63 31 49 3 319 54 67 105 211 9 455
0 45888 128 133 17 177 71 44 113 33 197 11 54 54 140 21 330 2 91 64 368 34 551 23 25
0 46591 16 8 132 6 8 110 177 22 13 4 104 59 12 31 28 41 241 31 25 53 17 53 40 29 158 236 74 21 21 204 92 22 70 95 46 14 34 28 171 8 36 132 4 62 252 39 33 3 49 34 32 16 24 30 415 4 126 19 112 22 190 15 159 10 57 48 36 61 63 108 94 8 67 27 16 45 115 40 18 119 23 157 101 53 20 14 9 84 163 25 71 8 68 118 22
0 46612 235 42 129 21 26 13 128 9 5
0 46623 117 16 59 35 436 64 200 3 1 16 217 37 58
0 46728 34 10 54 8 80 21 62 163 11 7 48 101 32
0 47040 197 28 33 108 107 157 25 1 18 3 20 65 102 105 120
0 47255 35 134 191 8 251 79 176 51 4 30 73 22 19 30 47 29 89 38 95 41 58 19 117 40 305 13 102 54 476 16 180 1 43 6 2 96 260 151 28 90 15 29 82 84 326 67 89 44 72 9 61 55 107 259 98
0 47364 54 1 97 13 88 3 150 19 189 109 10 37 257 60 279
0 47368 238 50 186 6 80 7 138 68 37 210 103 88 69 24 168 85 15 9 30 12 135 136 235 189 40 18 37 60 33 76 69 57 60 51 40 47 258 7 41 4 25 2 137 5 128 97 58 33 36 57 56 37 147 23 30 206 490 7 23 46 152 8 5 9 164 41 23 49 244 16 226 123 513
0 47727 164 57 81
0 48102 90 25 34 39 333 143 85 22 75 20 37 180 76 44 20 62 171 57 136 26 53 31 374 104 377 45 20 9 17 61 44 120 5 52 59 8 215 79 17 7 446 104 4 11 64 28 9 22 38 90 18 78 50 53 113 47 13 11 59 245 10 41 49 28 3 40 99 29 192 66 91 55 81 25 78 81 74 5 197 42 9 42 34 17 92 137 68 13 36 28 70 60 77 19 39 108 166 59 2 23 28 202 39 70 56 64 35 3 18 45 49 6 14 42 76 18 54 138 56 207 189 7 31 16 187 17 87
0 48211 35 83 114 188 22 16 197 3 177 2 70 15 46 19 18 11 48 6 107 2 46 22 25 27 252 18 100 10 31 22 185 10 63 4 1 23 96 103 126 36 269 99 13 9 32 20 105 32 44 28 53 87 220 45 69 159 359
0 48258 21 14 74 7 16 89 145 18 5 46 40 5 29 110 103 22 9 106 155 121 93 85 197 86 7 13 163 4 14 211 82 1 682 16 174 9 115 17 15 30 44 20 5 104 397 83 106
0 48403 4 30 74 155 74 52 102 73 67 5 73 72 61 18 11 28 111 17 676 101 12 13 22 81 133 25 43 110 311 30 21 53 94 35 55 5 41 6 102 99 157 21 127 66 21 6 97 27 51 100 168 59 31 69 33
0 48662 103 72 5 98 2 80 52 43 234 17 75 12 12 23 95 5 161 249 511 2 30 156 164 66 52 126 59 152 14 90 277 3 35 7 13 60 17 10 160 14 254 7 130 19 127 11 29 19 3 40 228 117 797 63 29 10 145 348 40 32 191 1 170 6 59 13 33 138 14 20 4 95 221 9 44 42 26 38 201 49 218 8 136 3 169 72 63 50 33 45 41 13 3 111 1
0 48798 4 26 23 37 38 29 37 17 280 72 25 16 56 48 14 219 476 45 68 142 89 54 151 26 180 23 9 12 104 46 75 46 13 36 54 27 24 41 31 1 115 67 224 21 31 3 110 15 3 21 217 8 201 18 156 47 60 48 310 34 229 19 43 117 81 28 19 68 29 33 44 134 258 37 130 31 176 95 231 72 25 192 57 57 35 1 21 47 431 9 86
0 48876 124 3 4 122 137 21 286 22 64 75 118 22 2 86 14 41 105 59 245 20 28 10 102 57 196 2 133 19 193 44 74 124 166 1 38 46 584 1 195 81 142 4 135 143 40 135 76 4 28 58 128 75 40 34 52 16 156 19 98 21 66 93 29 22 157 23 194 25 9 42 187 12 107 6 97 19 65 28 388 117 319 9 60 106 1
0 48955 39 20 106 7 4 4 2 145 19 4 78 81 25 178 9 11 121 113 64 38 38 27 62 51 98 22 15 33 28 121 213 10 403 41 21 33 104 40 45 11 5 37 411 75 31 48 287 62 56 13 213 6 305 15 56 28 405 3 123 24 56 7 63 44 37 21 121 64 21 45 173 90 133 5 11 53 27 8 142 59 24 14 7 31 62 78 105 17 73 178 107 17 229 135 53 21 102 75 11 24 21 80 42 66 26
0 49060 70 110 35 30 421 39 65 69 71 54 26 19 80 17 108 17 77 12 321 7 150 10 262 1 46 56 432 27 228 9 32 32 186 116 14
0 49141 152 71 322 31 88 11 115 64 233 238 78 32 48 27 99 102 150 76 145 9 54 109 243 79 57 7 115 8 193 119 44 27 94 76 86 53 46 172 72 24 159 3 41 41 102 56 178 32 13 30 63 13 53 161 18
0 49164 39 11 63 44 40 69 212 66 298 5 89 19 431 74 45 67 39 8 155 19 11 1 191 164 106 33 107 51 82 14 86 57 94 51 90 58 269 24 49 97 67 48 25 17 91 40 32 49 1 119 26 240 10 44 58 69 59 3 17 1 31 43 8 10 15 67 13 24 159 39 67 106 138 16 70 21 4 18 17 31 155 3 219 275 49 6 188 29 16 14 13 52 80 64 269 7 153 205 2 33 63 98 53 23 181 48 18 39 123 12 52 56 104 105 205 1 99 35 15 46 88
0 49186 45 47 61 35 28
0 49345 41 77 16 13 252 12 56 34 160 6 105 151 4 47 6 10 113 3 21 52 37 71 83 199 95 25 71 5 152 59 3 251 19 42 12 103 64 56 199 1 12 80 35 51 8 18 48 3 178 47 23 1 11 127 81 24 119 24 79 2 74
0 49347 130 143 49 30 171 43 75 35 271 32 62 31 288 18 73 37 469 68 9 111 155 186 65 59 103 30 96
0 49494 73 72 21 71 180 9 250 29 61 37 37 5 138 163 96 47 19 201 172 19 163 32 14 1 50 14 344 19 32 42 54 10 21 35 496 8 78 32 21 23 268 6 107 14 36 16 44 6 3 150 25 52 141 18 26 12 38 79 123 24 83 40 204 17 53 84 66 20 28 3 29 49 81 27 69 5 34 85 16 42 83 139 110 96 34 72 3 271 344 4 32 5 104 72 25 30 92 80 50 48 183 57 11 1 491 24 97 45 27 7 44
0 49593 145 69 12
0 49628 21 15 208 11 6 62 267 37 30 95 2 4 51 108 60 10 122 68 112 20 36 29 159 56 61 98 69 85 96 15 299 72 138 13 10 40 108 87 43 66 74 26 46 54 111 44 12 63 15 17 111 40 10 111 179 219 79 23 71 42 15 24 19 17 277 8 136 7 49 53 408 52 47 6 90 10 95 118 152 24 5 35 178 22 380 86 111 2 12 91 4 21 33 56 10 38 28 111 143 5 303 68 5 93 50 47 400 10 260
0 49755 322 20 9 11 30 53 293 55 171 175 133 149 42 79 81 275 86 61 9 124 99
0 50096 627 32 444 221 65 90 208 18 24 1 7 7 85 25 15 28 451 15 90 4 53 144 9 210 1 37 68 16 9 2 78
0 50747 132 17 207 15 176 83 20 78 14 62 2 36 31 52 88 59 31 39 14
0 50775 49 5 56 26 122
0 50968 4 192 367 37 100 13 128 38 66 144 80 71 82 37 85 23 124 48 2 159 20 13 57 34 67 9 343 24 39 28 218 60 45
0 51040 46 148 278 26 110 9 52 47 12 137 27 27 130 5 12 88 119
0 51433 245 117 176 71 196 52 358 2 362 13 90 53 49 69 70 27 1 35 260
0 51826 258 24 3 49 4 64 46 10 35 86 3 22 14 95 34 28 139 13 157 51 22 15 42 25 135 48 37 127 197 28 17 28 5
0 51992 83 32 104 55 5 58 221 35 6 69 63 87 51 23 11 46 146 50 13 145 146 163 201 6 17 32 2 123 90 5 34 197 9 7 79 27 44 51 2 56 186 47 94 72 47 98 278 6 411 35 168 14 67 32 9 31 199 171 25 70 282 56 33 35 178 19 299 31 14 18 102 12 26
0 52038 70 194 25 83 354 52 117 54 7 4 260 42 190 14 29 17 59 73 225 14 59 134 39 64 124 8 324 3 45 82 5 62 40 10 9
0 52141 10 18 129 47 115 3 89 30 71 3 20 4 10
0 52166 189 90 21 64 475
0 52196 60 33 2 3 9 44 180 10 462 23 20 6 20 89 105 17 16 12 34 73 100 93 227 58 2 3 63 118 174 5 39 185 44 68 6 76 11 4 112 93 72 61 426 26 204 11 3 51 241
0 52219 72 48 7 48 113 54 45 45 152 4 13 94 60 11 18 3 154
0 52383 31 154 10 31 212 138 18
0 52497 315 37 92 25 66 141 57 83 213 80 302 31 9 9 14 6 76 8 168 40 153 26 37 29 486 56 223 64 26 1 131 68 36 2 152 12 67 10 96 12 145 21 13 57 278 9 228 10 6 20 47
0 52833 92 3 177 27 137 26 48 2 39 16 62
0 52993 26 117 164 72 312 98 54 125 107 21 59 26 8 16 3 4 178 39 8 42 80 81 28 39 95 36 14 32 180 27 84 76 69 35 29 32 79 56 151 61 85 25 9 82 69 4 23
0 53093 77 86 44 54 65 158 58 51 77 23 24 113 13 126 19 163 81 35 360 34 10 7 61 317 35 22 26 73 28 88 198 13 117 7 72 22 13 42 106 58 246 98 123 135 11 68 69
0 53135 103 78 58 5 152 88 52 105 97 13 14 15 137 56 306 105 107 42 237 63 330 9 183 51 79 115 292 15 21 2 36 52 6 27 46 26 15 121 1 34 40 1 71 24 103 2 61 17 29 83 29
0 53263 205 7 380 134 7 9 78 23 118 127 40 30 123 44 332 95 5 32 43 20 101 125 308 48 164 16 83 42 42 54 146 9 7 86 74 7 105 247 198 40 25 13 20 10 82 3 114 20 200 89 21 37 63 267 1 163 71 1 39 3 38 51 142 187 7 1 49 4 47 16 31 43 121 42 56 86 142 102 45 33 92 58 18 73 225 100 293 12 65 94 156 9 60 5 129 4 15
0 53476 6 38 115 19 69 20 11 2 7 9 9 181 113 50 100 123 3 17 26 55 59 14 28 70 146 90 119 3 284
0 53568 99 40 96 37 146 40 41 6 17 58 9 59 11 240 34 138 3 63 23 59 154 83 7 144 140 128 245 47 121 23 167 33 160 6 12 50 72 15 34 51 9 143 273 149 106 59 240 35 94 24 176 25 25 21 246 16 80 68 154 19 80 37 108 30 16
0 53707 98 58 216 39 47 13 15 7 202 106 286 8 469 10 78 64 151 134 317 34 81 76 102 61 156 303 40 57 101 7 25 5 42 6 16 200 142 28 53 10 2 41 173 30 43 76 215 68 151 1 189 50 265 129 150 94 291 85 6 52 147 35 26
0 53843 245 2 5 22 90 97 21 38 63 38 2 26 58 48 31 4 244 122 228 19 68 71 45 14 29 12 12 18 51 178 407 6 78 4 255 34 63 89 56 27 15 99 121 93 115 5 103 63 4
0 53941 107 31 85 48 86 21 87 4 312 37 107 1 126 80 117 3 12 57 74 14 5 83 390 24 52 35 129 126 376 34 2 16 56 177 168 61 71 44 109 119 85 53 283 67 219 21 215 110 244
0 54165 19 167 104 22 64 17 59
0 54387 56 6 6 16 49 16 13 15 87
0 54426 86 8 60 65 2 25 32 10 190 61 55 11 54 119 27 281 163 92 675 34 131 17 153 6 15 40 233 96 55 2 148 9 496 6 53 8 54 17 15 71 90 2 229 27 56 4 32 194 89 38 28 11 101 179 355 78 14 32 17 6 19
0 54579 100 71 355 8 164 13 11 1 231 34 6 36 130 82 107 44 14 72 6 58 138 21 4 33 317 10 121 68 171 78 407 27 47 2 6 94 49 97 45 131 105 21 116 12 227 31 100 18 1 39 204 29 215 56 15
0 54588 25 43 140 20 107 60 46 22 152 41 16 18 45 15 88 63 56 125 71 12 1 75 44 10 22 80 88 172 105 34 276 49 224 10 193 160 33
0 54595 88 7 257 180 143 19 99 11 112 58 67 20 172 26 283
0 54752 15 245 150 50 244 22 197 6 41 47 126 5 79 72 89
0 54762 41 139 4 104 18 54 44 13 129 2 40 94 92 118 100 12 15
0 54924 64 177 47 112 39 31 122 14 29 14 42
0 55000 80 71 345 7 218
0 55112 7
0 55299 86 132 94 3 71 12 179 34 14 49 89 46 97 47 89 91 97 101 245 63 283 116 355 3 124 52 204 5 169 8 74 97 150 1 27 41 6 63 44 34 152 11 175 1 118 45 11 174 139 43 242 15 103 68 285 18 146 23 20
0 55607 68 6 7 76 230 30 27 149 19 36 68 60 355 16 216 6 14 45 27 32 72
0 55608 15 10 37 11 29 47 13 5 155 87 207
0 55787 124 28 151 33 12 102 42 8 57
0 55823 63 54 107 66 12 20 85 7 162 28 26 246 46 33 112 154 146
0 55825 72 58 4 24 2 39 147 12 71 66 116
0 55967 37 47 98 33 259 108 47 66 11
0 56007 59 14 52 14 58 3 435 73 90 3 39 37 42 95 215 8 59 81 116 25 119 47 269 43 95 96 49 91 307 24 128 39 108 90 417 43 206 3 28 5 154 43 78 24 68 29 123 7 30 4 120 19 85 48 6 41 156 26 81 8 42 3 13 46 57 20 8 2 88 97 3 36 65 3 7 20 64 24 42 41 79 35 469 122 101 97 259 6 274 106 21 39 56 91 104 125 130 36 11 1 36 77 31 15 43 9 162 21 161 76 32 20 87 30 168 139 95 32 54 275 16 97 249 67 89 37 23 7 57 51 112 61 168 25 116
0 56487 75 51 4 252 844 11 45 50 4 44 27 89 120 128 25 111 175 16 90 9 114 38 29 24 50 26 836 108 91 4 107 42 4 1 350 16 15 2 117 49 174 23 39 77 138 14 28 32 23 96 401 64 191
0 56544 81 10 306 73 53 7 132 98 18 26 224 8 74 69 31 39 4 57 80 16 211 76 101 34 114 33 407 165 156 106 126 8 116 43 61 17 184 9 33 35 183 1 189 71 83 99 63 83 403 112 188 65 71 13 35 8 152 62 47 10 92 36 58 23 238 11 1 143 172 14 89 108 40 1 67 19 86 10 13 69 103 46 65 22 38 19 194 2 112
0 56574 73 13 32 13 165 87 98 40 31 7 73
0 56575 168 44 11
0 56864 80 52 212 95 51 49 38 65 239 19 2 22 52 17 1 116 79 2 2 67 117 134 7 79 6 1 52 1 87 38 42 73 136 64 23 1 29 8 22 72 68 6 46 43 30 82 322 58 315 25 6 9 1 16 266 43 91 49 36 33 37 22 167 184 51 94 95 10 90 37 4 3 70 39 87 92 66 97 53 14 345 59 85 44 122
0 57387 79 27 130 166 21 47 28 1 263 15 12 46 74 73 11 64 14 100 39 23 82 24 88 65 299 66 71 6 61 32 19 66 7
0 57408 40 22 23 51 229 42 105 16 17 97 97 38 77 144 151 33 186 35 127 29 79 19 21 22 116 31 160 61 61 124 6 6 201 31 30 48 7
0 57449 4 245 89 26 58 2 121 75 62 7 63 1 116 115 64 30 74 41 1
0 57553 71 61 2 6 131 49 21 4 87 14 370 51 341 86 263 29 8 92 1 35 507 16 199 10 104 6 50 24 41 194 58 53 14 38 11
0 57568 17 74 8 283 111 23 96 69 137 127 40 15 45 73 24 128 237 78 45 6 77 34 107 14 151 50 141 23 247 128 27 79 42 30 78 50 138 110 212 74 30 58 72 28 40 21 67 20 475 3 90 159 3 156 30 63 76 27 395 21 281 26 54 11 78 113 13 5 73 88 1 27 189 206 142 38 118 165 91 3 63
0 57710 55 28 10 5 20 49 396 27 99 55 64 166 39 37 201 21 2 6 17 78 54 66 19 7 145 18 25 40 16 37 27 20 100 1 203 15 15 28 23 50 9 79 313 10 25 153 30 268 24 11 168 3 93 13 88 9 184 10 69 58 162 85 143 94 36 43 172 42 60 22 81 40 122 44 147 10 84 20 56 85 159 74 21 56 161 22 21 26 98 6 175 47 109 117 75 66 99 73 13 4 273 4 58 34 248 208 39 37 88 142 155 21 170 4 182 127 450 78 59 3 305 21 242 12 35 124 169 38 59 64 293 8 15 191 115 36 1 6 20 93 13 15 95 4 706 83 64 253 156 131 64 143 136 61 56 7 252 38 111 39 99 101 11 33 50 4 33
0 57993 168
0 58301 3
0 58322 184 76 114 11 166 6 33 27 134 20 199 41 27 30 15 43 177 68 7 97 130 10 163 30 84 101 115 64 115 84 27
0 58437 86 2 286 4 12 7 9 26 1 92 165 55 112 18 54 38 290 128 5 255 94 32 171 153 29 8 244 10 64 146 4 113 41 113 38 40 42 21 207 122 388 85 2 82 182 28 116 19 17 28 60 98 38 48 5 42 56 107 71 84 103 88 150 65 33 9 56 55 28 47 189 11 43 10 116 58 39 68 263 11 55 70 49 38 60 92 67 130 147
0 58619 97 155 95 78 31 165 8 15 33 74 125 10 44 33 141 34 95 54 62 29 80 49 51 42 31 1 167 15 87 42 85 7 53 55 44 115 180 41 348 2 130
0 58659 129 7 101 30 11 3 155 13 24 24 41 37 23 3 54 33 65 7 26 31 25 17 76
0 58788 133 21 25 1 14 7 48 244 82 73 237 13 108 41 173 8 165 275 74 23 79 18 92 78 91 73 8 1 46 120 9 72 50
0 58883 72 160 25 9 25 2 96 53 186 72 61 5 65 123 38 119 93 14 87 37 14 211 73 24 235 78 19 41 276 71 19 7 2 89 100 65 153
0 58897 37 102 217 48 14 37 118 121 51 74 205 70 13 63 15 5 37 143 274 16 42 31 286 62 4 73 78 2 4
0 59010 155 10 179 52 6 73 89 22 27 15 17 8 63 7 43 76 80 157 21 141 110 3 16 7 21 38 60 26 2 61 17 98 245 187 368 98 21 12 20 82 123 110 176 44 41 46 210 123 376 172 47 27 55 67 5 59 25 44 19 70 62 8 47 38 38 143 78 127 83 1 61 36 14 64 30 83 393 54 1 21 11 12 217 27 84 34 93 49 323
0 59197 159 18 341 17 70 93 6 19 52 97 28 133 51 21 30 8 213 22 76 17 75
0 59360 198 69 134 14 234 9 52 63 551 51 52 43 68 1 290 47 51 134 14
0 59443 26 6 61 43 1 18 150 23 113 74 98 53 50 2 187 18 111 107 94 86 84 78 6 21 38 35 401 18 33 19 251 15 5 17 39 18 64 22 166 39 8 6 9 32 31 10 50 10 178 105 211 91 107 1 40 185 96 117 115 11 143 183 56 62 364 13 134 28 162 76 104 31 104 98 47 20 24 82 142 7 516 2 313 79 72 132 73 92 34 29 100 31 171 17 97 62 30 27 92 13 25 168 235 11 174 53 14 11 30 11 59 10 185 27 75 374 44 39 81 12 40 81 118 34 236 18 217 76 71 28 14 12 32 105 8 34 93 17 53 25 6 2 101 26 34 4 70 4 40 14 11 8 7 2 64 67 90 27 78 17 24 183 69 46 164 133 1 14 219 15 14 20 114 52 73 74 92
0 59488 246 1 28 51 86 7 80 22 1 133 17 75 151 38 58 53 161 7 4 55 33 4 63 58 40 42 31 91 20 91 25 6 271 17 26 108 140 48 64 69 520 4 19 98 184 19 54 29 42 26 225 9 55 96 22 122 232 79 127 68 161 31 220 1 78 18 39 25 184 49 30 59 8 7 57 43 247 23 116 125 282 25 90 212 106 23 34
0 59500 76 17 173 56 25 3 78 104 188 15 60 84 213 37 89
0 59545 155 115 82 139 42 1 228 19 47 35 125 30 102 3 12 86 164 30 69 22 33 9 150
0 59777 23 46 143 8 30 201 14 57 376 109 85 10 38 56 5 63 125 86 34 131 53 25 75 4 38 64 263 37 95 2 50 31 3 31 60 41 24 53 49 8 33 16 5 25 20 67 89 51 35 60 23 40 277 52 93 28 33 101 71 26 131 98 30 27 20 50 57 27 25 28 105 3 8 16 111 28 14 64 117 15 158 86 143 90 372 18 86 54 57 6 5 71 42 47 156 60 106 13 21 25 6 76 77 52 9 111 176 10 46 63 153 49 21 156 11 41 1 10 32
0 59852 12 2 48 38 148 7 93
0 59917 16 15 83 112 8 13 62 153 127 22 128 124 21 65 92 117 69 44 36 29 165
0 60248 6 108 7 6 25
0 60330 40 35 238 13 268 10 37
0 60857 194 26 17 55 65 37 191 20 72 13 237
0 61041 198 25 87 2 93 114 35 54 37 19 115 11 116 46 27 5 15 16 57 35 3 10 120 47 43 7 9 147 99 83 67 39 13 16 12 40 108 73 152 24 34 42 20 104 3 39 22 9 65 2 52 34 54 41 312 118 18 19 72 12 59 23 46 2 3 39 59 28 15 9 200 13 27 152 69 2 147 10 32 19 85 45 15 45 150 24 4 2 77 119 274 100 51 6 81
0 61285 249 27 161 8 16 162 183 62 67 47 87 14 421 113 46 53 113 70 56 71 35 6 65 38 51 23 12 2 7 187 7 53 110 39 71 27 130 20 15 62 35 23 79 60 40 2 213 74 168 61 55 62 71 15 140 25 195 69 1 80 263 43 25 15 61 7 99 17 38 2 4 156 192 29 219 6 40
0 61312 260 95 60 1 21 92 9 59 65 72 65 156 45 36 126 21 73 35 80 19 143 37 21 29 66 25 51 59 1 136 26 42 58 60 55 6 139 11 84 4 56 1 17 40 25 35 187 10 84 118 172 105 290 10 49 31 52 42 12 37 164 18 21 3 77 21 21 66 353 10 15 34 91 17 85 35 73 26 54 20 362 20 55 6 117 51 67 139 364 30 46 3 18 21 27 142 30 2 241 4 120 237 5 28 128 41 498 148 13 67 3 53 29 83 48 85 64 17 78 7 229 51 152 2 131 42 136 2 74 116 4 43 88
0 61759 101 98 285 53 325 199 81 99 256 44 256 39 135 42 36 2 109 106 145 108 35 8 26 6 173 39 85 14 67 96 35 74 141 41 132 33 36 58 12 19 142 88 15 12 78 26 135 20 212 27 14 38 29
0 61891 376 5 47 14 94 33 40 125 156
0 61940 128 9 55 18 188 143 155 72 55
0 61966 29 72 61 12 191 52 74 35 18 41 178 56 202 113 11 54 115 14 464 182 9 69 42 72 62 47 89 4 78 9 46 25 10 10 3 127 120 2 67 57 213 39 136 37 121 88 26 64 564 97 111 53 80 37 17 13 122 5 171 77 64 14 13 62 149 12 64 9 17 15 1 53 37 32 57 240 154 22 433 29 67 52 32 21 345 57 344 175 4 46 84 6 375 28 140 22 52 40 75 7 274 11 503 101 264
0 62080 50 103 192 4 38 41 57 35 208 68 9 27 51
0 62543 7 25 190 192 224 47 435 51 290 39 38 43 42 1 20 8 16 71 54 169 37 46 5 104 108 97 8 24 93 28 118 72 348 50 133 43 27 30 42 9 67 30 53 12 147 99 17 163 95 126 116 7 42 29 146 51 29 214 234 93 109 1 21 93 173 4 205 22 192 19 24 90 12 8 148 19 438 34 83 78 83
0 62566 37 44 39 16 146 90 121 4 49 32 249 2 370 56 19 5 40 80 21 60 63 34 53 9 38 3 86 137 77 12 221 2 445 26 168 99 48 6 2 73 240 56 114 9 183 215 134 1 4 103 292 109 23 60 2 41 135 1 12 5 62 86 20 15 58 42 69 103 78 16 97 9 177 132 252 61 28 94 45
0 62630 132 123 135 3 23 28 88 23 151 13 160 2 97 4 70 11 278 9 21 27 95 16 47 123 57 94 43 44 40 5 211 52 21 60 30 61 9 81 263 60 29 24 183 2 125 61 92 80 55
0 62632 116 24 40 52 40 53 1 153 86 9 44 104 17
0 62677 184 35 74 13 24 51 123 62 11 88 57 42 14 88 16 36 209 12 188 62 134 144 40 18 42 12 106 6 245 45 83 14 447 74 66 11 3 28 57 61 12 3 203 12 32 6 221 8 288 114 118 126 106 118 140 14 50 132 202 14 10 2 29 36 16 19 132 19 28 81 92 3 116 27 101 19 324
0 62940 137 34 222 43 56 37 57 15 66 24 21 233 40 1 2
0 62954 203 12 5 18 80 34 49 78 303 65 248 1 25 19 54 118 124 154 419 17 153 112 374 45 84 4 4 30 141 137 29
0 62992 166 58 31 16 169
0 63194 72 22 146 27 146 124 95 105 119 7 47 178 104 5 181 1 1 20 125 26 19 55 10 5 55
0 63209 10 25 123 9 8
0 63396 98 24 255 27 38 38 138 51 62 36 132 91 177 23 111 38 102 8 37 26 151 81 130 3 244 16 225 89 29 14 41 10 12 44 112 25 7 38 212 3 189 80 1 74 71 157 130 46 122 26 22 90 160 71 89 51 21 76 35 3 21 4 94 7 7 83 8 30 304 89 88 51 213 15 377 26 135 41 19 32 143 52 159 31 243 32 6 59 178 28 57 5 249 16 45 19 175 35 175 9 197 20 194 7 132 53 10 28 128 22 100 5 75 14 35 15 334 62 48
0 63463 26 39 69 30 210 34 52 74 78 11 45 100 177 32 63
0 63501 55 17 26 18 64 46 132 94 76 35 295 8 402 201 195 12 75 88 115 20 227 123 11 18 5 46 294 16 67 6 8 1 98 173 11 40 11 99 82 6 154 171 39 4 76 11 25 22 81 2 95 32 53 12 216 127 36 126 274 8 5 21 60 36 6 6 4 16 85 6 33
0 63702 27 43 90 23 89 45 186 86 25 51 2 1 204 20 224 33 184 59 24 22 271 24 62 16 24 41 97 28 256 10 197 65 39 3 201 8 136 8 80 47 67 13 18 18 40
0 63953 91 48 81 28 455 6 52 1 95 20 37 3 129 36 119 3 25 42 1 63 134
0 64424 137 47 25 78 67 10 101 14 59 16 122 2 19 26 92 73 10 14 140 36 157 32 9 103 54 42 146 140 59 24 281 24 10 30 59 86 6 87 95
0 64425 8 41 141 61 119 9 26 120 25 9 139 47 10 51 405 16 438 37 18 126 3 5 47 110 71 39 30 92 266 9 9 63 22 45 106 88 98 6 17 139 432 109 390 91 44 106 61 10 170 96 86 107 6 38 36 38 322 10 13 22 10 100 108 47 25 28 51 101 228 18 228 144 5 33 144 50 50 32 3 24 360 7 164 39 16 65 215 14 10 34 49 37 86 86 143 38 41 26 13 100 113 18 46 24 185 37 155 33 8 32 19 29 126 4 62 24 49 107 59 4 176 38 16 91 27 66 104 33 99 19 36 2 44 64 229 138 469 59 95 172 83 5 135 9 98
0 64619 27 63 288 22 16 42 269 142 133 71 32 242 13 66 53 2 54 42 229
0 64721 111 4 116 81 19 42 213 72 191 85 20 53 79 111 144 4 21 96 56 14 11
0 64815 94 58 111 27 256 33 175 24 15 19 114 44 5 28 75 12 41 46 215 96 55 56 29 45 140 26 18 14 193 11 52 33 91 2 27 14 59 18 32 12 83 38 43 38 106 27 38 12 58 96 26
0 64893 51 108 127 20 33 105 12 57 226 52 28 41 24 13 326 22 3 11 38 54 35 62 15 14 41 73 209 5 50 22 60 51 295 2 70 27 4 89 35 86 29 14 5
0 64918 112 111 18 37 53 43 48 21 76 28 6 25 22 58 187 2 17 90 104
0 65030 64 43 13 50 16 1 206
0 65267 165 8 182 48 78 63 63 52 187 106 36 4 38 84 82 57 43 2 190 15 713 7 57 18 9 32 176 2 79 61 154
0 65308 272 52 118 29 22 87 77 62 71 234 224 48 27 163 265 104 1 2 154 9 176 64 3 96 13 23 56 20 301 8 172 14 15 32 97 45 255 15 62 66 47 10 107 82 30 23 22 19 125 5 99 41 7 22 83 65 318 13 44 21 37 3 39 33 163 6 1 11 32 31 274 58 97 15 2 123 30 38 160 20 58 83 236
0 65367 76 25 245 81 53 147 28 25 36 2 64 18 4 276 196 18 3 8 53 3 13 88 61 39 32 89 147 28 27 67 133 49 29 36 136 56 13 25 33 33 170 68 85 28 250 1 170 17 83 33 24 4 211 47 262 44 211 38 42 49 170 41 42 54 7 63 101 25 17 186 52 29 129 19 38 73 42 54 46 31 8 34 58 95 303 19 87 61 208 149 76 55 150 58 130 14 12 3 42 21 98 43 109 157 111 216 258 21 161 118 85 4 105 112 45
0 65438 41 28 174 154 223 73 15 63 14 230 183 25 70 28 75 108 21 94 490 30 229 8 53 183 86 12 95 21 307 16 708 23 152 36 92 12 5 95 6 35 110 114 96 20 2 191 228 63 205 24 65 84 213 15 106 12 486 250 49 22 10 83 104 7 274 25 133 45 49 46 83
0 65466 120 31 63 58 99 105 134 92 54 16 90 35 43 33 26 149 388 14 49 62 99 60 204 3 327
0 65617 207 84 1 21 17 12 56 47 31 67 19 8 205 19 49 1 38 133 114 13 219 19 91 23 38 12 83 13 38 27 205 27 42 24 8 77 90 6 48 461 186 129 170
0 65984 18 28 38 32 112 16 470 22 15 67 31 97 311 69 116 9 69 2 139 53 139 24 40 1 86 109 243 103 141 35 44 201 150 20 77 27 63 45 72 54 174 19 39 19 93
0 66085 131 4 28 64 13 44 14 194 155 3 46 26 42 70 9 116 33 71 30 56 362 60 132 54 208 28 9 28 85 75 27 53 99 100 25 19 18 53 16 33 121 22 63 19 33 48 56 26 86 120 224 176 107 90 8 11 381 22 1 68 66 98 74 17 292 28 314 28 27 2 12
0 66318 372 69 101 32 121 28 151 95 217 87 80 8 21 12 4 19 41 32 105 15 13 10 16 36 62 87 12 153 80 2 113 25 113 38 276 28 143 20 181 8 7 17 25 5 290 249 132 18 94 76 215 1 4 242 61 25 36 120 310 39 44 1 56 30 37 5 23 49 248 15 129 67 115 6 86 12 72 306 28 19 52 240 272 58 271 9 325 49 120 46 229 32 299 11 97 7 213 243 185 151 228 4 94 32 27 140 44 31 1 3 226 155 93 113 121 4 170 56 27 17 160 26 14 24 35 3 5 41 229 85 366 31 73
0 66460 53 6 117 1 111 5 11 53 64 65 34 26 22 34 3 15 112 29 6 19 25
0 66728 123 261 260 184 302 18 53 57 506 66 59 14 79 19 317
0 66869 54 5 71 63 261 116 14 9 195 52 170 5 122 10 43 194 6 27 241 8 1 247 45 45 184 22 50
0 66966 127 84 134 47 34 11 23 83 147 35 49 27 49 6 135 131 4 116 283 19 154 32 284 123 134 1 68 68 20 6 307 14 195 27 220 21 229 18 269 9 55 56 266 30 94 17 23 18 41 44 2 7 137
0 66981 236 48 132 201 115 16 265 67 16 4 50 2 167 27 49 28 52 115 211 123 166 34 139 15 116 59 132 92 118 100 348 9 48 89 48 65 4 71 126 54 695
0 67010 138 82 58 7 142 65 41 212 51 55 262 19 362 99 61 55 50 25 52
0 67074 67 89 12 11 53 73 88 116 265 2 136 258 106 9 8 1 198 39 108 29 21 22 116 35 13 49 120 22 36 25 19 37 87 36 23 22 5 73 13 37 104 88 34 5 54 1 121 111 26 97 159 25 90 58 59 138 26 2 44 65 8 148 275
0 67575 119 6 93 31 25 91 2 236 15 3 306 20 118 51 106 14 34 12 70 25 105 245 98 40 136 104 132 144 190 45 52
0 67908 121 176 34 32 227 9 128 19 57 49 66 17 26 14 339 89 73 57 216 14 335 42 66 70 283 121 12 24 238 102 89 15 265 36 57 98 5 6 78 156 53 205 160 73 32 59 247 6 50 41 277 37 153 10 12 100 115 34 30 22 27 47 15 82 75 2 62 9 183 73 49 26 8 74 21 56 7 82 19 9 245 88 328 49 68 11 14 117 232 2 46 37 13 124 159 147 10
0 67943 21 5 38 209 77 41 175 243 6 53 4 67 115 18 157 11 430 97 369 174 12 42 32 91 7 14 21 9 19 27 131 54 110 44 11 47 203 6 86 63 124 23 101 7 26 73 18 9 259 55 226 15 158 40 32 68 65 38 103 23 5 265 187 6 51 2 127 7 150 32 157 121 90 44 8 11 237 81 12 33 42 22 10 28 36 49 144 29 95 43 52 41 59 100 263 34 105 16 42 16 9 34 89 28 76 73 113 17 27 36 95 95 138 81 55 56 15 59 159 22 2 15 139 45 3 50 64 4 146 70 39 14 184 1 109 83 20 60 80 41 25 19 413 18 83 28 114 5 53 17 92 5 68 52 102 3 403 73 6 15 9 13 2 25 47 131 162 1 24 2 125 40 121 114 116 55 85 39 8 5 65 18 119 57 296 10 69 27 480 12 154 77 6 54 223 20 85 49 96 22 151 2 72 4 2 23 51 28 133 104 261 2 231 155 34 14 62 179 30 44 65 5 502 5 103 40 211 11 58 37 78 52 23 54 32 16 162 55 38 46 19 35 104 14 87 6 195 66 87 46 93 43 8 91 16 104 277 17 257 11 215 193 11 69 275 73 21
0 67962 35 63 11
0 68215 287 221 22 57 9 1 298 97 80 36 44 34 4 6 9 105 199 24 147 27 47 8 136 52 70 37 161 10 152 10 4
0 68269 9 96 49 114 21 5 367 9 173 88 21 13 3 24 324 35 107 11 98 74 308 10 172 111 6 5 225 50 22 9 40 57 54 2 153 129 23 34 2 50 133 10 3 66 94 58 294 150 16 3 61 1 12 14 4 7 23 30 9 53 99 68 65 34 264 67 62 3 87 131 65 38 668 56 11 142 17 4 72 13 107 80 99 24 155 26 80 155 15 62 10 3 39 59 15 83 136 123 81 20 85 4 29 22 191 2 151 89 21 52 35 5 66 40 202 13 12 61 101 18 25 26 353 52 1 27 87 95 91 7 64 5 54 15 120 15 29 16 35 23 84 78 190 7 61 18 31 58 10 19 46 47 195 23 86 174 4
0 68305 111 33 66 106 35 140 93 6 18 20 1 36 21 112 62 108 11 12 77 107 130 86 14 52 80 47 94 3 80 26 7 25 15 42 149 169 22 23 39 18 357 8 254
0 68437 12
0 68607 77 71 504 52 45 119 167 29 226 37 56 31 61 176 50 36 16 24 273 117 22 22 35 38 12 50 70 21 103 27 48 83 86 13 124 27 15 10 260 20 112 64 134 72 16 2 7 20 10 10 115 46 282 24 214 53 36 95 1 50 116 21 89 7 5 112 37 24 228 47 54 17 88 19 121 146 66 249 48 39 85 47 58 59 130 13 5 35 100 28 122 23 337 11 148 119 168 41 83 57 161 39 37 55 100 24 84 33 9
0 68710 112 24 117 37 146 6 218 47 75 74 37 23 51 46 100 36 50 24 338 10 29 37 9 51 71 4 60 79 375 100 47
0 68724 108 109 76 104 148 40 213 64 81 60 333 21 131 47 79 29 114 54 173 131 149 92 118 1 64 1 50 8 179 56 93 22 62 43 5 15 106 144 64 64 125 20 122 1 1 28 339 31 32 351 61
0 68735 189 27 49 15 48 40 224 10 252 46 177 25 107 37 40 20 303 22 29 145 236 12 43 14 18 41 123 41 60 89 2 59 141 8 143 13 174 30 216 38 45 9 68 42 78 32 255 45 45 11 129 10 175 2 42 18 34 30 110 30 11 20 26 143 32 37 82 37 212 28 10 48 18 34 2 112 26 111 157 25 347 127 19 3 19 22 57 26 83 1 154 12 70 177 13
0 69019 129 157 161 168 35 75 282 137 235 7 69 76 243 20 221 109 89 24 159 121 676 1 55 7 432 29 67 50 131 45 351 54 259 58 87 14 296 56 324 33 109 7 57 145 131 42 224 7 50 15 19 26 113 15 116 140 210
0 69213 27 4 45 13 131 155 2
0 69375 27 25 40 77 261 81 104 5 147 27 55 22 5 37 155 4 52 8 174 21 87 109 124 20 130 115 41 30 33 4 48 26 6 6 62 17 6 33 25 21 12 8 93 4 37 43 94 31 35 71 1 190 34 8 54 1 153 33 23 12 21 21 5 24 128 34 47 24 10 20 166 1 16 8 167 90 198 53 142 22 70 116 41 134 91 36 13 34 270 43 67 23 29 25 5 9 81 105 125 9 80 160 48 15 71 100 1 94 43 13 75 20 68 86 90 4 269 4 122 22 5 33 95 30 2 183 18 330 141 61 9 28 55 19 17 1 27 8 50
0 69561 93 54 58 33 35 6 130 10 179 17 14 130 14 1 86 155 29 69 30 35 19 47 472 28 101 91 9 11 89 14 249 71 248 110 27 10 258 156 71 35 55 2 6 27 33 49 17 58 36 96 290 18 19 62 10 38 248 5 104 71 52 4 33 341 19 60 244 81 121 31 67 48 5 17 13 51 173 47 173 24 252 52 91
0 69659 23 12 131 27 26 91 115 21 355 26 128 59 45 99 31 78 142 41 5 62 167 22 82 27 52 55 72 51 9 23 116 10 94 4 3 33 22 61 41 121 31 1 37 74 24 21 116 45 193
0 69935 113 38 44 75 40
0 70078 146 166 144 22 114 19 110 96 122 59 157 22 8 152 41 11 162 39 22 31 11 2 129 64 56 9 29 5 86 47 6 10 32 142 17 15 1 89 23 74 206 8 13 21 260 18 159 47 146 7 94 28 60 9 151 50 138 15 158 117 24 24 62 22 2 111 241 9 326 79 16 72 21 3 36 26 72 73 172 8 40 2 19 1 179 101 80 82 113 15 41 94 62 36 73 98 92 30 93 55 80 66 196 37 202 40 64 17 24 32 160 58 70 100 30 13 304 1 98 61 99 170 1 10 52
0 70206 74 7 168 44 28 47 49 59 134 297 185 151 275 43 27 10 23 79 9 32 47 103 114 85 15 31 74 60 16 34 39
0 70209 57 19 14 83 19 46 159 52 509 33 140 139 583 23 97 3 673 15 50 13 401 73 98 26 88 17 23 4 160 22 31 80 79
0 70522 91 3 68 10 121 25 285
0 70545 107 48 42 43 35 30 94 34 29 70 216 57 53 5 74 41 97
0 70587 32 23 35 30 28 64 261 238 112 95 72 15 87 53 65 68 199 40 168 1 84 56 148 68 91 128 106 31 13
0 71117 17 15 100 5 49 7 53 8 17 90 54 19 2 53 56
0 71171 212 114 76 19 67 3 233 82 23 48 44 32 210 129 9 64 110 6 52 15 1 31 114 6 68 3 115 140 69 32 95 55 136 46 279 86 19 117 130 46 2 44 15 69 111 21 206 23 65
0 71310 12 86 242
0 71588 137 22 126 7 117 11 2 3 37 4 277 32 193 78 14 13 61 154 124 42 34 159 9 14 214 91 77 5 166 28 238 21 66 48 14 26 15 7 69 89 392 14 98 5 211 63 42 21 59
0 71598 208 2 311 158 57 71 9 74 46 104 35 8 312 50 8 21 77 14 37 26 61 76 11 11 334 46 212 15 36 18 81 6 14 36 22 23 71
0 71762 18 16 17 107 54 26 113 27 146 61 35 1 59 38 109 40 8 44 106 59 435 47 200
0 71943 48 49 79 8 25
0 71986 86 59 219 11 77 53 54 39 63 11 19 46 136
0 72000 60 22 113 26 335 51 90 105 18 78 101 138 55
0 72108 57 222 312 73 72 64 57 24 283 41 258 22 25 65 3 79 182 204 47 34 118 27 49 23 95 39 240 29 15 43 411 80 451 33 82 69 501 43 185 28 260 5 17 101 55 71 12 54 8 12 116 19 153 24 145 191 140 42 216 57 187 8 53 27 81
0 72206 18 31 177 14 106 6 145 1 18 85 57 59 38 56 199 8 31 47 163 13 205 38 40 76 141 57 273 24 50 22 107 30 26 2 14 1 1 3 319 88 15 9 145 17 163 75 67 21 40 13 70 139 82 5 1 6 184 34 464 95 60 25 133 83 68 104 78 100 164 7 180 10 16 79 30 32 42 47 123 13 94 43 88 91 80 8 82 19 73 157 44 10 29 111 433 90 144 54 111 39 37 92 91 1 25 110 32 28 16 42 178 182 206 25 27 134 82 83 84 27 93 19 15 15 201 254 19 12 24 2 2 60 73 15 1 159 68
0 72400 90 46 72 55 27 20 65 54 189 119 153 26 5 14 54 81 203 42 115 27 175 90 89 41 15 16 146 7 265 148 116 1 138 45 43 47 54 52 21 22 103 14 122 45 93 15 4 59 36 79 389 134 156 4 183 53 20 33 18 23 278 25 82 9 19 10 181 134 48 15 11 37 182 29 149 33 137 65 49
0 72437 52 27 461 60 113 57 10 24 155 78 126 11 99 18 26 10 51 56 54 21 181 2 234 69 166 53 11 3 173 113 12 71 19 53 8 8 373 116 69 29 36 8 34 27 395 7 4 87 61 76 14 186 16 14 110 249 76 43 35 3 254 16 25 130 81 39 44 39 19 6 248 23 112 40 4 28 331 17 5 151 5 122 73 109 1 128 113 22 38 66 17 21 260 67 88 10 106 10 48 3 2 70 109 142 55
0 72680 2 16 249 36 46 251 58 67 19 47 232 208 146
0 73067 94 6 200 52 313 19 68 33 6 130 146 38 59 24 65 36 89 167 327 14 249 23 16 28 24
0 73070 101 40 112 42 52 20 184 66 22 34 78 35 138 80 4 16 343 61 22 1 45 2 56 215 324
0 73162 60 162 67 45 404 27 22 38 193 2 206 15 85 35 6 124 30 65 2 44 50 15 28 36 59 8 22 33 183 122 573 23 47 61 31 111 264 98 222 54 1 53 7 35 178 96 143 112 70 62 173 9 121 22 5 22 188 42 86
0 73284 653 5 28 33 123 73 349 16 98 12 27 34 120 49 108 144 36 71 25 23 4 136 3 21 43 29 49 27 4 22 101 130 41 42 22 21 70 18 2 112 48 2 109 59 14 4 52 10 49 17 4 105 138 129 86 9 7 25 198 18 8 126 42 150 110 6 1 51 52 3 195 325 3 44 7 19 67 105 456 58 25 171 28 62 83 52 22 11 195 9 138 60 12 52 143 43 3 27 13 39 6 12 52 4 22 48 13 6 43 81 61 129 134 22 15 10 4 142 23 12 155 7 21 8 67 97 18 49 103 20 201 19 36 15 26 12 279 115 10 70 216 43 7 11 30 58 29 33 2 44 19 61 241 108 17 3 127 9 70 3 12 17 796 11 21 40 72 42 128 234 17 7 164 72 4 29 29 1 61 11 46 34 53 2 232 57 50 38 346 103 136 26 164
0 73358 83 20 21 9 29 52 19 130 95 30 268 34 61 25 50 23 5 95 17 75 142 117 233 46 65 92 213 32 66 37 27 2 27 31 732 12 31 120 115 17 243 9 775 54 12 90 73 122 211 23 46 54 49 48 3 94 196 22 85 56 51 26 34 15 14 15 309 33 160 41 28 26 231 154 231 22 2 71 61 15 235 23 16 16 24 52 116 14 31 13 15 109 123 5 10 18 15 24 117 31 159 27 136 3 179 23 62 53 37 8 127 86 25 43 325 8 67 7 3 98 127 20 8 34 265 10 3 144 29 88 43 29 116 23 27 10 155 45 78 98 160 79 80 73 76 115 17 149 182 38 37 152 145 38 295 17 27 75 173 41 221 34 106
0 73444 141 10 115 21 192 27 137 16 112 32 70 10 108 55 64 113 153 81 41 69 89 27 44 27 79 67 42 46 331 14 40 89 22 114 63 33 7 28 360 4 50 3 94 21 446 162 221 13 104 95 9 25 71 32 14 6 142 149 153 96 93 14 135 221 64 22 139 100 111 99 167 244 1 1 289 42 82 15 38 30 30 14 59 44 390 160 119 14 145 15 57 12 205 2 22 9 158 3 97 9 159 5 11 20 7 31 459 38 71 158 75 56 1 81 4 31 18 24 59 85 100 158 207 59 211 32 2 62 32 24 175 79 101 133 62 11 214 29 66
0 73593 43 3 15 54 35 16 128 56 169 94 145 4 8 157 45 13 4 30 63 50 458 90 192 3 44 67 22 5 142 16 8 88 80 22 13 53 65 196 17 100 35 41 30 41 122 19 30 2 74 46 22 11 87 8 35 36 35 64 19 26 3 28 130 80 134 28 7 66 65 29 66 19 26 67 13 82 142 2 65 18 183 39 50 6 202 76 45 7 175 6 45 57 230 49 75 186 83 38 3 81 53 31 50 41 22 55 82 25 173 76 77 31 8 64 38 73 170 12 33 8 82 60 120 10 120 67 99 66 203 13 35 250 24 94 204 9 357 38 18 54 45 102 5 10 163 47 31 52 14 16 18 31 29 96 59 7 15 61 3 80 103 49 36 3 146 5 135 104 154 39 5 111 14 109 72 27 127 46 12 9 297 40 31 47 121 13 372 32 54 55 6 205 23 125 156 111 30 14 68 15 166 16 51 66 168 22 75 85 51 8 5 145 220 121 39 87 243 54 266 145 65 18 14 6 109 10 22 34 141 9 39 20 293 10 13 88 2 71 10 10 52 8 108 21 26 18 38
0 73682 67 36 44 42 56 68 18 50 37 19 320 6 235 32 97 91 78 98 138 21 145 15 40 48 98 11 6 24 146
0 73780 8 124 8 5 5 142 133 87 16 26 23 112 3 25 131 29 12 30 19 9 212 65 1 10 159
0 73790 25 57 184 147 103 57 144 1 243 26 188 71 8 109 23 20 375 28 41 21 41 128 19 2 22 97 51 22 2 27 26 51 79 19 1 16 38 23 52 76 3 40 109 2 20 51 202
0 74060 8 31 262 117 116 69 68 10 76 168 133 8 128 12 33 92 83 39 1 1 199 245 38 20 50 2 44 104 321 3 241 7 52 102 299 69 12 82 129 32 50 14 97 45 9 27 94 61 37 42 27 1 19 121 81 147 95 40 42 85 18 5 29 107 105 72 17 72 60 55 19 58 83 10 49 18 80 87 6 36 128 20 91 11 58 33 37 4 122 165 251 15 66 48 107 8 22 22 54 48 2 50 4 3 65 47 59 21 113 50 93 51 35 79 132 12 9 120 45 121 31 30 8 221 84 14 125 66 20 1 172 38 321 50 618 8 159 13 94 38 94 52 188 138 3 25 400 94 25 38 153 4 80 16 191 42 16 50 88 31 41 74 300 15 29 246 22 56 84 85 128 14 52 150 30 32 259 7 38 52 30 12 82 233 31 51 93 59 482 74 259 23 15 127 60
