0 0 43 86 4 47 73 30 54 114 38 108 4 92 24 34 24 2 22
0 344 114 14 127 21 20 15 37 80 207 49 68 48 64 39 23 41 83 82 19 14 107 64 106 27 30 5 11 9 116 81 6 97 2 270 198 15 131 138 64 8 245 1 631 45 21 25 573 75 12 56 499 42 117 12 37 2 12 206 40 81 45 21 451 16 8 73 152 196 112 13 56 53 21
0 414 8 61 449 12 74 39 5 45 88 64 169
0 528 336 21 143 68 32 15 5 12 151 260 161 115 37 21 427
0 606 220 49 63 170 276 46 300 20 65 128 8 1 86 3 409 86 120 15 279 8 128 29 195 33 83 28 84 52 44 50 12 23 4 77 26 231 14 85 41
0 621 181 106 72 42 2 159 18 1 35 32 22 7 11 97 143
0 736 153 9 342 7 81 44 46 153 34 31 175 82 11 32 187 90 88
0 801 146 106 29 12 99 35 33 64 112
0 926 48 74 224 78 73 18 159 11 27 34 98 38 3 31 10 3 1 8 58 90 91 3 94 53 243 6 85 23 95 70 3 38 40 15 44 11 26 12 153 7 10 36 21 116 506 34 11 8 195 219 81 47 373 36 35 2 87 80 5 13 272 32 428 46 68 34 79 16 132 24 14 40 22 52 377 8 11 47 115 39 130 11 42 35 34 69 59 10 133 25 235 21 38 12 60 94 8 40 170 109 191 32 180 30 65 2 57 14 231 112 12 24 19
0 954 79 96 55 17 36 38 139 63 18 43 104 14 97 6 67 84 227 43 6 15 100 69 66 4 54 31 59 66 155 33 193 21 68 9 153 23 83 38 180 103 68 55 4 20 180 45 5 1 52 22 130 19 172 6 12 18 27 133 34 29 218 28 30 14 110 65 43 22 195 77 149 7 23 108 119 190 95 76 80 44 29 43 55 154 10 48 267 48 206
0 1055 65 1 20 71 155 7 33 104 16 101 9 15 38 9 39
0 1084 13 101 11 23 153 24 1 112 79 10 273 144 123 81 93 32 19 50 6 6 429 6 79 15 39 37 13 21 63 39 62 15 105 76 536 15 193 48 11 40 21 78 35 15 14 45 31 56 155 84 440 35 17
0 1174 37 41 36 14 56 87 85 86 153 240 40 28 129 5 16 11 30 6 203 99 54 48 354 7 80 56 101 82 85 6 105 17 442 17 141 50 108
0 1184 147 79 3 39 44 53 42 22 267 76 246
0 1533 46 2 211 160 71 14 215 71 123 2 165 19 6 51 108 84 109 13 145 48 10 43 31 69 43 38 188 66 356 22 138 6 61 13 5 6 279 170 60 102 139 18 97 41 120 31 146 29 104 25 24 6 345 32 4 191 244 43 88 46 148 13 557 74 6 86 35 4 71 9 158 1 261 171 161 17 17 89 91 7 100 38 117 71 10 153 22 35 140 58 4 14 53 45 23 24 61 18 18 31 111 106 122 13 4 71 25 58 74 100 67 45 315 149 53 17 107 14 25 71 54
0 1734 39 106 14 9 29 186 37 56 9 30 23 15 18 108 13 2 200 101 130 111 4 2 76 203 61 74 46 21 53 52 93 3 18 53 170 91 88 22 26 30 50 32 111 3 7 180 110 4 2 40 295 122 127 17 204 7 6
0 1789 49 64 110 2 22
0 1937 196 56 115 19 1 1 11 14 2 61 107 28 143 30 229 90 270 6 190 34 143
0 1969 354 20 279 14 162 194 59 33 48 87 201 29 75 11 45 4 114 10 81 39 19 27 75 40 123
0 2076 118 13 196 18 158 4 76 49 130 13 109 64 31 47 7 7 8 53 34 93 71 103 55 58 117 26 55 201 25 238 27 160 257 45 105 239 52 20 158 71 45 2 38 19 39
0 2145 76 7 136 18 17 17 15 149 12 19 25 64 24 47 111 7 97 16 28 48 133 10 35 77 21 6 83 14 232 26 48 116 150 64 207 42 129 52 32 38 34 95 93 3 375 19 66 68 149 21 101 59 265
0 2170 44 26 64 233 5
0 2311 98 21 72 257 1 79 29 4 12 33 178 18 86 81 36 35 144 66 209 70 73 167 77 79 169 7 238 21 7 12 72 63 51 16 7 114 11 27 81 30 30 132 74 73 104 10 85 151 78
0 2589 77 55 93
0 2791 46 20 159 13 23 71 58 70 139 108 39 9 69 8 103 28 18 16 69 16 67
0 3391 19 104 50 46 111 111 6 32 180 59 265 50 106 88 35 136 184 111 215 136 68 41 145
0 3407 50
0 3621 147 107 4 7 232 29 67 98 2 18 65 66 51 25 316 39 207 105 32 41 33 28 96 63 19 34 28 20 220 7 3 119 73 111 82 106 178 23 12 11 51 71 61 26 132 129 11 43 141 52 68 43 204 77 71 19 111 36 2
0 3800 304 18 12
0 3855 151 45 75 21 3 19 323 56 259 126 255 2 84 20 363 90 192 66 71 245 126 6 128 12 84
0 3904 254 94 40 40 39 41 55 55 286 17 88 87 327 24 118 87 49 10 148 30 200 22 31 568 91 3 57 37 19 14 7 121 154 13 176
0 3999 90 201 64 15 127 109 225 20 31 5 45 31 121 24 435 29 43 9 20 108 14 153 28 84 36 111 33 40 38 105 118 84 33 15 59 51 173 45 3 66 144 46 1 63 67 32 32 20 7 52 23 23 145
0 4204 85 17 89 50 27 50 138 160 47 96 126 18 234
0 4548 43 8 104 21 97 1 34 84 339 32 40 2 16 31 115 11 89 13 74 23 16 130 122 139 150 84 143 60 23 48 47 23 233 40 72 60 51
0 4614 72 12 30 49 96 97 73
0 4651 31 37 406 37 96 2 186 54 107 24 36 3 20 57 44
0 4757 23 13 38 10 17 80 8 12 8 17 3 1 327 17 98 57 8 21 10 20 184 7 83 79 9 33 6 108 20 25 137 95 10 43 32
0 4973 22 77 32 9 3 60 58 86 28 86 238 31 33 44 21 15 80 65 93 8 20 35 72 33 75 157 208 65 34 40 122 29 52 20 224 48 128 52 141 25 7 19 19 47 7 6 16 91 100 105 78 48 68 6 2 45 46 67 50 6 17 65 29 69 122 46 27 69 47 33 16 15 74 110 8 27 48 60 175 7 1 111 14 29 52 11 90 59 100 20 266 222 65 128 125 19 13 99 150 49 49 52 63 29 68 2 11 44 45 99 57
0 5071 69 17 72 48 69
0 5077 271 97 200 22 170 1 261 133 3 5 29 95 7
0 5205 267 21 81 23 181 139 58 109 6 12 35 97 21 63 45 17 3 86 92 75 22 104 4 14 6 204 74 83 114 24 55 125 46 46 91 41 21 25 104 13 62 11 262 28 258 40 11 35 72 3 83 3 63 63 343 39 47 102 98 33 34 135 9 23 636 115 129 14 94 10 54 13 56 1 103 22 30 92 108 54 62 8 28 79 50 11 96 34 134 11 9 83 42 18 61 17 262 5 47 19 241 224 378 21 14 68 317 6 284
0 5301 107 65 16
0 5603 229 56 178 7 41 61 29 82 163 27 316 100 80 59 73 63 191 4 111 89 90 17 112 80 55 50 98 52 19 61 136 19 53 132 321
0 5614 30 57 13 1 57 58 135 17 73 45 68 36 163 2 15 70 132 5 328 35 19
0 5643 1 18 131 165 165 24 80 95 24
0 5649 61 182 116 28 151 37 95 53 328 112 69 6 80 62 16 36 104 15 28 4 121 24 165 5 31 64 71 18 145 19 21 10 31 120 260 132 21 105 54 80 30 95 63 1 10 16 73 132 115 17 21 33 32 12 40 32 58 175 81 13 135 24 193 38 107 5 194
0 5915 95 8 189 1 16 23 185 58 123 342 8 15 5 16 66 33 34
0 5927 171 24 62 12 289
0 6066 104 45 229 104 34 92 48 34 30
0 6369 133 49 69 82 48 45 125 51 2 11 114 49 6 9 64 58 8
0 6412 18 13 14 18 11 5 31 27 20 34 30 23 3 87 126 54 16 77 78 44 111 117 57 30 2
0 6664 7 110 83 2 65 122 274 58 316 30 77 38 264 42 134 21 9 29 108 24 9 45 115 7 240 33 24 52 35 115 45 3 337 57 16 6 302 64 690 36 94 32 140 18 30 8 140 93 122 96 46 45 117 8 9 56 157 40 14 293 90 30 320 4 103 11 480 19 29 77 81
0 6730 75 32 82 21 27 53 295 25 37 67 12 64 202 2 216 11 22 10 163 87 239 25 159 14 1 31 302 13 251 63 4 73 14 50 10 3 225 4 160 35 141 2 168 30 33 19 34 156 73 87 15 1 21 2 118 29 59 34 13 16 57 130 27 43 69 57 134
0 6747 39 133 9 162 6 17 3 77 54 189 20
0 6808 134 31 117 63 158 49 424 22 183 95 35 42 16 45 45 1 244 10 26 80 306 56 89 36 96
0 6917 168 48 116 67 282 7 108 28 164 1 21 4 76 39 34 39 156 32 211 2 157 23 218 68 99 31 24 45 66 34 5 20 47 51 216
0 6953 3 39 42 31 105 11 7 154 135 65 247 48 144 11 121 112 18 15 23 49 21 18 172 22 71 112 8
0 7162 158 48 112 151 228
0 7185 29 11 77 29 3 33 158 18 82 52 2 12 3 202 59 25 59 68 268 74 146 135 21 9 107 22 79 58 17 9 250 31 84 23 135 22 24 34 38 111 127 49 199 6 139 119 8 72 162 12 62 4 117 2 47 185 3 154 123 45 123 14 124 10 269 119 44
0 7451 12 78 17 3 1 31 28 3 101 9 68 172 34 14 147 5 81 62 198 71 34 72 9 134 211 23 65
0 7585 68 65 163 9 47 45 16 39 100 35 70 21 22 6 429 56 301 25 64 4 223 51 56 22 93 85 2 186 43 38 36 55 268 37 53 9 273 87 69 40 51 18 204
0 7653 12 53 117 6 77 57 20 74 98 2 148 43 41 118 48 24 30 81 357 52 79 33 195 15 23 102 188 73 8 43 2 139 46 10 3 4 29 53 129 7 229 314 43 101 18 29 163 34 53 58 35 35 17 87 1 23 101
0 8043 159 2 65 14 4 77 9 65 67 37 74 8 121 67 44 100 27 10 136 4 47 76 17 164 36 57 401 24 32 60 195 24 245 8 202 22 84 13 60 25 199 7 303 5 64 21 31 7 242 18 198 38 361 85 310 72 1 104 15 3 171 165 375
0 8137 58 74 112 33 103 13 133 34 121 59 59 10 176 66 33 82 32 53 155 21 44 30 475 15 91
0 8512 189 52 88 35 74 34 53 21 20 37 483 16 72
0 8590 38 6 58
0 8655 257 118 250 57 111 56 223 104 6 69 183 29 92 24 168 11 300 8 2 115 34 36 170 18 43 73 147 36 14
0 8881 6
0 8949 159 30 134
0 9473 15 100 65 3 115 24 51 30 192 64 80 78 19 44 47 31 22 16 249 73 21 153 129 60 178 73 183 25 24 26 413 48 231 73 99 15 95 28 167 2 128 31 54 12 30 13 12
0 9764 37 15 34 67 111 3 8 10 59 29 113 56 67 44 2 75 690 27 190 42 15 15 22 132 31 37 76 158 26 23 48 31 43 30 257 118 75 170 219 10 215 17 96 6 194
0 10256 28 62 45 117 8 24 117 19 120 71 55 38 35 8 17 45 56 39 115 5 26 165 66 46 33 107 223 42 68 74 2 21 28 125 74 70 169 12 84 19 144 26 78 39 46 5 115 43 121 96 68 18 101 106 36 50 55 12 200 112 7 32 42 143 7 82 231 220 337 72 13 77 5 4 41 59 57 109 87 76 23 2 149 74 50 10 180 7 30 73 116 110 323 1 47 38 63 11 16 55 108 25 344 26 89 82 195 32 28 46 32 44 89 54 18 15 24 34 52 100 139 3 232 108 21 23 26 5 1 14 68 65 151 4 2 28 126 178 69 26 99 11 104 14 27 38 80 4 106 20 128
0 10720 179 34 106 90 140 3 57 57 84 169 132 206 8 32 107 33 65 178 16 19 74 215 3 32 38 140 67 77 21
0 10808 9 4 64 2 79 14 79 125 150 23 168 79 347 92 33 32 41 23 91 64 3 43 12 56 9 25 70 16 7 14 4
0 11048 8 88 178 12 80 69 81 1 312 11 144 229 19 53 25 2 101 77 550 84 225 77 4 3 407 105 67 34 2 10 75
0 11056 92 153 271 14 8 16 188 42 15 63 101 45 303 83 195 17 163 35 97 19 50 1 67 39 146 48 436 31 9 83 63 52 33 78 25 120 90 32 19 16 123 48 183 2 156
0 11871 104 75 53 8 233 91 113 198 39 66 196 4 22 16 471 14 347 29 192 32 263 45 154 6 30 33 34
0 12058 45 27 29 112 267 79 226
0 12246 150 235 40 16 126 68 10 70 15
0 12455 90 57 101 10 39 12 14 22 24 47 38 19 5 2 277 122 14 10 79 82 124 20 99 24 14
0 12590 485 15 182 50 152 24 269 14 20 4 31 32 121 76 326 118 47 16 123 6 39 46 26 35 138 16 80 50 69 104 302 15 152 58 62 11 88 98 182 41 58 27 114 63 197 25 280 33 264 46 3
0 12824 262 99 136 89 71 5 97 39 125 34 3 51 179 46 72 24 27 77 4 2 163 5 102 157 3 17 161 29 7 2 39 47 46 29 229 53 46 20 86 2 80 104 132 43 50 93 138 12 107 13 7 29 34 6 43 14 9 5 41 125 164 44 8 33 33 16 90 5 5 11 85
0 12880 62 144 26 8 134 32 63 26 167 113 105 45 98 51 151
0 12926 7 23 211 178 150 47 261 31 2 4 94 142 151 6 73 49 36
0 13014 1 32 65 13 157 101 67 26 45 48 76 27 24 32 47 24 138 26 326 33 162 72 68 189 57 61 96 5 4 12 100 158 7 81 72 1 99 96 24 101 102 40 74 39 161 85 11 72 187 141 214 14 17 121 54 1 65
0 13473 55 19 112 12 96 62 12 129 97 120 360 22 59 30 477 24 329 41 121 22 68 142 38 100 20 99 45 48 598 39 73 273 122
0 13590 53 94 15 9 96 3 63 41 160 103 119 8 5 37 10 75 3 92 6 43 97 56 89 28 22 13 107 63 158 32 65 81 45 3 17 51 118 91 147 20 18 35 178
0 13866 248 98 155 69 1 25 37 26 74 17 97 52 303 46 61 12 61 64 33
0 13921 109 13 56 47 85 121 42 81 82 38 100 9 4 100 163 32 68 21 75 11 64 85 450 44 33 13 137 47 55 37 11 24 52 93 55 1 156
0 13987 19 131 20 24 27 75 2 15 84 39 105 15 41 67 74 17 2 30 76 70 60
0 14442 14 130 252
0 14450 226 51 149 33 338 47 177 103 9 50 246
0 14521 442 38 139 36 74 33 42 23 89 107 127 50 118
0 14546 301 80 2 9 85 2 29 38 148
0 14568 125 76 31 118 23 77 57 2 69 14 13 34 104 94 11 2 259 71 38
0 14767 82 8 10 160 78 10 87 36 311 14 171 44 318 25 34 56 189 58 98 74 23 124 73 52 254 61 59 20 55 27 84 5 242 20 96 16 41 42 43 25 60 84 166 66 74 234 180 38 50 8 19 36 170 159 1 8 135 8 11 53 83 88 40 99 62 147 26 111 106 166 1 15 152 16 89 65 87 69 81 93 195 29 5 20 254 55 64 4 156 2 53 77 2 73 318 13 52 4 231 21 136 138 8 49 46 45 172 29 103 70 127 53 51 11 86 94 171 97 38 28 158 7 67 27 40
0 14789 7 30 129 1 143 2 51
0 14791 4 23 23 17 7 30 15 97 27 14 135 17 74 2 257 33 222 52 104 92 175 20 54 43 126 46 92 6 354 39 306
0 15064 208 45 150 65 197 54 47 14 226 5 21 15 184 1 32 3 1 7 19 140 84 25 741 3 6 367 83 15 304 43 52 3 50 22 23 215 496 165 80 82 98 106 88 12 250 11 36 58 122 4 103 72 70
0 15243 56 21 84
0 15260 2 25 52 36 121 227 104 109 86 44 160
0 15538 89 12 85 86 157 35 103 37 173 16 205 14 94 24 121 6 141 17 282 41 22 22 8 113 1 15 83 271 16 37 89 4 69 8 132 20 328 31 36 106 39 57 51 178 656 53 87 3 57 45 32 58 40 34 68 30 2 63 325 35 269 14 32 15 114 37 177 154 1 99 655 46 254 18 42 98 59 84 184 2 54 77 164 246 119
0 15610 61 5 1 75 99 48 1 117 52 8 124 34 122 153 30 63 131 22 111 7 4 49 198 86 21 16 83 91 243 124 175 39 27 27 47 51 305 18 11 119 54 18 76 89 9 26 334 152 154 141 9 31 341 24 150 6 58 25 141 103 43 86 27 31 11 6 102 41 622 75 184
0 15645 84 96 129 23 85 21 244 7 16 33 41 2 88 3 83 17 28 33 73 42 16 59 18 24 47
0 15789 59 4 176 43 6 24 51 18 13 61 19 120 100 14 72 26 43 22 64 34 116 246 87 46 44 33 60 10 129 88 298
0 15922 20 18 395 13 39 81 110 137 84 36 3 52 43 250 72 81 41 8 17 26 30 18 83 25 72 78 195 60 16 285 148 2 13 77 23 75 78 124 502 32 43 36 1 6 110 32 78 29 61 71 64 25 17 15 8 99 58 44 241 35 250 11 15 49 19 2 53 70 63 24 118 60 120 65 66
0 16349 10 31 493 71 16 1 80 50 79 123 52 60 19 11 6 69 59 19 124 28 17 7 61 61 53 144 55 5 81 17 405 14 141 49 137 42 5 11 140 341 33 7 22 132 57 63 31 49 379 106 72 38 1 2 11 13 221 32 4 24 299 11 49 103 65 26 84 100 11 78 3 68 22 21 43 10 15 206 98 41 30 122 216 68 198 8 104 73 108 37 82 52 49 83 35 68 416 129 30 187 23 49 5 42 94 34 84 22 74 34 280 26 30 25 27 9 40 5 259 43 7 8 194 19 8 61 726 65 100 11 15 28 311
0 16672 117 49 95 2 264 8 68 27 2 169 243 64 34 33 153 202 31 81 106 11 52 29 193 58 65
0 16747 182 6 67 56 325 28 72 1 75 122 330 6 259 45 15 50 133 67 28 10 117
0 17147 58
0 17182 173 19 39 25 125 29 53 54 64 99 37 139 64 53 169 3 119 37 89 17 30 29 83 20 12 27 90 2 26 139 118 2 60 4 191 90 24 83 99 7 52 27 3 22 68 70 37 16 50 45 74 3 180 27 46 20 346 11 4 8 129 109 53 24 107 15 91 56 60 50 87 89 16 3 3 217 89 59 269 28 33 45 255 95 198 40 45
0 17241 45 35 165 36 184 1 19 21 84 136 376 51 304 32 87 54 19 1 381 12 16 16 23 96 33 21 207 44 96 16 8 52 123 13 33 82 252 5 56 59 211 13 2 3 45 65 404 6 33 64 3 124 56 160 50 14 15 11 31 33 58 3 66 3 15 2 383 16 171 157 5 8 21 132 73
0 17449 36 8 4 67 47 32 44 10 37 17 129 161 106 141 73 17 150 105 26 158 70 14 83 4 245 111 86 74 14 7 14 29 29 38 2
0 17534 86 26 19 11 50 59 93 44 127 54 85 147 75 36 76 14 18 8 68 64 17 97 86 5 16 50 57 42 18 20 64 45 14 46 75 13 63 49 4
0 17702 91 83 179 1 47 5 78 104 39 4 50 119 59 121 28 44 84 3 27 145 1 67 336 10 208 1 8 49 64 51 10 70 137 82 26 15 4 87 28 111 94 82 23 139 59 21 42 18 379 58 93 24 20 36 99 6 61 69 19 94 33 59 1 51 71 5 50 77 48
0 17962 170 14 10 139 193 75 193 95 87 33 256
0 18041 77 1 35 205 3 307 81 59 376 13 265 106 139 46 29 15 11 112 136 16 381 9 58 26 109 15 111 85 50 86 10 45 12 104 40 3 25 25 4 14 69 1 180 13 84 55 179 13 9 117 7 4 25 92 39 2 40 100 1 38 9 34 332 32 41 60 336 37 27
0 18166 34 6 209 153 32 16 16 242 16
0 18243 40 51 28 45 3
0 18863 48 41 91 47 250 28 29 18 112 81 120 94 18 103 188 1 23 42 35 50 230 22 118 70 121 48 119 85 129 3 33 2 9 139 132 45 3 5 115 18 100 37 26 38 6
0 19117 19 69 4 25 50 35 64 13 59 139 279 11 451 132 70
0 19229 24 22 29 20 440 7 22
0 19267 193 52 228 7 32 150 55 57 14 85 1 7 46 44 465 120 185 32 17 1 165 58 231 55 67 1 17
0 19313 36 25 54 101 23 30 31 256 8 78 174 36 103 48 161 8 13 10 21 15 117 21 276 75 41 133 206 62 138 6 14 13 28 16 24 24 229 26 152 78 75 5 30 44 86 20 160 151 291 55 58
0 19425 162 1 176 11 287 186 64 29 138 18 24 109 80 48 133 81 394 10 100 111 152 3 74 5 125 23 31
0 19451 7 5 8 84 65 37 10 18 28 193 12 19 112 69 209 9 202 73 88 77 37
0 19846 4 20 80 74 73 53 25 9 160 1 69 2 126 11 38
0 19856 123 7 192 5 28 80 2 47 241 2 41
0 20105 5 81 12 38 69 254 120 110 50 43 174 114 176 8 30 55 86 12 5 6 94
0 20705 45
0 21061 42
0 21118 90 75 108 55 75
0 21648 91 63 104 97 129 45 64 21 75 88 14 20 190 50 312 3 60 59 69 114 60 107 21 15 37 58 79 5 323 58 141 49 73 48 117 42 125 1 15 42 162 10 142 2 46 141 219 23 81 34 138 34 20 6 20 62 100 14 38 65 90 24 122 8 109
0 21933 20 106 28 69 31 15 9 28 134 80 138 3 189 62 71 113 16 40 1
0 22622 8 288 243 149 72 29 102 8 127 67 176 15 63 23 62 55 126 56 75 52 34 64 113 6 121 42 136
0 22709 223 10 54
0 23049 58 38 95
0 23620 154 30 65 15 16 23 49 40 250 22 363 8 42 61 105 21 144 73 121 49 102 90 196 67 10 19 40 27 71 47 93 36 71 63 53 10 114 22 158 37 108 2 216 87 43 8 165 20 179 14 239 35 241 53 291 108 18 240 122 13 40 10 51
0 23632 170 18 187 9 75 17 88 107 302 19 131 103 126 36 52 27 70 8 48 269 172
0 23642 27 79 33 87 25 22 8 111 218 253 85 53 72 178 154 15 3 28 89 96 171 38 310
0 23773 12 35 209 177 94 119 177 10 62 9 106 84 16 197 19 34 27 10 56 65 149 73 32 21 8 11 96 2 374 19 23 40 28 85 15 133 22 20 51 1 80 56 173
0 23863 118 133 46
0 24047 226 43 19 65 139 30 12 55 113 79 27 3 124
0 24116 35 137 36
0 24118 51 10 46 91 81 15 20 168 14 250 16 69 63 39 2 164 91 13 1 65 468
0 24124 73 3 22 8 79 3 53 14 87 120 1 14 25 100 87 49 301 22 11 11 71 12 463 34 94 8 244 20 157
0 24154 113 75 150 172 96
0 24458 37 16 134 70 65 156 375 34 96 8 106 30 24 24 111 4 111 2 222 4 54 75 88 75 116 16 119 33 166 47 83 19 171 11 14 218 10 41 16 5 29 1 99 21 60 7 74 27 41 43 109 37 273 56 10
0 24503 32 16 24 86 53 211 229 108 10 35 132 12 28 12 108 82 77 157 14 42 85 19 156 67 252 9 87 87 61 67 71 72 28
0 24537 60 59 26 8 12 64 9 9 60
0 24840 28 29 77 30 59 11 22 90 191 79 77 2 182 54 91 80 48 78 196 80 193 28 107 36 21 44 128 15 151 29 47 8 173
0 25146 8 1 55 41 44 55 4 29 93 23 96 55 9 15 247 10 221 145 237 35 102 51 326 17 55 207 152 43 104 41 99 26 130 37 90 24 114 11 37 28 53
0 25153 130 103 164 12 13 23 9 113 3 72 133 72 237 11 168 18 9 6 21 36 10 7 112 18 157 38 1 61 67 147 187 21 247 5 70 172 36 46 56 112 93 21 115 141 76 62 386 32 84
0 25334 96 27 7 43 108 146 16 23 140
0 25520 168 1 38 63 207 71 329 26 108 86 42 23 35 64 172 24 18 11 5 64 39 50 350 89 36
0 25725 20 23 211 31 61 47 7 3 66 6 100 18 654 12 19 31 233 99 104 71 120 36 133 44 81 51 93 27 299 66 26 125 153 36 8 2 128 90 90 50 155 82 108 135 58 57 56 1 164 16 230 30 57 30 297 20 89 4 7 39 14 53 79 19 465 28 199 54 91 14 90 48 210 7 111 60 15 49 127 74 115 24 209
0 25726 118 74 107 20 81 26 123 31 10
0 25807 38 92 63 177 139
0 25824 48 16 2 15 99 66 60 68 55 10 101 291 1
0 25935 265 71 340 31 64
0 26253 254 114 23 49 223 16 135 60 33 40 37 30 167 3 30 8 118 113 302
0 26708 151 64 147 20 253 17 134 74 77 30 218 57 44 7 28
0 26807 13 18 14 18 10 68 4 11 11 123 56 66 42 64 175 8 39 9 43 14 48 26 85 20 65
0 26972 73 25 42 30 16 4 88 6 85 23 84 30 13 27 177 1 87 33 149 63 1
0 27028 141 87 204 6 106 33 3 27 37 15 95 38 148 15 11 62 49 35 79 81 50 39 29 59 8 34 41 49 106 4 32 49 230 90 159 26 71 6 143 44 122
0 27126 127 47 26 10 32 103 66 150 67 18 124 54 57 57 43 22 36 8 218 6 149 90 86 6 78 33 128 37 148 37 92 100 30 24 93 116 165 31 154 9 139 40 300 15 60 89 43 9 77 12 25
0 27419 12 68 100 4 27 24 47
0 27423 28 6 30 50 409 4 88 22 52 45 368 34 46 152 21 10 91 29 145 115 81 14 162 76 213 23 83 27 507 4 201
0 27688 86 15 500 12 28 45 156 8 52 14 148 103 357 150 315 4 18 20 149 156 20
0 27879 16 115 143 40 5 51 111 59 68 26 6 31 180 75 179 116 304 42 370 121 59 7 3 16 137 137 611 97 13 50 20 6 25 10 160 20 50 18 64 105 17 47 166 97 150 333 189 103 88 13 253 4 99 20 340 34 2 65 119 64 120 64 97 14 87 29 155 128 59 43 207 69 92 20 61 47 35 54 64 22 47 20 32 9 35 19 26 198 44 69 67 107 186 14 66 37 362 38 97 75 75 60 200 92 132 24 31 64 18 48 189 6 47 27 13 6 99 62 288 6 28 52 173 27 7 103 66 81 11 18 2 31 73 15 33 7 14
0 28076 5 7 171
0 28421 121 96 15 27 52 17 7 27 35 116 4 86 30 100 145 91 101 23 167 114 123 4 68 91 169 18 120 73 85 34 373 61 14 3 65 2 67 29 107 4 123
0 28430 16 3 149 5 13 27 15 39 153 166 36 26 82 19 104 61 16 35 81 20 4 126 17
0 28491 86 176 67 57 232 142 57 22 42 45 20 105 241 157 24 17 9 110 96 43 250 8 92 36 115 25 51 52 354 105 93 34 24 6 199 7 56 12 79 201 18 3 52 23 1 55 45 133 53 10 251 32 27 162 56 40 16 65 2 28 13 46 5 246 6 72 130 95 16 22 12 156 116 10 107 24 237 17 47 106 150 70 384 134 323 32 70 66 170 104 121 39 135 66 137 33 42 2 340 22 94 9 232 70 91 11 68 3 50 2 2 17 81 55 37 111 287 37 170 6 72 10 52 92 101 20 1
0 28673 323 1 170 71 299 75 138 50 62 40 222 17 68 14 334 5 139 31 176 29 2 50 39 5 113 44 76 5 267 29 28 6 91 55 18 83 220 100 205 25 340 9 2 9 21 14 57
0 28725 70 24 108 59 42 76 264 7 59 3 28 59 106
0 28751 21 11 24 28 36 6 59 28 146 17 124
0 28793 144 190 99 114 126 9 83 8 90 14 88 7 65 14 111
0 28820 22 43 138 48 17 6 49 137 38 41 207 50 26 14 49 51 18 1 108 41 217 110 16 52 72 70 93 12 131 16 102 42 25 178 154 23 36
0 28840 43 13 53 20 6 71 59 10 90 31 59 37 199 59 57 11 532 29 63 38 25 49 34 43 473 89 180 21 8 1 31 30 7 32 31 33 23 73 250 35 38 15 69 127 37 64 93 15 26 10 74 91 61 24 145 7 138 20 157 12 100 123 25 57 6 59 13 51 55 34 118
0 29033 322 13 115 7 352 11 238 8 110 11 100
0 29439 6 75 31 48 13 38 85 27 178 9 33 5 468 93 218 62 18 32 82 34 39 8 2 26 50 37 10 29 14 53 49 11 120 36 33 17 69
0 29587 43 79 24 54 123 35 303 1 163 40 35 8 267 30 85 30 26 8 208
0 29696 96 150 82 43 78 53 26 117 474 15 83 199 48 16 43 8 112 171 9 1 102 63 65 34 229 70 3 44 93 135 49
0 30161 210 12 1 3 399 193 92 22 64 16 28 46 39 11 44 2 95 9 376 69 17 35 104 34 249 15 34 196 212 6 25 11 28 71 4 137 9 61 187 33 79
0 30183 91 44 62
0 30475 17 12 66 140 71 55 101 53 211 29 370 39 56 5 13 3 153 91 24 289 299 5 77 11 71 23 73 21 50 107 175 97 65 39 74 37 43 68 10 93 51 170 61 108 42 78 93 6 205
0 30709 24 98 130 18 27 1 49 1 65 26 184 16 206
0 30786 86 64 54 97 1 9 180 65 28 40 30 53 17 16 60 40 92
0 30877 196 1 76
0 30933 34 43 382 106 40 1 41 111 13 65 45 81 230 14 4 80 62 60 124 14 438 28 28 131 24 16 13 13 115
0 30971 101 27 61 115 59 62 356 131 14 27 191 59 87 15 44 33 59 112 28 28 101 104 55 11 99 20 46 43 36 33 150 155 119 63 240 14 195
0 31089 38 46 76 3 6 13 25 85 99 19 42 4 213 189 10 15 20 51 62 5 132 56 468 16 8 39 99 44 81 44 20 35 46 97 100 45 112 84 73 47 97 95 23 51 8 26 110 32 299 2 161 39 174 70 207 21 35 274 385 8 38 59 132 48 32 24 67 6 11 88 105 15 13 6 41 55 89 6 254 127 43 33 52 111 129 61 90 26 30 1 55 55 77 47 73 2 46 67 33 64 23 53 39 165 60 42 13 17 214 70 18
0 31286 4 44 17 44 90 36 162 21 25 9 46 68 11 17 141 12 314 47 96 23 50 7 380 2 67 86 26 87 3 64 12 58 15
0 31345 110 91 21 97 95 83 225 29 12 39 27 40 243 12 147 62 2 139 70 14 263 15 18
0 31449 85 10 95 176 231 18 127 33 208 160 10 10 83 6 27 109 41 147 285
0 31623 36 47 40 16 198 15 188 7 22 84 27 3 180 1 136 48 181 43 10 5 126 72 87 13 54 61 7 68 59 45 133 64 135 105 21 154 10
0 31655 25 21 29 130 73 40 98
0 31769 75 107 156 220 436 47 112 4 51 1 37 79 93 81 27 13 111 34 62 3 23 24 64 57 153 130 78 3 99 33 18 104 134 38 227 50 28 92 84 63 69 35 11 44 143 26 132 19 403 40 63 3 29 69 319 9 4 97 281 51 16 61 35 7 146 44 219 19 59 27 238 16 28 81 22 62 87 69 121 11 55 16 115 16 84 98 83 33 148 54 249 11 52 13 4 35 440 158 141 32 209 37 50 43 132 16 28
0 31802 10 23 41
0 31836 141 19 16 236 312 60 277 46 67 3 119 70 19
0 31882 24 47 202 10 44 38 197 21 102 70 153 41 14 70 177 75 119 65 352 22 72 215 21 5 201 29 65 18 254 20 44 43 109 36 6 58 12 52 82 58 311 14 72 4 160 4 8 53 100
0 31917 203 35 36 10 272 8 10 46 124 72 222 20 302 70 104 221 282 14 20 23 182
0 32063 202 33 51 12 99 23 50 41 64 92 108 13 54 17 38 28 66 10 49 16 27 48 96 47 1 43 325 8 92 81 30 157 23 149 183 52 52
0 32078 2 15 43 26 230 11 2 48 33 36 52 129 30 63 48 157 3 167 34 1 259 72 24 32 34
0 32175 32 32 3 8 5 76 249 4 33 64 59 36 175 138 413 43 131 82 77 18 14 30 123 13 95 18 51
0 32349 189 3 67 101 125 33 79 34 5 59 29
0 32695 39 11 186 140 3 44 167 136 217 44 68 28 121 33 174 52 17 9 170 33 5 67 218 139 3
0 32815 5 1 166 9 51 84 48 32 10 51 82
0 33262 216 69 1 103 514 176 293 39 14 7 160 17 25 25 2 3 41 66 66 2 8 103 129
0 33476 48 28 156
0 33604 76 109 44 1 10
0 33675 56 20 57 29 81 14 82 26 59 135 51 107 13 8 63 50 49 3 304 2 187 56 76 44 112 153 24 87 311 63 68 82 136
0 33868 6 75 36 189 177 18 10 3 91 93 118 43 2 5 114
0 34473 42 126 136 1 11
0 34700 185 28 131 1 10 38 125 286 255 18 284 179 99 56 181 30 138 224 91 267 68 54 167 20 22 10 55 79 20 85 301 1 61 57 70 8 177 132 219 39 27 18 27 29 86 59 115 7 11 6 174 91 146 11 53 19 49 40 1 19 8
0 34792 49 216 163 69 123 40 106 126 10
0 34840 10 48 9
0 35190 204 19 23 22 195 86 206 46 9 54 163
0 35388 84 10 49 5 9 22 94 17 19 19 53 114 13 6 14
0 35467 161 21 4 43 12 92 333 133 213 16 108
0 35486 97 3 25 13 273 195 300 15 4 17 112 193 150 122 350 12 200 14 22 98 66 5 68 126 110 148 506 48 449 94 124 15 5 131 54 5 22 94 229 191 47 22 1 181 142 23 29 190 14 82 19 36 139 29 31 82 11 31 8 5 12 31 235 65 17 127 130 34 10 74 11 126 22 183 35 146 19 33 34 45 116 115 16 42 12 38 5 3 167
0 35520 110 9 109 11 7 165 9 37 2
0 35836 96 4 54 17 27 10 233 39 250 108 22 9 31 16 190 9 97 19 81 47 54 141 61 51 49
0 35956 126 88 68 2 33 55 208 53 22 79 16 11 9 49 97 21 38 33 11 57 6
0 35984 20 11 10 158 2 29 19 54 168 29 64
0 35993 31 8 66 78 152 7 37 5 65 78 275 14 278 18 399
0 36167 286
0 36438 211 32 101 53 19 4 195 37 63 26 96 19 144 24 5 98 195 73 24 17 105 22 7 7 35 78 87 45 44 50 58 31 14 30 60 24 43 47 32 46 19 20 73 76 4 11 57 7 180 1 139 2 11 44 33 16 79 76 311 13 72 2 163 34 42
0 36506 3 37 183 45 108 94 86 6 17 48 14 6 59 91 112 72 56 11 23 9 8 8 48 30 245 22 57 33 169 60 179 2 14 12 641
0 36742 160 14 81 41 78 1 36 88 6 122 168 196 93 63 1 41 79 61 141 9 90 95 32 4 7 8 24 3 604 33 86 47 89 31 329 36 147 56 50 21 44 35 33 16 19 154 86 247 8 107 46 38 95 31 38 1 29 14 62 22 276
0 36744 71 47 16
0 36755 232 384 89 9 13 10 99 1 181 172 6 83 15
0 36777 59 65 20 21 39 35 19 4 62 11 31
0 36816 199 67 192 19 13 12 160 160 49 25 1 18 284 4 30 69 91 171 19 18 149 51 27 41 25 69 26 36 230 16 173 50 3 26 41 242 48 22 167 32 18 10 5 4 132 8 12 17 69
0 37263 126 163 31 79 44 143 4 35 68 23 111 14 135 64 43 1 79 111 9 59 45 4 43
0 37749 14 20 44 19 273 155 124 11 246 62 140 126 86 12 67 47 45 71 184 1 6 31 74 12 157 64 54 19 19 141 86 11 126 64 76 1 29 193 5 97 2 34 8 72 213 41 134 137 201 234 122 109 62 8 16 34 11 30 164 25 11 99 66 109 4 41 18 1 58 34 163
0 38307 208 32 102 11 188 173 36 103 121 149 86 56 64 19 219 133 227 55 94 27 178 15 90
0 38408 28 96 172
0 38439 10 55 4 10 163 29 166 34 47 41 4 103 10
0 38552 43 81 251
0 38582 174 10 83 74 407 5 23 164 92 179 24 7 2 10 58 212 65 18 398 102 11 57 17 17 75 13 3 31 128 149 60 43 161 94 19 40 238 33 27 52 146 104 5 129 22 9 69 40 81 70 137 115 35 10 133 4 93 49 17 306 121 5 11 1 84 23 213
0 38728 21 3 407 33 43 23 12
0 38806 64 93 90 81 99 71 75 7 100 6 62 85 128 149 3 78 47 76 3 35 255 20 35 10 49 36 216 62 10 41 88 51 90 2 5 27 199 31 31 77 194 15 112 53 73 57 16 21 81 50 147 35 128 35 152 9 179 17 170 61 73 102 75 50 67 25 123 81 20 35 27 4 153 77 81 82 227 127 228 42 139 34 27 110 40 55 92 48 110 112 122 54 78 233 79 36 155 60 61 97 203 99 8 8 93 114 116 47 113 3 278 76 14 21 593 50 10 48 25 6 260 53 130 129 18 5 99 20 7 59 26 127 7
0 38838 34 3 97 62 10
0 38963 54 224 56 22 52 29 87 96 74
0 39174 7 14 73 14 110 21 218 149 195 14 138 20 422 120 11 20 202 21 28 101 169 141 40 74 42 26 52 75 98 47 225 194 77 26 5 27 282 24 181
0 39270 57 67 50 86 179 97 38 79 119 45 56 2 140 73 102 24 101 100 64 14 141 24 284 23 17
0 39360 62 24 363 2 202 16 55 18 133 34 11 6 48 78 427 10 82 11 9 10 114 88 65 211 94 62 69 44 262 18 112 51 408 3 176 49 369 49 20 48 120 12 94 43 32 21 102 102 43 22 2 57 178 22 92 3 13 9 134 76 18 168 140 42 90 25 66 57 10 3 30 3 367
0 39453 66 102 157 27 20 60 7 70 53
0 39461 232 2 93 37 55
0 39511 30 22 12 4 41 54 11 117 30 154 21 88 18 34 85 59 101 24 31 18 7 51 84 11 54 11 33 65 242 70 137 66 18 46 116 39 78 2 316 77 168 7 100 29 61 95 10 128 225 45 102 24 58 4 90 1 197 42 255 33 57 6 56 27 121 1 121 16 61 85 58 19 15 129 25 5 60
0 39606 35 151 18 19 42 20 148 58 317 22 126 58 6 54 65 114 17 23 11 20 241 51 84 141 3 62 141 48 95 26 115 18 17 42 76 6 47 99 20 40 32 14 86 7 185 25 39 30 52 70 43 34 138 20 35 35 69 40 77 7 7 128 76 35 170 8 571 21 79 21 20 30 112 27 17 2 160 57 73 38 28 35 44 4 52 14 135 26 87 141 17 60 113 41 73 97 16 21 81 49 542 57 5 30 32 40 109 6 317 3 99 105 75 27 30 30 114 59 1
0 40039 53 12 34 370 116
0 40190 51 70 227 320 62 7 102 153 132 84 188 139 32 2 59 85 58 133 49 11 113 95 43 31 194 145 2 23 49 58 64 46 39 2 133 21 1 12 199 32 116 50 94 5 105 118 124 95 14 64 23 5 20 21 27 110 23 31 150 65 103 14 122 12 66 6 40 108 3 91 46 52 43 93 198 46 34 63 19
0 40385 103 32 43 15 6 62 29 74 76 7 83 190 6 49 6 101 160 17 22 35 212
0 40485 63 1 100 49 23 36 172 23 79 107 107 7 18 12 298 52 156 23 181 66 22
0 40616 92 66 75 46 23 34 144 27 292 28 4 27 47 4 183 26 70 38 47 48 26 30 114 5 81 58 4 77 42 5 85 27 13
0 40693 325 45 195 29 138 54 124 2 160 18 33 40 21 154 1 31 67 7 37 40 37 15 13 129 24 38 22 60 182 117 270 32 33
0 40749 87 5 318 35 42 17 66 11 139 230 98 49 155 114 21 15 295
0 40845 33 34 19 37 108
0 40856 130 7 33 33 1 46 4 2 18 45 611 29 47 81 9 27 42 41 70 23 18 125 11 236 28 25 22 19 265 31 2 66 79 119 107 44 321 4 66 21 8 45 28 11 107 29 25 24 20 1 98 138 272 15 103 9 10 35 146 80 40 87 138 194 65 11 137 131 108 21 55 33 155 14 49 38 62
0 41004 209 5 263 66 19 34 184 12 107 27 70 53 87 1 274 17 230 175 51 17 157 77 44 20 22 55 18 142 28 76 125 42 448 53 241 96 29 10 80 15 129 6 55 70 205 5 185 80 15 19 16 8 15 12 97 6 81 50 115 136 14 9 141 22 16 15 67
0 41087 18 25 6 19 74 143 46 102 138 54 45 75 33 1 12 56 13 60 163 7 121 1 74 18 84 272 193 52 44 41 178 58 27
0 41107 264 38 21 32 136 92 408 4 71 9 95 160 15 23 261 36 48 67 120 91 148 57 91 14 50 4 12 74 107 65 24
0 41306 347 66 15 100 111 48 59 208 237 3 116 96 8 31 87 32 62 10 9 25 23 12 1 146 8 11 63 82 156 19 105 92 34 114 34 17 3 30 1
0 41451 49 4 73 39 69 5 14 69 152 109 206 45 72 13 146 44 12 57 175 102 28
0 41785 52 17 104 33 75 59 25 71 30 40 60 15 37 71 65 103 15
0 42133 20 222 10 274 128 72 243 22 40 31 91 25 233 118 75 1 36 7 31 45 26 43 48 77 208 41 31 39 64 44 1 52 14 25 54 20 191 17 12 16 135 4 87 42 39 26 43 51 30 154 77
0 42191 45 2 245
0 42370 39 45 103 37 15 47 30 3 22 185 50 9 98 166 69 33 106 14 44 11 172
0 42811 40 12 82
0 43116 70 6 21 15 148
0 43672 8 158 87 131 21 131 196 2 166 1 208 30 27 26 9 40 14 115 6 84 11 36 6 21 80 37 173 13 334 33 69 10 102 20 35 54 238 62 60 26 58 121 147 36 45 53 84 49 174 12 135 7 19 57 75 14 399 47 161 13 18 4 194 34 96 49 27 73 47 18 87 113 86 84 52 51 50 100 52
0 44293 4 12 21 19 83 25 31 6 54 18 126 23 366 23 48 29 52 69 23 14 53 29 96
0 44780 54 128 84 64 57 64 10 58 18 101 24 51 17 40 106 22 98 188 17 49 93 40 190 18 49 53 33 18 160 58 56 47 73 4 42 1 115 120 32 125 238 17 149 8 32 82 225 24 376 3 37 156 13 3 55 10 75 119 55 40 88 65 107 32 206 3 14 82 111 58 63 76 91 83 113
0 44833 75 41 15 28 5 7 23 19 170 19 73 11 65 82 14 42 105 20 57 77 348 16 126
0 45011 175 50 108 17 19 6 26 18 7 16 26 55 6 87 101 18 35 6 18 28 34 69 51 54 16 39 90 22 39 49 8 153 41 25 85 38 14 4 19 33 313 1 43 2 91 85 9 32 5 127 42 34 10 21 187 34 299 11 182 27 63 35 48 27 126 7 156 2 41 49 23 6 105 2 29 61 44 9 182 156 103 16 38 28 130 142 40 192 323 45 111 106 41 38 84 76 90 67 1 178 9 24 70 158 44 38 268 195 58 47 26 43 42
0 45051 101 10 126 50 141 28 76
0 45276 266 37 19 49 194 5 93 29 262 6 132 2 34 45 27 30 8 52 235 162 89 9 231
0 45340 31
0 45396 51 16 455 57 241 32 42 52 42 14 50 106 137 52 113 8 17 67 40 72 64 70 39 41 37 145 13 1 112 11 15 13 225 86 5 5 6 31 404 19 118 126 84 114 7 5 12 74 170 84 80 61 246 128 50 79 55 69 34 5 15 140 17 63 17 23 50 9 1 84 2 54 75 28 280 10 86 11 248 17 37 2 54 32 17 24 59 40 90 53 30 13 47
0 45781 45 16 424 9 71 16 53 175 39 90 79 28 126 186 11 36 27 184 43 111 26 1 83 27 193 17 28 27 178 8 24 14 14 193 109 84 71 29 43 80 299 47 217 66 44 260 34
0 45793 473 3 337 101 25 29 34 89 604 38 7 94 298 30 10 54 160
0 45847 101 61 155 138 122 67 50 24 64 60 112 11 1 2 85 27 12 46 262
0 46192 168 4 376 4 7 14 14 67 38 141 64 8 84 6 101 7 21 6 221 147 5 8 73 6 29 48 170 67 43 58 37 13 17 29 34 81 92 427 54 6 153 1 133 1 187
0 46299 19 21 30 16 59 58 16 47 142
0 46395 226 11 125 5 17 28 160 78 83 56 735 1 63 27 339 79 417 4 250
0 46465 89 60 59 64 195 1 128 90 26 50 97 1 42
0 46568 251 35 19 89 18 72 119 4 66 40 24 87 135 32 22 45 35 32 131 14 108 3 66 48 91 49 85 43 261 35 160 67 26 4 181 146 171 162 3 14 183 6 144 44 84 19 203 24 247 3 5
0 46888 169 7 136 30 321 110 299 132 154 9 186 50 154 18 94 38 83 30 294 106 16 26 20 67 83 119 105 2 176 78 101 4 19 26 192 36 96 12 181 2 92 24 9 95 5 229 3 47 15 112 32 108 27 11 40 8 33 17 77 24 191 16 47 38 143 11 69 3 250 46 46 37 61 80 18 11 333 43 6 3 94 39 72 22 120 57 78 32 312 32 25
0 46947 195 89 11 53 15 10 49 3 43 41 161 2 124 73 25 38 60 21 17 53 108 265 62 7 11 48 81 14 20 3 26 26 19 254 63 16 23 85 6 12 182
0 47017 53 68 32 69 11 36 133 20 33 90 15 118 15 3 45 7 186
0 47478 218 19 52 14 84 52 61 26 13 144 169 17 15
0 47570 146 231 6 10 279 12 110 23 141 84 51 16 73 53 117 25 418 33 91 2 82 21 247 6 290 93 184 87 49 133 150 13 34 2 167 57 53
0 47630 359 48 6
0 47863 3 39 44 53 32 41 160 52 18 58 4 93 115 43 50 119 127 20 41 20 36 34 304 42 71 12 52 59 29 63 47 10 62 37 130 11 9 82 22 11 21 65 140 23 64 95 14 44 13 48 21 21 70 33 129 31 251 9 37 4 2 109 29 11 144
0 48292 141 15 87 120 29 71 26 97 18 35 156 1 5
0 48325 166 64 135 82 127 6 34 29 87 45 55 51 66 41 21 43 75 1 135 66 29 74 31 23 104 49 23 66 9
0 48327 1 8 124 20 51 89 100 7 6 168 42 53 33 109 13 39 506 88 2 42 117 14 276 108 111 56 35 34 11
0 48415 123 22 98 27 69 1 60 3 331 8 166 161 53
0 48580 13 48 144 59 1 105 144 35 37 23 31 64 56 7 78 94 71 93 346 33 20 10 16 127 5 75 118 51 157 144 3 8 151 151 23 23 45 23 124 17 23 3 42 1 168 27 37 12 146 45 30 16 24 156 31 14 2 46 139 1 39 26 154 82 19
0 48759 114 87 187 41 157 24 17 102 137 83 25 103 10 54 140 93 119 28 47 14 468 18 60 65 111 93 42 1 73 16 19 88 64 1 20 56 167 117 35 45 144 52 3 89 23
0 48910 49 51 83 23 2 43 123 35 461 88 55 43 169 5 36 54 167 13 17 22 9 32 37 16 25 42 360 33 2 26 205 5 86 29 91 3 83 51 42 30 131 88 1 13 43 1 38
0 48934 2 5 192 1 43 182 11 145 82 59 452 107 6 1 241 30 61 17 134 6 147 40 19 3 416 138 504 73 60 1 27 38 120 31 40 69 158 78 34 7 68 161 130 7 123 3 45 110 191
0 48951 68 32 24
0 49004 116 39 162 39 84 97 185 1 32 16 55 57 70 3 40 15 25 38 149 45 419 24 7 32 105 8 151 168 41 19 19 63 141
0 49113 239 168 48 15 51
0 49242 226 47 41 41 78 16 116 17 84 22 117 90 10 28 1 130 3 3 72 50 86 13 6 5 6 55 69
0 49358 313 14 68 2 41 26 11 3 208 8 5 44 19 12 248 15 1 77 84 73 150 27 171 4 87 21 56 59 15 15 128 11 33 78 56 12 64 24 3 7 55 49 96 17 4
0 49404 147 131 38 94 186 5 98
0 49414 112 22 43 46 65 93 68 20 59 7 85 91 68 6 19 43 148 59 9 15 12 16 43 2 29 31 35 33 89 9 85 19 18
0 49450 114 7 221 15 17 32 19 51 53
0 49517 405 60 87
0 49593 124 85 69 29 138 22 240 41 7 28 212 25 45 18 8 66 93
0 49840 110 61 262 69 189 133 109 1 285 11 133 52 13 8 31 31 159 15 28 62 1 6 72 11 52 9 5 70 46
0 49947 164 64 153 108 173
0 50052 30 14 22 35 12 22 77
0 50316 4 9 15 5 8 46 71 191 1
0 50785 55 7 3 63 129 9 170 11 6 104 211 13 75 14 58 15 70 40 237 2 8 16 55 1 387 28 592
0 51067 281 8 76
0 51117 364 11 526
0 51132 20 11 85 7 32 5 246 6 18 113 14 3 74 92 67 47 122 2 105 138 32 194 144 19 68 12 30 2 282 51 98 1 20 83 121 4 42
0 51143 114 145 243
0 51165 12 56 129 4 70 45 128
0 51188 32 6 36 1 75 80 330 12 83 30 21 73 1 20 12 11 3 51 60 56 77 25 128 57 54 20 397 83 172 27 103 49 9 23 103 57 143 36 24 42 73 20 66 104 115 13 39 44 169 20 39 15 10 103 9
0 51203 188 181 307 34 53 255 6 154 674 54 115 9 26 75 181 45 70 21 29 167 75 13 43 6 53 200 30 31 9 69 265 3 23 9 35 157 75 39 213 38 213 16 22
0 51330 51 4 559 8 40 11 171 54 132 76 174 82 39 106 84
0 51381 79 23 4
0 51496 76 21 82 55 143 3 433 2 70 98 2 101 4
0 51504 65 232 70 32 34 3 52 3 34 6 210
0 51654 49 24 47 23 301 115 191 22 41 52 22 45 81 10 50 221 48
0 51678 101 9 174 12 24 1 103
0 51694 64 34 20 6 126 34 3 15 21 91 177 66 47 6 111 124 273 73 10 6 83 51 111 23 47 131 83 217 63
0 51747 22 3 84 59 18 17 8 84 81 35 98 108 25
0 51902 44 12 42 43 101 114 138 3 112 16 103 44 12 36 26
0 52085 128 52 176 72 3 64 88 16 197 56 13 1 177 30 238 24 49 101 21 125 41 64 19 1 168 138 22 33 135 201 264 19 48 13 64 2 170 2 261 22 86 49 47
0 52175 106 162 36 4 40 98 225 15 17 34 66 41 35 13 352 45 51 14 55 152 186 131 29 79 57 19 25 73 12 55 185 18 161
0 52351 104 108 282 36 17 6 127 4 92 13 181 11 5 26 30 17 10 180 183
0 52552 70 25 16 15 181 82 80 64 41 9 185 76 208 29 212 18 144 41 91 19 56 99 12 38 137 74 67 21 199 17 129 57 84 54 127 142 119 55 34 7 76 34 170 169 247 98 119 168 66 63 82 17 101 127 31 38 193
0 52704 48 20 33 18 157 19 11
0 52787 38 184 1 18 359 53 126 34 30 24 259 2 659
0 52816 84 84 206 17 66
0 52818 24 49 121 31 168 49 105 3 194 85 189 25 18 93 23 68 21 41 48 8 130 83 371 47 131 7 84 32 82 98 401 75 133 147 7 7 219 34 244 21 103 94 2 66 15 161 112 12 25 62 178 115 100 3 129 24 18 37 157 17 41 44 360
0 52843 129
0 52927 39 11 19 61 116 12 47 47 164 29 343 38 16 33 43 88 342 19 25 17 228 161 92 97 198 48 7 59 68 6 243 106 15 119 198 25 12 6 200
0 53009 224 12 26 114 35
0 53182 77 32 47 168 267 28 62
0 53552 195 156 108 70 85 81 6
0 53636 129 5 195 10 93 1 128 17 147 1 86 45 118 7 77 43 70 28 18 10 101 12 79 14 20 45 6 55 117 47 27 41 208 219 112 35 234 90 38 47 23 16 19 18 29 21 138 98 13 61 310 31 170 3 6 8 97 253 2 3 68 32 113 82 24 17 34
0 53764 93
0 54436 61 64 94 26 30 107 318 5 258
0 54440 71 3 181 14 270 24 81 28 164 32 42 59 39 2 115 104 1 30 77 150 182 17 51 1 235 41 160 50 11 3 153 31 122 127 44 100 290 79 122 8 235 11 59 182 10 144 54 78 7 9 12 14 50 158 183 13 405 281 329 92 101 42 75 5 8 112 93 30 74 84 63 11 4 67 65 1 45 141 33 34 11 13 43 74 61 13 82 43 43 18 123 29 44 15 31 4 499 3 146 11 55 36 68 12 98 14 193 116 37 89 8 74 123
0 54510 101 25 58 62 263 138 17 54 70
0 54656 119 59 19 159 45 16 55
0 54742 8 5 76 11 44 275 188 13 23 69 82 12 22 22 11 3 233 78 78 97 402 117 11 30 66 92 190 54 31 12 16 34 159 23 19 3 4 42 75 57 192 11 226 76 26 95 62 10 57 13 48 6 106 96 90 41 78 15 3 22 366 34 90 12 113 72 99 101 14 51 185 2 28 14 74 17 30 26 69 125 74
0 54804 82 17 11 15 33 6 43 35 65
0 54877 91 52 115 106 154 15 9 2 89 126 79 45 62
0 54916 88 7 6 16 12 137 104 2 122 27 6 27 150 161 89 69 527 15 85 6 297 54 60 66 117 260 108 3 15 4 51 18 34
0 54971 16 28 249 5 24 16 250 79 134 5 203 10 55 22 53 9 64 23 44 2 76 88 99 8 222 60 152
0 55623 19 13 64 33 8 86 38 5 145 46 50 75 21 122 38 16 60 5 132 51 56 19 229 9 57 36 297 156 21 12 57 42 63
0 56004 35 78 182 3 21 45 1 33 21 3 107 47 162
0 56481 211 14 54 70 85 18 220 33 146 8 241 21 24 48 247 28 35 15 120 129 20 47 202 29 59 32 134 29 42 27 86 12 143 20 173 29 87 58 315
0 56482 153 11 17 60 267 4 102 28 425 18 14 87 157 2 24 59 372 38 83 127 172 18 90 60 27 126 96 15 52 131 42 59 49 10 47 114 101 67 55 42 88 44 23 70 49 44 14 9 41 32 113 37 208 10 139 195 136 36 30 55 64
0 56487 96 41 314
0 56560 73 76 70 87 47 27 61 136 60 13 30 5 297 1 60 296 66 106 155 163 66
0 56670 243 46 37 140 121 13 209 6 199 55 8 3 207 138 28 89 57 103 12 128 571 113 5 34 10 106 7 4 47 42 71 33 79 17 19 39 107 7 17 22 298 21 148 10 224 25 292 16 67 4 56 200 552 164 10 34 175 6 28 20 221 34 132 6 41 4 322 58 195 30 126 86 26 3 159 36 150 115 4 20 217 97 23 19 32 1 136 51 17 74 283 115 403 16 50 33 27 6 22 62 68
0 56717 69 37 452 45 35 43 59 1 411 42 120 23 79 94 75 27 37 126 1 2 52 168 188 28 31 49 2 17 179 134 97 54 9 32 81 6 59 12 182 3 146 31 9 3 15 48 70 17 251 295 127 21 64 21 139
0 56803 149 92 68 74 50 12 62
0 56856 34 4 9 25 3 114 11 48 25 9 81 43 64 38 18 65 11 47 192 22 296 7 31 47 54
0 57003 156 87 172
0 57307 295 32 18 97 80 1 214 41 288 11 166 22 198 74 42 43 43 36 128 90 4 22 71 52 225 70 2 125 71 38 12 194 239 16 64 85 50 1 47 107 275 15 26 281 88 85 9 2 102 4 29 17 91 81 261 16 85 24 62 82 30
0 57487 227 68 60 73 98 129 25 15 13 6 58 27 275 97 92
0 57772 52 18 53 9 211 36 368 9 233
0 58488 45 38 142 144 18 5 33 16 141 14 126 1 169 18 38 40 33 17 54 4 47 78 5 4 69 57 10 78 12 91 63 3 32 125 65 93 95 79 127 19 452 46 49 32 281 11 153 104 38 13 46 39 32 27 13 17 119 32 80 26 237 22 382 48 13 8 202
0 58678 27 16 38 105 36
0 58875 60 36 12 30 34 17 11 8 56 21 110 105 97
0 58927 27 49 30 58 83 80 27 7 58 5 388 105 318 28 95 46 26 9 55 16 15 24 34 70 130 7 40 80 29 122 3 27 160 5 28 8 42 7 1 114 11 15 95 17 101 4 9 201 5 87 25
0 59285 707 13 21 52 57 20 61 31 87 2 27 57 99 12 49 79 126 71 13
0 59506 199 26 15 85 7 14 85 42 30 120 36 19 108 30 22 135 22 37 74 80 78 3 142 1 137 28 41 11 24 7 8 31 378 11 91
0 59597 66 19 52 8 5 10 309 20 63 17 89 62 24 200 1 27 23 60 127 3 186 19 70 74 280 117 358 20 78 59 185 72 175 289 15 5 103 73 9 104 6 18 261 81 122 70 27
0 59653 101 27 199 78 96 41 264 144 254 43 30 46 8
0 59715 36 138 62 65 68 107 94 4 10 20 63 2 342 9 106 66 178 11 107 92 15 48 19 364 105
0 59748 27 13 6 27 235 190 95 19 217 10 58 71 4 270 74 25 42 136 27 28 174 89 116 124 8 135 24 8 8 88 64 65 21 67 88 16 43 28 75 35 198 6 23 74 206 32 149 28 5 92 46 77 14 1 87 76 246 4 36 55 26
0 59971 84 7 294 25 5 60 35 19 70 85 223 84 350 34 55 52 7 3 195 2 39 3 382 14 57 1 27 20 546 169 19 51 52 184 47 32 111 31 34 2 103 31 191 2 479 57 24 34 343 26 343 108 91
0 60209 220 27 89 4 23 18 319 28 75 16 150 67 140 18 5 15 222 27 291 89 23 19 62 6 234 48 251 5 12 161 61 66 183 41 7 54 62 78 366 14 85 84 317 65 5 65 105
0 60631 8 7 31 6 444 54 399 23 27 18 54 162 96 38 39 159 31 79 13 43 15 6 130 87 223 243 395 14 16 11 18 17 74
0 60736 187 63 133 21 16 185 29 6 84 148 61 46 52 168 15 52 101 6 21 3 173 19 30 22 129 2 90 44 46 25 199 21 23 2 205 32 66 20 11 4 3 6 79 58 88 94 139 47 24 27 86 14 44 119 16 25 15 28 44 1 97 29 52
0 60749 224 18 237 175 152 27 19 61 171 8 72 25 184 10 4 33 232 3 37 35 167 29 10 14 31 15 27 16 8 59 57 17 48 114 25 15 143 4 80 84 66 257 215 55 198 47 35 48 248 2 86 127 2 109 214 7 23
0 60822 62 20 20 8 69 66 1 113 237 75 60 15 27 31 253 68 274 16 293
0 60904 263 2 33 26 18 8 238 63 68 48 194 45 177 18 21 46 100 36 94 47 190 155 14 41 119 59 121 24 99 7 21 11 58 28 49 50 88 80 67 24 23 51 55 120 36 21 189 5 116 11 110 41 23 67 227 28 71 10 168 2 106 46 180 91 11 19 124 13 90 79 205 121 113 15 113 25 5 60 57 131 23 20 127 7 14 57 91 6 112 68 95 19 64 16 60 20 14 75 28 1 4 2 30 67 24 7 109 77 202 13 99 30 23 28 134 69 26 52 16 15 142 117 49 57 10 24 5
0 61276 45 68 102 5 23 1 39 2 9
0 61280 19 127 8 58 114 30 27 9 141 176 26 5 118 13 120 53 16 154 39 51 280 66 86 14 34 179 20 107 66 56 383 76 34 135 16 94 13 3 120 62 42 12 59 44 88 27 20
0 61556 30
0 61613 211 56 168 39 171
0 61654 41 31 262 4 38 7 101 1 8 15 19
0 61668 227 4 102 6 164 81 80 19 26 52 1 3 2 16 82
0 61684 259 4 65 7 45 33 92
0 61701 1 31 7 123 12 12 146 67 83 15 39 132 218 36 107 46 52 17 213 24 80 7 74 43 29 28 220 15 10 54 128 81 9 16 9 43 136 24 19 19 125 96 28 30 19 4 74 1 87 279 12 21 1 50 78 64 69 20 80 10 54 8 2 32 121 34 204 1 54 61 189 41 66 21 116 18 6 5 28 81 21 97 98 129 121 6 272 7 61 16 151 72 785 13 6 22 208 40 153 13 44 74 2 101 71 16 168 3 221 82 66 49 245 42 372 40 38 35 46 26 110 36 174 63 9 53 45 42 62 20 468 8 181 38 67 42 37 11 21 46 2 20 103
0 61786 72 1 125 1 168 10 252 92 236 30 10 32 12 117 173 67 60 69 149 26 63 7 39 9 122 19 5 16 84 45 78 42 103 76 140 20 210 28 208 21 90 7 166 67 184 30 43 11 131 109 74 18 2 37 309 10 129 36 180 73 78 53 96 70 91 46 143 9 52 10 114 124 279 37 58 43 63 10 5 48 335 46 127 14 27 96 48 74 11 141 17 178 147 83 5 60 9 36 159 15 29 3 83 67 133 8 23 34 10 34 239 23 272 29 73 20 115 8 196 10 58 161 87 123 4 13 20 20 72
0 61854 104 187 6 30 92 51 37 15 118 56 27 69 411 52 88 148 34 47 89 35 45 7 117 178 140 22 258 14 309 102 49 6 95 50 76 4 60 97 52 11 27 44 246 4 293 95 45 15 269 22 37 217 21 55 177 49 79 11 189 86 142 97 268 69 120 72 81 18 14 6 28
0 61937 70 26 32 72 155 210 63 113 2 11 84 66 34 71 104 17 264 1 133 27 30 16 43 5 132 27 166 22 165 87 36 35 63 71 8 16 23 46 30 42 44 8 36 121 119 88 100 9 97 2 3 3 86 35 127 10 28 29 259
0 62037 30 6 71 16 38 11 23 44 73 1 38 147 53 38 49 11 326 39 9 135 163 18 61 130 3 8 60 7 1 63 62 36 405 115 59 1 8 14 379 57 136 9 343 50 41 53 106 139 65 85 73 24 88 16 63 8 107 21 72 22 214 24 121 2 24 5 121 189 37 163 157 16 134 70 76 6 27 4 58 45 16 97 59 78 13 36 116 9 1 54 65 23 130 91 252 7 93
0 62207 136 23 92 115 12 28 37 7 269 42 62 18 8 38 87 54 6 9 98 28 112 7 82 40 86 117 103 186 39 16 126 62 68 98 96 11 34 31 226 14 90 23 29 37 100 41 44 20 8 14 54 91 390 26 35 95 20 38 4 94 24 131 58 12 104 149 87 181 95 67 61 8 341 110 45
0 62241 44 9 121 190 87 37 57
0 62407 219 37 19 69 45
0 62491 45 28 8 58 525 24 9 31 17 25 116 233 85 11 112
0 62544 299 14 102 23 19 57 38 52 41 3 101 18 101 15 187 7 55 22 33 25 99 9 128 49 50 10 78 9 188 5 3 23 39 79 43 14 34 1 62 36 5 113 33 19 59 19 2 37 180 6 90 57 43 10 11 22 77 51 95 7 114 17 158 60 50 11 170 178 132 128 16 96 91 17 27 18 6 159 184 67 34
0 62952 229 115 36 46 37 48 34 64 52 153 310 198 56 167 2 26 76 113 74 63 139 50 41 5 75 70 388 40 43
0 63152 85 12 16 165 28 2 119 14 88 13 221 168 41 68 247
0 63269 28 33 13 56 23 6 49 8 70 34 69 96 1 51 95 88 135 114 12 8 108 202 57 1 36 108 1
0 63308 177 17 79 17 84 11 32 70 135 43 686 80 129 14 55 24 265
0 63400 112 43 159 59 12 111 266 3 37 255 62 51 60 121 8 36 61 114 87 31 45 65 119
0 63411 82 1 81 22 196 1 25 51 15 318 16
0 63481 36 31 68 59 75 57 133 7 31 41 12 30 238 141 82 57 36 77 48 4 68 7 69 44 52 65 34 15 110 18 122 36 49
0 63619 176 43 278 19 84 40 41 28 23 16 94
0 63902 2 44 127 174 20 78 140 88 44 42 20 75 3 36 138 21 28 102 7 120 159 27 83 9 32 62 191 15 21 8 38 43 15 65 162 27 105 26 48 9 152 51 193 20 18 1 113 128 46 120 53 41 6 69 110 37 364
0 64209 3 67 231 37 2 32 340 7 18 5 131 9 74 3 131 13 38 78 41 16 133 10 283 123 28 1 84 25 10 9 255 166 269 3 6 51 6 30 156 16 245
0 64284 185 172 36 26 17 3 45 6 323 10 114 179 83 19 71 2 17 39 42 53 186 4 343 154 209 44 59 61 47 154 19 2 203 63 23 4 38 13 41 5 196 30 68 26 19 10 19 51 47 30 33 142 281 21 342 75 7 109 43 76 5 198 6 83 35 26 156 21 40 36 142 20 584 48 4 10 181 102 37 21 5 9 80 26 14 67 45 25 82 26 62 29 35 14 12 1 404 46 96 50 8 44 7 77 196 161 371 10 91 61 557 78 81 120 38 33 123 102 129
0 64363 105 38 66 118 221 51 9 6 95 11 1 20 26 8 625 7 81 218 321 21 37
0 64988 134 19 39 107 103 82 87 161 121 30 13 25 268 47 132 69 148 32 89 18 95
0 65144 15 64 9 58 85 281 213 91 3 15 215 14 46 2 11 21 84 13 49 11 181 37 61 44 70 3 22 28 53 18 196 39 27 1 296 91 141 133 102 61 25 5 5 6 111 96 11
0 65357 43 34 361 35 252 320 237 17 11 22 233 157 280 10 235 60 53 43 200 24 99
0 65482 45 32 22 12 133 133 67 255 178 10 29 221 8 89 112 71 54 58 161 21 11 148 178 3 7 2 3
0 65490 93 33 4 21 196 8 525 12 20 6 4 19 209 68 61 45 225 25 64 78 176 61 117
0 65560 112 69 2 85 158 105 8 45 11 35 253 20 137 31 16 4 489 116 92 28 19 98 230 37 51 150 41 76 171 43 46
0 66347 185 47 117
0 66461 87 129 127 192 196 6 154 47 344 26 114 11 161 24 73 75 73 115 53 8 113 13 2 22 112 136 62 3 167 9 47 4 318 15 174 17 19 30 16 14 135 12 141 14 234 6 74 252 97 22 348 72 13 60 3 38 49 67 34 1 26 1 62 85 70 27 16 21 123 49 21 1 88 3 107 85 16 5 220 88 43 80 5
0 66699 43 34 62 100 143 52 90 7 48 98 132 20 104 102 177
0 66761 50
0 66849 70 66 5 50 103 69 129 20 97 120 74 8 169 14 22 23 563 24 65 55 343 46 119 36 352 8 10 20 31 16 99 2 185 39 92
0 67066 43 5 64 55 29 20 84 34 134
0 67215 72 112 269 30 87 25 268 43 213 73 23 182 190 36 120 4 6 24 14 57 30 2 54 1 80 39 21 27 271 168 11 65 3 22 242
0 67534 31 69 5 15 34 23 202 29 44
0 67741 7 7 302 1 15
0 67864 161 12 100 72 16 43 44 50 18 75 11 20 252 26 42 34 57 39 12
0 67933 80 14 365 33 24 15 373 7 32 201 50 80 115 53 30 75 112 6 26 13 103 20 104
0 68186 302 68 48 7 9 15 39 34 133 28 186 208 21 117 118 16 67 47 236 10 10 111 86 37 106 98 89 33 4 53 63 29 325 90 7 5 21 102 54 8 104 74 163 1 148 52 40 44 27 89 525 19 20 56 2 109 73 107 16 64 17 41 88 233 44 37 198 2 81 82 119
0 68267 46 12 31
0 68271 221 172 14 139 20
0 68371 44 157 123 16 118 7 32 1 32 138 100 4 313 15 35 57 26 29 174 81 214 35 86 69 119 10 6 9 111 22 197 85 130 4 7 76 102 28 86 2 491
0 68404 5 127 485 24 262
0 68430 82 65 208 60 43 53 40 75 29 5 62 187 263 17 9 44 42 88 18 13 385 41 440 18 126 53 32 37 93 16 39 211 160 31 77 45 79 7 7 11 229 31 75 8 37 64 368 8 132 74 25 83 45 10 112 55 21 8 112 50 2 17 13 11 77 179 134 16 234
0 68459 26 54 143 12 160 2 28 13 12 108 100 124 130
0 68461 246 70 85 46 80 21 89 22 92 2 85 53 36 74 59 45 1 52 14 117 86 22 88 8 14 107 214 22 55 4 68 35 89 38 9 141 38 6 91 12 124 74 8 7 74 8 21 28 19 1 133 126 29 28 349 1 3 61 58 17 12 4 75 15 51 133 112 18 168 13 39 50 9 4 55 28 349 44 14 18 333 81 234 129 68 98 406 4 377 37 43 1 536 3 6
0 68839 98 82 86 4 61 156 62 32 68
0 68924 69 181 64 21 9 105 52 20 85
0 69138 176 79 24
0 69199 42 24 48 17 257 1 64
0 69242 317 77 172 18 42 76 59 37 86 8 56
0 69244 1 17 40 38 85 122 33 2 27 41 88 133 22 52 265 33 60 60 175 32 86 49 96
0 69332 14 39 1 31 63 70 173 23 54 2 84 102 22 64 36 67 399 36 101 171 397 1 245 85 1 6 116 18 34 10 249 52 102 142 61 10 270 13 220 10 139
0 69414 87 8 109 20 36 65 94 20 76 42 212 29 125 6 276 139 317 70 146
0 69720 4 1 22 57 126 213 15 38 281 11 68 53 64 101 99 48 117 73 200 137 106 8 55 22 33 50 11 107 119 141 255 287 233 13 29 31 14 49 63 44 130 23 254 89 314 43 44 26 204 10 61 42 22 136 143
0 69795 24 73 4 3 151 13 216 16 136 26 206
0 69891 99 27 100 19 42 67 90 1 454
0 70180 54 16 70 71 105 22 245 8 232 48 131 58 8 52 21 64 25 29 13 25 4 22 20 133 146 124 14 128 15
0 70460 93 171 34 6 114 4 201 16 110 79 15
0 70560 115 45 57 94 175 40 59 3 114 68 72 96 21 54 60 58 94 33 17 32 153 25 211 38 94
0 71067 51 90 65 41 71 9 125 22 181 38 15 54 156 40 214 8 5 19 266 53 104 4 115 97 62 13 127 47 147 150 55 42 14 3 109 43 72 46 4 30 51
0 71264 182 57 148 68 145 16 8 14 24 68 101 51 179 73 19 16 113 55 154 126 384 20 1 159 2 59 159 15 170
0 71357 29 20 141 107 33 14 44 46 35 28 55 48 94 136 78 37 125 58 69 118 72 19 143 36 83 64 110 47 29 15 144 44 58 139 207 36 190 129 61 49 29 146 33 40 96 60 224 66 83 19 297 36 150 94 36 47 70 8 122 40 2 37 13 116 96 35 133 18 167
0 71444 4 18 97 113 54 92 34 11 164 31 53 85 142
0 71494 881 69 157 66 28 61 97 191 119 16 106 35 23 8 54 167 102 69 49 33 383 9 42 60 79 25 154 25 253 45 179 17 62 20 200 59 90 85 89 25 303 13 20 8 187 40 286 46 159 73 40 4 124
0 72115 24 49 25 39 156 17 148 74 28 23 36 12 157 160 111 29 345
0 72132 5 38 135 22 7 35 32 40 4 168 45 42 105 5 101 67 49 9 78 13 57
0 72202 30 19 96 54 131 35 143 62 26 6 20
0 72379 69 9 72 43 9 46 18 98 106 39 96 2 6 9 108 41 108 29 15 41 138 149 94
0 72381 19 56 59 7 128 63 14 96 19 67 25 31 31 28 4 31 209 151 299 130 212 88 227 107 46 58 178 61 59 5 11 26 163 15 355 1 238 12 12 81 41 124 159 52 61 108 3 48 2 8 79 93 77 52 303 95 251 207 118 39 78 62 139 104 80 45 44 21 176 9 112 28 8 181 295 108 46 20 261 132 15 84 117 16 27 39 36 51 28 75 118 68 106 53 34 13 229 51 148 2 52 162 42 99 9 14 23 62 130 31 34 143 116 1 1 42 14 31 347 118 3 54 80 5 85 9 84 110 72 8 86 22 10
0 72440 20 9 18 90 135 83 1 44 91 36 125 1 111 70 163 13 54 255 55 47 6 8 36 6 37 3 138
0 72453 253 8 396
0 72538 31 135 122 68 11 159 21 23 87 35 220 51 84 55 143 64 99 41 61 9 247
0 72623 33 26 55 4 106 50 62 26 103 23 149 69 6 103 29 41 83 270 28
0 72653 158
0 72728 87 29 51 25 82 109 155 46 39 312 25 106 39 3 105 36 204 241 49 147 61
0 72761 75 175 42 98 110 65 30 4 197 3 128 51 44
0 72905 157 40 38 16 119 96 269 59 49 30 48 9 51 6 239 29 347 46 21 35 333 118 277 24 151 21 25 22 162 65 158 74 160 74 21 148 114 14 61 51 184 96 140 17 14 84 218 41 239 118 417 51 90 4 52 24 6 21 75 85 11
0 72942 31 9 9 67 15 42 126 4 98 15 213 19 47 138 111
0 73521 72 24 4 12 180 97 66 72 109 71 164 2 57 36 38 35 168 27 400 194 99 7 87 4 190 70 122 38 162 108 70 93 115 13 179 16 140 64 56 135 38 7 76 32 85 2 1 98 31 111 123 39 72 27 32 23 632 53 190 50 19 2 219 13 28 42 242 135 76 28 133 10 54 6 39 27 104 66 91 31 91 9 37 146 3 101 144 30 116
0 73527 35 2 12 51 66 54 60 18 22 104 251 67 147 11 23 65 90 100 9 67 9 121 274 95 165 11 94 19 92 10 26 19 10 18 154 2 269 4 480 10 263 55 52 33 68 138 194 13 3 31 13 40 74 124 187 27 179 32 35 17 65 159 80 8 415
0 74026 210 55 64 90 237 9 198 65 173 13 99 50 64
0 74407 84 4 288
0 74504 103 68 44 5 203 29 260 67 32 4 208 43 94 54 36 89 17 44 110 137 152 131 116 69 194 81 62 18 219 66 58 59 94 27 12 106 7 4 166 78 225 36 3 45 71 9 13 1 49 22 235 9 17
0 74515 168 13 70 61 327 8 53 43 24 93 30 82 167 128 1 99 21 1 129 59 40 17 37 49 133 40 8 61 117 23 107 41 200 104 95 61 258 42 254 52 55 59 219 45 266 2 1
0 74642 11 115 11 170 208 159 228 10 2 4 48 21 89 67 43 45 233 66 11 26 5 6 77 30 211 1 26 12 24 12 343 42 280 54 117 23 64 95 255 245 175 190 91 2 7 34 168 94 99
0 74793 205 10 51 67 62 21 87 104 125 41 112 84 278 90 3 10 8 86 256 18 31 4 51 72 103 71 174 48 55 25 96 89 147 13 242 63 30 16 16 7 20 46 31 37 478 134 100 109 92 75 329 15 119 53 1 60 15 10 75 168 2 43 145 198 45 20 88 39 6 34 81 14 98 97 94 209 18 117 22 24 2 4 61 120 7 11 157 38 199 35 247 13 77 93 97 22 244 97 123 64 92 1 171 69 50 35 62 194 259 82 21 15 106 27 116 67 216 16 88 89 23 128 163 61 81 58 125 55 13 6 112 26 59 82 33 8 42 26 26 45 235
0 75065 30 13 113 8 41 26 177 86 6
0 75109 104 57 10 9 70 75 141 15 288 51 77 201 352 168 42
0 75327 238 16 115 19 100 2 85 4 54 62 258
0 75354 84 81 361 75 98 102 26 60 84 31 37 6 3 2 36 5 375 19 61 152 45 15 19 59 84
0 75434 8 17 100 73 77 16 61 5 63 20 40 151 141
0 75490 42 137 41 27 257 12 79 57 66 101 83 28 10 54 31 109 191 14 90
0 75752 15 103 4 134 256 42 43 153 11 131 78
0 76003 66 26 222 49 29 69 50
0 76089 41 86 148 40 310 13 62 5 188 19 224 38 295
0 76096 120 118 30 27 101 101 76 25 104 10 6 19 121 9 241
0 76113 3 24 99 6 154 5 231 23 143 1 47 13 350
0 76335 3 5 66 87 54 13 163 109 369 6 119 9 98 24 333 129 214 12 74 70 56
0 76492 82 53 136 10 110 9 54 25 114 5 48 146 25 25 16 65 350 56 38 29 72 91 51 1 89 8 2 29 60 48 252 87 157 30 8 4 83 22 60 2 134 8 21 173 94 24 57 1 205 17 88 25 281 32 127 43 89 32 35
0 76853 51 21 97 3 69 346 144 133 52 68 59 26 257 42 64 131 88 7 45 72 35 22 76 17 62 47 6 53 1 99 94 38 53 42 141 106 396 34 7 25 134
