0 0 43 86 4 47 73 30 54 114 38 108 4 92 24 34 24 2 22 120 229 57 27
0 62 20 15 37 80 207 49 68 48 64 39 23 41 83 82 19 14 107 64 106 27 30 5 11 9 116 81 6 97 2 270 198 15 131 138 64 8 245 1 631 45 21 25 573 75 12 56 499 42 117 12 37
0 80 411 20 161
0 142 451 16 8 73 152 196 112 13 56 53 21 16 47 4 122 225 24 37 77
0 275 88 64 169
0 389 336 21 143 68 32 15 5 12 151 260 161 115 37 21 427 65 52 110 97 32 339
0 527 300 20 65 128 8 1 86 3 409 86 120 15 279 8 128 29 195 33 83 28 84 52 44 50 12 23 4 77 26 231 14 85 41 23 10 91 212 36 84 1 318 9 2 18 63 11 14 6 194 72 53 39 153 9 342 7 81 44 46 153 34 31 175 82 11 32 187 90 88 13 43 73 212 15 23 50 70 17 128 56 375 42 48 74 224 78 73 18 159 11 27 34 98 38 3 31 10 3 1 8 58 90 91 3 94 53 243 6 85 23 95
0 531 76 20 30 22 22 13 23 77 14 5 72 11 231 253 67 6 15 98 437 41 94 187 72 18 3 44 160 3 25 136 64 214 91 34 68 40 32 66 47 7 79 11 104 189 15 6 94 58 77 65 22 21 70 17 137 30 20
0 605 235 21 38 12 60 94 8 40 170 109 191 32 180 30 65 2 57 14 231 112 12 24 19 148 19 40 191 28 34 18 76 70 125 9 86 52 28 49 12 34 167 114 86 3 30 50 138 33 7 27 62 30 132 78 66
0 668 68 9 153 23 83 38 180 103 68 55 4 20 180 45 5 1 52 22 130 19 172 6 12 18 27 133 34 29 218 28 30 14 110 65 43 22 195 77 149 7 23 108 119 190 95 76 80 44 29 43 55 154 10 48 267 48 206 23 68 33 1 10 141 78 13 17 207 8 201 5 30 19 18 20 171 10 13 101 11
0 897 48 1 223 40 20 137 287 62 162 47 63 10 100 3 12 215 11 40 29
0 1007 13 21 63 39 62 15 105 76 536 15 193 48 11 40 21 78 35
0 1028 90 16 112 78 167 220 70 9 118 30 37 41 36
0 1112 173 43 172 77 479 20 55 65 9 8 22
0 1130 203 99 54 48 354 7 80 56 101 82 85 6 105
0 1793 33 71 99 54 35 4 147 79 3 39 44 53 42 22 267
0 2162 401 117 46 2 211 160 71 14 215 71 123 2 165 19 6 51 108 84 109 13 145 48 10 43 31 69 43 38 188 66 356 22 138 6 61 13 5 6 279 170 60 102 139 18 97 41 120 31 146 29 104 25 24 6 345 32 4 191 244 43 88
0 2383 26 279 147 3 171 18 8 36 18 79 2 131 342 81 34 9 178 46 13 50 75 59 142 5 306 11 69 70 115 2 27 27 90 12 48 31 36
0 2475 111 106 122 13 4 71 25 58 74
0 2576 90 158 298 27 34 54 27 13 141 27 189 67 39 106 14 9 29 186 37 56 9 30 23 15 18 108 13 2 200 101 130 111 4 2 76 203 61 74 46 21 53 52 93 3 18 53 170 91 88 22 26 30 50 32 111 3 7 180 110 4 2 40 295 122 127 17 204 7 6 8 37 25 128 55 3 11 64 50 196 56 115
0 2577 1 6 28 1 121 54 56 72 60 115 180 135 11 95 68 72 82
0 3108 39 140 27 81 388 30 66 24 173
0 3195 75 11 45 4 114 10 81 39 19 27 75 40 123 73 71 59 26 98 35 79 8 38 98 65 25 55 128 16 93 4 13 4 105 17 185 36 206 28 115 59 52 28 401 13 475 14 320 129 89 53 477 26 40 79 141 23 3 19 38 20 175 23 76 7 136 18 17 17 15 149 12 19 25 64 24 47 111 7 97 16 28
0 3394 20 18 154 11 12 42 27 116 52 24 232 75 128 104 83 65 104 16 75 17 189 47 5 188 37 33 136 75 41 51 118 133 17 9 44 26 64 233 5
0 3535 98 21 72 257 1 79 29 4 12 33 178 18 86 81 36 35 144 66 209 70 73 167 77 79 169 7 238 21 7 12 72 63 51 16 7 114 11 27 81 30 30 132 74 73 104 10 85 151 78 4 186 39 109 47 70 68 46 20 159 13 23 71 58 70 139 108 39
0 3638 16 52 55 9 31 35 31
0 3749 400 10 207 25 91 56 221 3 64 90 117 133 99 53 176 18 272 92 222 108 272 34 81 73 3 6 50
0 3963 147 107 4 7 232 29 67 98 2 18 65 66 51 25 316 39 207 105 32 41 33 28 96 63 19 34 28 20 220 7 3 119 73 111 82 106 178 23 12 11 51 71 61 26 132 129 11 43 141 52 68 43 204 77 71 19 111 36 2 2 119 152 36 6 82 19 151 45 75 21 3 19 323 56 259 126 255
0 4089 40 182 179
0 4287 71 245 126 6 128 12 84 57 33 127 187 20 80 20 82 28 109 143 33 44 173 164 47 59 174 25 20 74 59 100 44 16 1136 46 6 29 74 10 27 4 241 77 25 88 175 32 90 201 64 15 127 109 225 20 31 5 45 31 121 24 435 29 43 9 20 108 14 153 28 84 36 111 33 40 38 105 118
0 4336 30 30 101 87 90 2 131 72 92 1 125 34 63 16 40 4 104 12 45 73 42 69 85 17 89 50 27 50 138 160 47 96 126 18 234 60 230 22 16 52 42 49 1 17 168 170 64 20 3 8 62 58 22 45 26 37 45 8 259 61 277 75 167 72 119 12 96
0 4403 233 40 72 60 51 12 44 36 23 15 98 48 194 37 47 13 31 37 406
0 4547 4 93 108 54 48 18 6 10 113 22 112 36 23 13 38 10 17 80 8 12 8 17 3 1 327 17 98 57 8 21 10
0 4823 13 42 158 5 65 3 216 10 50 69 189 5 86 16 364 72 22
0 4870 17 2 120 29 171 14 171 119 62 17 87 11 29 40 129 47 15 10 69 36 66 38 314 104 130 17 80 61 58 26 39 112 95 64 104 71 50 4 38 10 94 4 12 8 181 50 210 39 95 34 12 1 89 23 133 25 12 9 130 15 138 61 91
0 5077 47 33 16 15 74 110 8 27 48 60 175
0 5079 221 7 58 26 22 45 118
0 5139 266 222 65 128 125 19 13 99 150 49 49 52 63 29 68 2 11 44 45 99 57 7 66 35 34 36 95 35 43 2 271 97 200 22 170 1 261 133 3 5 29
0 5149 358 43 267 21 81 23 181 139 58 109 6 12 35 97 21 63 45 17 3 86 92 75 22 104 4 14 6 204 74 83 114 24 55 125 46 46 91 41 21 25 104 13 62 11 262 28 258 40 11 35 72 3 83 3 63 63 343 39 47 102 98 33 34 135 9 23 636 115 129 14 94 10 54 13 56 1 103
0 5194 184 54 107 31 16 14 158 25 22 48 68 67 21 5 165 21 35 31 33
0 5209 47 19 241 224 378 21 14 68 317 6 284 4 64 54 129 8 111 101 229 56 178 7 41 61 29 82 163 27 316 100 80 59 73 63 191 4 111 89 90 17 112 80 55 50 98 52 19 61 136 19 53 132 321 35 7 15 113 7 2 29 116 68 33 37 90 34 71 82 3 8 140 66 10 164 69 10 27 10 1 18 131 165 165 24 80 95 24 112 4 31 363 58 56 76 74 48 106 164 223 35 11 40 124 8 71
0 5254 28 4 121 24 165 5 31 64 71 18 145 19 21 10 31 120 260 132 21 105 54 80 30 95 63 1 10 16 73 132 115 17 21 33 32 12 40 32 58 175 81 13 135
0 5543 75 54 10 97 51 89 95 8 189 1 16 23 185 58 123 342 8 15 5
0 5641 65 17 16 4 171 24 62 12 289 13 93 52 90
0 5952 34 92 48 34 30 26 202 67 97 35 164 24 90 63 101 1 22 57 98 3 17 32 115 4 78 15 18 13 14 18 11 5 31 27 20 34 30 23 3 87 126 54 16 77 78 44 111 117 57 30 2 116 168 4 220 42 4 33 243 137 115 158 60 39 76 132 83 67 41 5 58 54 48 5 90 58 13 120 66 12 104 18 229 23 6 169 113 8 12 151 127 345 72
0 6048 140 18 30 8 140 93 122 96 46 45 117 8 9 56 157 40 14 293 90 30 320 4 103 11 480 19 29 77 81 110 44 38 63 41 42 14 106 148 50
0 6248 12 64 202 2 216 11 22 10 163 87 239 25 159 14 1
0 6701 25 126 125 2 145 7 100 5 6 113 8 80 69 71 3 84 59 17 37 17 311 37 173 8 2
0 6706 118 29 59 34 13 16 57 130 27
0 6809 113 67 32 6 39 133 9 162 6 17 3 77 54 189 20 40 41 67 62 59 126 79 97 212 44 92 190 18 84 8 89 23 2 122 20
0 7047 306 56 89 36 96 56 73 84 96 58 133
0 7068 108 28 164 1 21 4 76 39 34 39 156 32 211 2 157 23 218 68 99 31 24 45 66 34 5 20 47 51 216 44 24 2 77 21 61 53 22 4 308 68 130 124 96 72 22 61 224 9 30 12 97 11 36 86 43 36 223 4 12 70 158 48 112 151 228 111 15 15 21 39 58 2 66 79 35 41 103 1 23 2 403 30 49 30 136 134 148 73 270 11 17 54 43 40 116 9 17 125 62 42 46 68 43 12 67 19 221 64 98 100 12 70 238
0 7284 162 12 62
0 7460 3 24 369 2 307
0 7595 123 14 124 10 269 119 44 44 178 6 156 9 5 1 62 14 5 51 17 34 343 17 27 74 9 41 123 99 141 17 143 5 268 106 45 33 138 45 68 65 163 9 47 45 16 39 100 35 70
0 7628 12 215 111 151 49 32 7 112 101 28 44 47 169 1 371 22 75
0 7793 268 37 53 9 273 87 69 40 51 18 204 95 46 6 106
0 7811 77 57 20 74 98 2 148 43 41 118 48 24 30 81 357 52 79 33 195 15 23 102 188 73 8 43 2 139 46 10 3 4 29 53 129 7 229 314 43 101 18 29 163 34 53 58 35
0 7836 173 1 45 51 209 130 159 2 65 14 4 77 9 65 67 37 74 8 121 67 44 100 27 10 136 4 47 76 17
0 7890 114 201 48 16 119 98 47 123 15 101 44 42 26 30 50 100 14 152 10 32 42 16 14 121 35 99 75 181 169 155 143 1 208 8 6 86 330 188 78 32 58 74 112 33 103 13 133 34 121 59 59 10 176 66 33 82 32 53 155 21 44 30 475 15 91 19 250 95 103 44 70 37 68 27 41 10 74 242 31 36 7 26 38 6 58 47 43 129 235 125 114 56 112 112 207 3 137 92 57 46 48 84 21 150 16 1 230 17 72 85 35 22 146 74 71 7 2 76 6 4 45 80 59 67 157 175 15 100 65 3 115
0 7966 60 96 128 40 155 10 87 24 62 11 31 125 146 11 305 65 119 89 146
0 8041 24 26 413 48 231 73 99 15 95 28 167 2 128 31 54 12 30 13 12 74 194 19 29 17 134 56 5 4 20 30 58 57 112 34 87 1 150 345 53 95 84 8 29 11 263 16 73 38 315 13 46 24 62 22 59 129 236 38 340 110 19 108 33 48 11 97 502 164 28 62 45 117 8 24 117
0 8220 141 28 76 18 16 9 90 28 77 58 10 13 330 33 91
0 8539 223 42 68 74 2 21 28 125 74 70 169 12 84 19 144
0 8655 77 23 9 58 86 61 192 34 36 51 212 18 100 28 23 100 224 4 64 21 286
0 8901 231 220 337
0 8920 154 3 7 21 118 29 218 44 151 12 4 75 147 25 19 90 13 15 145 58 220 162 2 24 76 32 21 8 109 54 49 172 51 45 164 98 63 14 91 16 88 45 107 9 29 12 68 26 200 70 6 116 216 11 46 13 10 1 28
0 9115 151 4 2 28 126 178 69 26 99 11 104 14 27 38 80 4 106 20 128 46 309 90 67 53 179 70 6 29 114
0 9621 132 206 8 32 107 33 65 178 16 19 74 215 3 32 38 140 67 77 21 49 59 5 7 32 4 40 27 40 249 75 45 84 157 174 184
0 9716 41 23 91 64 3 43 12 56 9 25 70 16 7 14 4
0 9956 8 88 178 12 80 69 81 1 312 11 144 229 19 53 25 2 101 77 550 84 225 77 4 3 407 105 67 34 2 10 75 73 6 46 305 136 27 4 32 94 84
0 10144 101 45 303 83 195 17 163
0 10289 37 25 1 34 77 73 96 218 61 5 166 32 104 17 156 13 240 45 63 10 32 62 95 92 4 78 88 272 104
0 10368 16 117 182 57 396 20 132 98 8 11 31 236 27 174 58 96 63 132 89 77 11 15 66 17 18 63 45 27 29 112 267 79 226 14 126 75 469 20 32 63 135 5 140 8 80 70 90 57 101 10 39 12 14 22 24 47 38 19 5 2 277
0 10389 19 40 164 62 39 50 48 7 165 45 485 15 182 50 152 24 269 14 20 4 31 32 121 76 326 118 47 16 123 6 39 46 26 35 138 16 80 50 69 104 302 15 152 58 62 11 88 98 182 41 58 27 114 63 197 25 280 33 264 46 3 117 156 131 197 68 178 36 9 49 77 63 68 2 102 90 92 36 47 14 154 2 4 82 9 51 314 2 34 81 58 4 3 20 94 23 57 115 105
0 10449 86 2 80 104 132 43 50 93 138 12 107 13 7 29 34 6 43 14 9
0 10511 249 82 88 4 66
0 10559 90 5 5 11 85 24 38 31 288 13 16 67 64
0 10636 167 113 105 45 98 51 151 27 31 4 45 106 355 75 94 131 61 1 8 47 284 76 12 37 97
0 10920 59 1 63 33 26 79 202 34 51 23 96 38 54 12 63
0 10991 138 26 326 33 162 72 68 189 57 61 96 5 4 12 100 158 7 81 72
0 11140 192
0 11443 102 40 74 39 161 85 11 72 187 141 214
0 11468 241 27 2 33 107 153 55 19 112 12 96
0 11486 258 49 239 180 43 30 59 239 47 165 81 61 43 34 283 19 199 10 198 23 95 299 78 37 546 61 140 39 53 94 15 9 96 3 63 41 160 103 119 8 5 37 10 75 3 92 6 43 97 56 89
0 11519 25 54 125 79 64 33 161 23 5 9 102 59 182 74 40 9 69 89 62 92 248 98 155
0 11521 50 19 51 37 34 49 104 152 91 31 23 31 127 17 118 19 109 13 56 47 85 121 42 81 82 38 100 9 4 100 163 32 68 21 75 11 64 85 450 44 33 13 137 47 55 37 11 24 52 93 55 1 156 34 44 10 262
0 11593 27 75 2 15 84 39 105 15 41
0 11704 34 1 59 38 140 30 7 152 14 130 252 19 6 113 102 75 65 169 94 89 205 5 100 123 43 24 442 38 139 36 74 33 42 23 89 107 127 50 118 14 17 151 159 1 17 43 3 15 76 74 59 8 125 76 31
0 11738 154 29 3 35 27 7 67 52 187 6 3 130 141 19 412 67 82 8 10 160 78 10 87 36 311 14 171 44 318 25 34 56 189 58 98 74 23 124 73 52 254 61 59 20 55 27 84 5 242 20 96 16 41 42 43 25 60 84 166 66 74 234 180 38 50 8 19 36 170 159 1 8 135 8 11 53 83 88 40 99 62 147 26 111 106 166 1 15 152 16 89 65 87 69 81
0 12030 57 3 39 127 109 32 8 78 4 27 154 1 145 159 25 26 8 116 42 68 275 4 97 23 90 86 57 52 139 64 106 26 21 43 188 86 193 19 56 79 13 34 53 20 20 8 7 30 129 1 143 2 51 49 1 2 45 12 34 4 60 8 194 14 27 68 33 37 3 129 66 111 103 52 183
0 12088 54 43 126 46 92 6 354 39 306 86 182 104 89 75 129 99 107 24 27 113 9 11 30 92 2 16 5 1 14 10 279 42 50 371 6 3 734 42 30 152 85 26 6 25 43 12 430 248 330 40 164 49 212 44 24 125 22 18 115 61 8 52 143 35 10 60 56 21 84 17 11
0 12162 52
0 12343 454 52 217 43 87 80 278 93 89 12 85 86 157 35 103 37 173 16 205 14 94 24 121 6 141 17 282 41 22
0 12355 226 1 30 42 541 8 73 45 8 35 15 66 40 164 61 18 212
0 12526 51 178 656 53 87 3 57 45 32 58 40 34 68 30 2 63 325
0 12930 27 16 30 57 74 89 307 1 197 328 91 127 36 21 195 30 168 92 4 27 153 82 492 60 236 24 61 5 1
0 13078 96 1 234 26 16 62 67 61 305 15 126 66 43 56 14 2 97 99 171 11 32 42 181 122 248 88 77 14 53 24 102 153 36 6 238 27 35 38 178 5 51 167 304 77 282 5 62 171 47 75 12 29 49 71 205 22 172 14 62 6 12
0 13200 622 75 184 41 23 42 192 65 46 43 41 122 14 8 65 21 4 44 6 42 33 14 66 37 84 8 117 9 47 24 99 48 59 4 176 43 6 24 51 18 13
0 13229 240 50 28 36 51 22 43 32 68 58 491 44 92 22 66 30 20 65 175 149 250 45 20 18 395 13 39 81 110 137 84 36 3 52 43 250 72 81 41 8 17 26 30 18 83 25 72 78 195
0 13253 570 74 3 7 153 12 150 39 247 251 64 22 71 1 11 55 63 39 57 31 141 32 49 9 29 4 198 29 87 121 70 125 21 8 98 10 4 27 139 32 47 59 119 60 129 33 440 143 10
0 13993 142 8 1 40 100 40 245 26 119 10 21 3 137 30 37 62 55 9 13 31 121 27 287 28 9
0 14044 405 14 141 49 137 42 5 11 140 341 33 7 22 132 57 63 31 49 379 106 72 38 1 2 11 13 221 32 4 24 299 11 49
0 14141 52 42 200 6 156 2 136 11 42 22 20 8 411 49 81 15 244 108 136 99 15 52 145 54 74 41 104 25 165 18 136 208 258 15 374 12 97 3 83 47 68 42 44 37 67 140 52 15 50 14 18 20 10 130 86 4 15 97 37 4 121 363 130 50 22 8 56 156 78 108 117 49 95 2 264 8 68 27 2 169 243 64 34
0 14370 403 16 161 53 21 26 58 97 116 33 67 25 182 6 67 56 325 28 72 1 75 122 330 6 259 45 15
0 14569 133 14 19 59 3 134 58 144 23 87 37 20 49 63 57 27 107 32 197 19 277 32 106 85 5 60 73 45 33 15 57 42 40 6 53 45 3 13 278 59 4
0 14579 191 90 24 83 99 7 52 27 3 22 68 70 37 16 50 45 74 3 180 27 46 20 346 11 4
0 14772 218 27 48 54 30 46 112
0 14920 87 89 16 3 3 217 89 59 269 28 33 45 255 95 198 40 45 124 39 23 70 83 71 92 1
0 14983 84 136 376 51 304 32 87 54 19
0 15554 23
0 15602 23 96 33 21 207 44 96
0 15613 104 62 26 17 163 126 9 28 117 106 25 1 6
0 15808 404 6 33 64 3 124 56 160 50 14 15 11 31 33 58 3 66 3 15
0 16382 32 86 314
0 16404 21 132 73
0 16612 36 8 4 67 47 32 44 10 37 17 129 161 106 141 73 17 150 105 26 158 70 14 83 4 245 111 86 74 14 7 14 29 29 38 2 64 57 43 51 10 22 25 118 47 88 64 108
0 17053 75 36 76 14 18 8 68 64 17 97 86 5 16 50 57 42 18 20 64 45 14 46 75 13 63 49 4 115 112 46 166 90 1 24 9
0 17365 39 4 50 119 59 121 28 44 84 3 27 145 1 67 336 10 208 1 8 49 64 51 10 70 137 82 26 15 4 87 28
0 17506 163 12 278 30 42 21 36 190 116 47 48 10 71 50 12 31 138 10 188 17 117 1 102 36 10 25 154 24 33 87 170 14 10 139 193 75 193 95 87 33 256 114 53 39 1 18 409 2 614 41 118 188 26 133 211 70 92 15 30 6 224 68 32 191 17 29 51 55 30 56 170 25 172 5 89 6 208 20 5 13 49 2 27 35 2 90 26 42 109
0 17544 9 117 7 4 25 92 39 2 40 100 1 38 9 34 332 32 41 60 336 37 27 13 83 17 12 105 305 16 32 8 483 8 14 26 40 51 28 45 3 74 413 24 81 46 94 125 55 15 36 56 162 60 188 9 206 94 2 12 84 18 100 115 43 59 140 61 96 60 169 65 6 17 4
0 17960 132 45 3 5 115
0 18109 73 13 75 3 46 85 19 69 4 25 50 35 64 13 59
0 18527 22 226 264 35 21 38 24 22 29 20 440 7 22 43 25 97 104 114 13 16 299 28 113 7 170 1 14 23 88 233 240 93 63 9 2 83 115 116 110 34 2 9 166 16 36 25 54 101 23 30 31 256 8 78 174 36 103 48 161 8 13 10 21 15 117 21 276 75 41 133 206 62 138 6 14 13 28 16 24 24 229 26 152 78 75 5 30 44 86 20 160 151 291 55 58 44 75 81 2 88 22 144 372 32 57 69 35 12 218 40 96
0 18770 394 10 100 111 152 3 74 5 125 23 31 32 18 4 10 4 167 33 74 5 35 14 385 6 38 56 138 105 17 101 146 44 153 19 44 132 4 20 80 74 73 53 25 9 160 1 69 2 126 11 38 17 7
0 18789 192 5 28 80 2 47 241 2 41 34 166 3 162 6 76 35 508 60 219 25 85 87 227 88 15 15 109 43 24 3 12 47 2 200 45 2 238 21 12 19 90 75 108 55 75 107 354 46 125
0 19079 129 45 64 21 75 88 14 20 190 50 312 3 60 59 69 114 60 107 21 15 37 58 79 5 323 58 141 49 73 48 117 42 125 1 15 42 162 10 142 2 46 141 219
0 19201 68 69 67 10 12 10 123 50 27 19 130 45 48 61 15 55 62 95 20
0 19242 137 16 30 5 56 67 159 69 5 95 124 36 225 8 80 1 89 230 8 288 243 149 72 29 102 8 127 67 176 15 63 23 62 55 126 56 75 52 34 64 113 6 121 42 136 3 58 112 20 27 5 114 58 38 95 104 381 77 59 33 29 8 46 25 79 125 44 182 15 21 122 53 42 72 145 61 97 51 180 98 134 5 37 20 53
0 19383 93 36 71 63 53 10 114 22 158 37 108 2 216 87 43 8 165 20 179 14 239 35 241 53 291 108 18 240 122
0 19443 20 26 65 4 170 18 187 9 75 17 88
0 19896 37 66 206 63 72 26 54 35 15 24 537 86 73 4 27 79 33 87 25 22 8 111 218 253 85 53 72 178 154 15 3 28 89 96 171 38 310 69 87 6 70 105 354 47 237 89 19 31 18 53 168 8 393 10 67 14 20 28 130 75 146 16 42 4 22 48 3 187 38 12 80 14 170 8 266 11 40 26 1 40 112 87 4 30 118 133 46
0 20080 226 43 19 65 139 30 12 55 113 79 27 3 124 5 46 18 273
0 20183 1 26 19 23 181 41 29 10 336 7 499 8 137 32 77
0 20673 91
0 20675 130 234 94 2 73 3 22 8 79 3 53
0 20805 239 1 27 13 200 44 98 151 43 6 21
0 20839 463 34 94 8 244 20 157 7 20 57 149 75 343 48 182 102 37 16 134 70 65 156 375 34 96 8 106 30 24
0 21006 7 56 4 111 7 27 149 44 150 58 31 60 66 83 94 42 38 86 21 7 435
0 21127 16 5 29 1 99
0 21217 13 37 54 21 85 55 74 137 111 5 109 15 32 16 24 86 53
0 21561 215 5 69 66 24 14 23 54 164 39 313 7 83 43 37 78 134 126 18 44 173 31 134 36 143 14 25 12 60 59 26 8 12 64 9 9 60 55 202 14 57 39 59 30 21 11 179 96 157 39 4 91 108 46 159 24 156 98 159 97 56 54 71 11 88 64 29 76 58 24 16 87 132 102 8 1 55 41 44 55 4 29 93 23 96 55 9 15 247 10 221 145 237 35 102 51 326 17 55 207 152 43 104 41 99 26 130 37 90 24 114 11 37 28 53 82 5 65 205 82 24 7 45 5 225 2 144 67 143 119 21 84 35 5 12 11 72 5 14 56 35 79 75 1 121 34 293 94 41 124 10 35 343 18 92 28 223 47 41 58 282 38 124 193 64 42 27 61 96
0 21571 86 54 292 8 45 70 83 62 168 1 38 63 207 71 329 26 108 86 42 23 35
0 21829 48 9 22 3 127 20 100 175 177 18 272 69 20 23 211 31 61 47 7 3 66 6 100 18 654 12 19 31 233 99 104 71 120 36 133 44 81 51 93 27 299 66 26 125 153 36 8 2 128 90 90 50 155
0 21990 270 29 114 28 1 82 32 115 60 29 60 149 39 45 8 4 78 7 106 40 37 233 55 100 107 46 28 45 95 105 14 56 119 8 97 64 148 58 48 105 28 1 118 74 107 20 81 26 123 31 10 7 54 19 184 32 353 70 39 6 48 16 2 15 99
0 22080 135 28 19 51 581 1 16 37 265 71 340 31 64 32 212 127 228 12 97 112 31 68 119 17 79 19 60 84 6 15 15 59 226 151 50 152 151 64 147 20 253 17 134 74 77 30 218 57 44 7 28 42 66
0 22134 14 18 10 68 4 11 11
0 22217 132 21 128 88 16 20 17 22 27 24 52 43 40 33 68 55 73 25 42 30 16 4 88 6 85 23 84 30 13 27 177 1 87 33 149 63 1 68 37 71 174 102 12 53 65 2 54 19 29 48 76 74 30 6 124 25 69 40 162 25 77 15 117 4 67 21 97 53 7 16 98 115 180 80 52 36 11 72 87 61 164 33 127 47 26 10 32 103 66 150 67 18 124 54 57 57 43 22 36
0 22544 11 75 180 43 11 39 66
0 22653 148 37 92 100 30 24 93 116 165 31 154 9 139 40 300 15 60 89 43 9 77 12 25 10 196 6 135 50 7 14 47 24 101 2 28 6 30 50 409 4 88 22 52 45 368 34 46 152 21 10 91
0 22870 229 41 27 81 152 107 46 42 53 254 7 101 66 89 86 15 500 12 28 45 156 8 52
0 23092 205 179 300 158 8 9 40 75 311 10 451
0 23115 230 72 80 3 102 56 118 34 52 3 62 90 150 90 232 152 84 185 242 30 14 2 32 69 274 306 193 7 99 10 12 13 19 80 39 25 35 32 210 9 93 83 194 75 666 95 206 44 26 127 8
0 23173 340 34 2 65 119 64 120 64 97 14 87 29 155 128 59 43 207 69 92 20 61 47 35 54 64 22 47 20 32 9 35 19 26 198 44 69 67 107 186 14 66
0 23716 75 49 150 38 120 100 184 66 48 16 127 9 95 95 11 24 54 7 11 50 123 144 12 14 104 87 54 4 206 33 161
0 23768 2 31 73 15 33
0 23789 10 66 5 7 171 66 230
0 24076 15 27 52 17 7 27 35 116 4 86 30 100 145 91 101 23 167 114 123 4 68 91 169 18 120 73 85 34 373 61 14 3 65 2 67 29 107 4 123 37 6 8 5 75 10 7 53 8 78
0 24572 36 26 82 19 104 61 16 35 81 20 4 126 17 211 41 43 352 34 113 116 283 29 44 21 90 10 209 121 314 12 33 5 219 48 86 125 16 46 72 58 49 26 104 177 210 47 67 12 12 100 13 28 23 40 402 9 5 26 45 1 110 23 265
0 24600 251 32 27 162 56 40 16 65 2 28 13 46 5 246 6 72 130 95 16 22 12 156 116
0 24760 47 119 34 24 212 75 139 192 267
0 24854 70 66 170 104 121 39 135 66 137 33 42 2 340 22 94 9 232 70 91 11 68 3 50 2 2 17 81 55 37 111 287 37 170 6 72 10 52 92 101 20 1 76 121 162 2 85 142 150 149 69 100 31 79 111 33 34 28 167 10 70 61 88 58 1 100 20 10 57 87 38 10 134 58 14 12 46 110 9 166 110 199 103 50 170 18 1 18 11 28 29 38 18 70 24 108 59 42 76 264 7 59 3 28 59 106 17 17 11 21 12 55 18 11 30 56 73 34 62 49 14 144 190 99 114 126 9 83 8 90 14 88
0 24951 27 56 122 9 22 43 138
0 24976 12 25 274 19 81 104 100 13 27 25 101 9 2 54 82 109 219 8 104 36 139 47 23 66 31 51 84 13 356 77 46 18 235 7 43 13 53 20 6
0 25064 20 45 62 30 74 100 118 29 21 266 57 32 76 13 98 17 86 237 177 90 41 4 1 16 60 4 63 16 65 12 145 125 69 19 30 35 254 19 127 47 30 13 19 37 182 31 47 73 14 69 40 79 24 50 246 13 114
0 25240 13 51 55
0 25417 33 65 322 13 115 7 352 11 238 8 110 11 100 62 271 3 149 16 95 7 76 43 54 89 18 17 9
0 25694 218 62 18 32 82 34 39 8 2 26 50 37 10 29 14 53 49 11 120 36 33 17 69 31 99 22 157 12 108 62 69 152 1 82 80 18 16 134 59 43 60 13 16 104 101 37 96 150 82 43 78 53 26 117 474 15 83 199 48 16 43 8 112 171 9 1 102 63 65 34 229 70 3 44 93 135 49 67 310 105 24 1 5 200 385 46 44 32 31 14 91 20 21 22 3 48 17 188 137 9 69 52 67 125 29 17 392 106 11 13 22 14 141 2 274 5 122 94 65 40 8 8 91 44 62 81 195 9 24 33 279 36 110 51 105 106 57 185 77 28 10 7 5 77 181 12 577 150 9 39 21 36 46 37 41 25 213 88 193 33 78 37 73 22 136 5 185 26 340 31 215 21 155 47 12 103 38 78 24 98 130 18 27 1 49 1 65 26 184
0 26003 55 26 86 64 54 97 1 9 180 65 28 40 30
0 26028 31 30 80 46 10 31 196 1 76 48 38 17 85 191 212 20 2 21 221 7 129 23 161 115 28 2 159 31 119 62 28 219 55 14 261 12 31 7 26 58 120 13 101
0 26119 229 30 123 178 261 7 54 96 118 44 30 22 65 30 223 14 56 51 208 28 21 50 40
0 26246 36 33 150 155 119 63 240 14 195 183 79 19 91 38 5 3 25 13 169
0 26301 42 4 213 189 10 15 20 51 62 5 132 56 468 16 8 39 99 44 81 44 20 35 46 97 100 45 112 84 73 47 97 95 23 51 8 26 110 32 299 2 161
0 26561 139 104 42 18 547 193 15 19 117 66 96 16 48 34 11 6 176 53 30 7 11 21 109 45 12 127 253 22 65 26 222 65 121
0 26638 30 1 55 55 77 47 73 2 46 67 33 64 23 53 39 165 60 42 13 17 214 70 18 52 131 2 87 9 88 45 72 81 41 13 17 23 136
0 26688 141 12 314 47 96
0 26762 14 190 3 34 171 13 174 2 128 6 115 8 76 20 110 91 21 97 95
0 27099 58 6 77 14 79 122 24 74 123 1 277 35 28 132 29 9 58 35 85 10 95 176 231 18 127 33 208 160 10 10 83 6 27 109 41 147 285 60 116 18 93 20 31 99 29 94 14 11 168 14 5 90 1 68 96 91 85 5 10 63 144 44 26 27 122 4 135
0 27232 133 64 135 105 21 154 10 12 21 13 42 15 260 37 79 49 354 38 75 107 156 220 436 47 112
0 27308 2 19 158
0 27551 27 13 111 34 62 3 23 24 64 57 153 130 78 3 99 33 18 104 134 38 227 50 28 92 84 63 69 35 11 44 143 26 132 19 403 40 63 3 29
0 28030 17 2 194 141 101 8 121 18 13 73 88 110 38 30 53 119 31 14 161 11 123 44 137 61 22 28 32 58 31 42 196 42 66 74 108 125 22 26 26 2 70 220 315 71 63 105 73 25 85 66 31 14 7 11 10
0 28091 43 12 141 19 16 236 312 60 277 46 67 3 119 70 19 81 31 12 93
0 28121 44 38 197 21 102 70 153 41 14 70 177 75 119 65 352 22 72 215 21 5 201 29 65 18 254 20 44 43 109 36 6 58 12 52 82 58 311 14 72 4 160 4 8 53 100 34 23 102 70 18 19 136 15 5 91 62 143 111 40 151 139 52 442 141 28 10 46 91 124 49 202 33 51 12 99 23 50 41 64 92 108
0 28202 33 19 56 33 20 25 32 14 96 48 93
0 28329 325
0 28466 161 15 313 12 297 92 104
0 28590 10 1 30 22 52 115 21 1 96 17 71 26 257 15 125 24 313 2 333 17 1
0 28806 24 32 34 45 65 16 64 2 16 3 151 125 8 17 128 30 72 88 275 207 85 66 164 39 36 7 60 62 25 48 35 26 37 58 189 3 67 101 125 33 79 34 5 59 29 42 231 20 22 93 279 2 88 84 272 109 88 34 56 61 66 87 104 9 18 85 65 3 133 109 278 2 34 40 5 1 166 9 51 84 48 32 10 51 82 38 298 108 138 1 206 257 351 147 77 7 14 80 33 13 50 1 6 21 132
0 28811 8 103 129 3 143 24 56 78 11 43 76 109 44 1 10 54 48 28 40 29 57 41 27 41 52 30 270
0 29132 13 8 63 50 49 3 304 2 187 56 76 44 112 153 24 87 311 63 68 82 136
0 29325 6 75 36 189 177 18 10 3 91 93 118 43 2 5 114 7 403 21 252
0 29328 11 101 152 93 56 66 2 5 76 63 572 128 36 142 358 50 112 91 59 69 447 46 533 34 107 84 40 11 20 28 158 10 170 151 2 31 114 35 16 89 264 110 78 14 35 14 57 43 118 58 13 6 11 87 182
0 29361 53 19 49 40 1 19 8 13 61 25 431 82 137 62 80 53 252 5 5 16 10 48 9 17 233 102 38 12 43 98 172 103 91 5 108 82 46 66 84 10 49 5 9 22 94 17 19 19 53 114 13 6 14 18 53 81 42 2 85
0 29635 333 133 213 16 108
0 29654 97 3 25 13 273 195 300 15 4 17 112 193 150 122 350 12 200 14 22 98 66 5 68 126 110 148 506 48 449 94 124 15 5 131 54 5 22 94 229 191 47 22 1 181 142 23 29 190 14 82 19 36 139 29 31 82 11 31 8 5 12 31 235 65 17 127 130 34 10 74 11 126 22 183 35 146 19 33 34 45 116 115 16 42 12 38 5 3 167 14 23 55 17 55 21 4 330 5 73 1 83 106 96 4 54 17 27 10 233 39 250 108 22 9 31 16 190 9 97
0 29775 93 27 281 31 101 25 66 40 126 88 68 2 33 55 208
0 29807 158 8 21 5 97 49 41 19 65 6 114 3 32 10 20 11 10 158 2 29 19 54 168 29 64 25 6 16 15 33 155 76 14 19 10 33 156 138 27 139 36 200 3
0 30236 217 91 211 32 101 53 19 4 195 37 63 26 96 19 144 24 5 98 195 73 24 17 105 22 7 7 35 78 87 45 44 50 58 31 14 30 60 24 43 47 32 46 19 20 73 76 4
0 30321 14 90 2 70 3 6 87 17 31
0 30547 311 13 72 2 163 34 42 58 46 2 74 92 89 54 188 43 12 9 96 7 12 30 182 56 143 28 21 12 18 4 16 24 59
0 30611 57 33 169 60 179 2 14 12 641 99 158 80 27 41 82 39 2 18 175 3 244 84 391 47 125 1 82 40 122 71 18 45 190 16 7 4 16 12 5 302 66 43 94 45 62 165 71 74 112 25 42 22 69 17 32 10 308 43 494 4 214 23 75 48 61 19 1 15 27 31 43 138 4 1 71 47 16 21 7 116 767 45 18 7 20 50 2 91 344 3 165 8 32 8 59 65 20 21 39
0 30640 7 31 21 16 163 13 199 67 192 19 13 12 160 160 49 25 1 18 284 4 30 69 91 171 19 18 149 51 27
0 30678 137 13 72 115 32 87 100 2 52 21 483 24 43 84 64 9 19 3 8 66 16 6 34 35 74 149 126 163 31 79 44 143 4
0 30779 45 56 27 68 127 22 2 40 222 5 117 23 7 22 231 162 14 20 44 19 273 155 124 11 246 62 140 126 86
0 30879 93 23 141 92 1 3 61 37 23 79 127
0 30936 19 141 86 11 126 64 76 1 29 193 5 97 2 34 8 72 213 41 134 137 201 234 122
0 31029 16 8 67 6 60 82 49 6 198 33 218 2 81 9 1 29 68 82 76 186 208 32 102 11 188 173 36 103 121 149 86 56 64 19 219 133 227 55 94 27 178 15 90 5 67 14 192 86 40 11 10 55 4 10 163 29 166 34 47 41 4 103 10 4 76 22 161 126 217 10 174 10 83 74 407 5 23 164 92 179 24 7 2 10 58 212 65
0 31626 203 6 113 9 33 38 25 2 62 64 298 30 85 81 188
0 31745 238 33 27 52 146 104 5 129 22
0 31849 79 41 139 69 230 18 20 67 8
0 31994 17 306 121 5 11 1 84 23 213 12 97 11 5 204 65 22 46 6 440 26 64 93 90 81 99 71 75 7 100 6 62 85 128 149 3 78 47
0 31998 69 128 39 18 20 25 71 108 124 5 82 44 102 45 3 3 54 100 61 16 154 97 30 56 105 37 113 8 42 41 100 74 69 64 69 76 17 90 33 85 121 37 203 38 100 34 49 62 162 10 69 14 8 77 154 41 163 114 253 114 84
0 32099 27 110 40 55 92 48 110 112 122 54 78 233 79 36 155 60 61 97 203 99 8 8 93 114 116 47 113 3 278 76 14 21 593 50 10 48 25 6 260 53 130 129 18 5 99 20 7 59 26 127 7 8 22 17 5 49 123
0 32139 83 27 448 28 43
0 32225 87 96 74 65 141 4 27 37 27 55 42 109 298 98 27 69 39 211 239 6 39
0 32288 28 101 169 141 40 74 42 26 52 75 98 47 225 194 77 26 5 27 282 24 181 39 64 29 134 25 172 90 194 19 158 60 89 28 4 70 146 51 47 51 199 32 27 71 47 142 46 9 243 30 62 24 363 2 202 16 55 18 133 34 11 6 48 78 427 10 82 11 9 10 114 88 65 211 94 62 69 44 262 18 112
0 32900 5 88 98 185 98 10 96 60 24 47 86 16 41 51 204 22 43 1 114 89 43 46 6 7 18 67 151 9 336 70 83 45 50 33 114 5 6 15 5 184 29
0 32998 204 79 54 10 120 4 140 27 12 3 232 2 93 37 55 127 33 15 43 6 8 21 108 6 234
0 33460 21 88 18 34 85 59 101 24 31 18 7 51 84
0 33541 22 17 129 121 140 69 131 9 92
0 33656 78 2 316 77 168 7 100 29 61 95 10 128 225 45 102 24 58 4 90 1 197 42 255 33 57 6 56 27 121 1 121 16 61 85 58 19 15 129 25 5 60 199 64 18 301 9 37
0 33716 148 58 317 22 126 58 6 54 65 114 17 23 11 20 241 51 84
0 33720 123 71 96 48 52 58 35 9 83 38 12 24 197 10 80 16 28 43 13 93 50 20 59 26 140 22 67 69 39 18 69 35 79 39 13 4 255 38 70 85 16 286 42 40 41 10 60 56 53 9 3 80 113 37 75 14 69 22 8 26 28 68 52 44 281 9 120 57 81 37 194 8 42 41 97 271 113 3 60 16 80 55 12 159 5 50 209 38 54 15 59 57 117 1 14 145 53 12 34 370 116 129 101 26 140 114 640 31 14 51 305 66 167
0 34135 32 2 59 85 58 133 49 11 113 95 43 31 194 145 2 23 49 58 64 46 39 2 133 21 1 12 199 32 116 50 94 5 105 118 124 95 14 64 23 5 20 21 27 110 23 31 150 65 103 14 122 12 66 6 40 108 3 91 46 52 43 93 198 46 34 63 19 35 130 52 64 22 30 3 123
0 34357 76 7 83 190 6 49 6 101 160 17 22 35 212
0 34457 63 1 100 49 23 36 172 23 79 107 107 7 18 12 298 52 156 23 181 66 22 54 88 46 131 38 92
0 34557 144 27 292 28 4 27 47 4 183
0 34661 76 24 95 13 59 57 10 41 115 2 154 21 10 43 54 7 107 26 325 45 195
0 34868 108 62 3 80 35 17 80 11 308 1 61 34 14 19 80 19 30 7 257 12 75 11 120
0 35219 270 32 33 28 37 44 10 159 69 21 34 33 22 70 459 49 97 78 227 11 29 148 13 32 33 34 19 37 108 128 8 65 13 17 66 1 92 2 3 9 90 306 57 24 161 5 54 21 81 35 45 9 249 6 471 14 50 11 37 133 62 1 131 40 237 54 87 161 7 33 42 4 89
0 35252 107 29 25 24 20 1 98 138 272 15 103
0 35266 69 73 159 20 174 69 388
0 35297 137 131 108 21 55 33 155 14 49 38 62 111 99 105 9 132 131 10 67 92 24 54 53 35 106 44 2
0 35347 230 175 51 17 157 77 44 20 22 55 18 142 28 76 125 42 448 53 241 96 29 10 80 15 129 6 55 70 205 5 185 80 15 19 16 8 15 12 97 6 81 50 115 136 14 9 141 22 16 15 67 54 56 9 49 3 37 37 286 23 204 69 107 23 150 17 1 6 111 7 119 82 13 61 2 37 35 42 544 97 103 22 82 89 115 14 100 7 264 38 21 32 136 92 408 4 71 9 95 160 15 23 261 36 48 67 120 91 148 57 91
0 35421 8 6 147 54 130 12 125 67 347 66 15 100 111
0 35509 416 119 6 58 191 4 62 44 63 31 20 5 50 12 23 1 292 4 21 32 163 78 37 53 183 17 228 17 34 2 60 1 65 49 49 4 73 39 69
0 35529 138 76 218 103 89
0 35566 146 44 12 57 175 102 28 26 223 26 34 52 65 38 117 13 141 15 79 30 29 19 141 33 205 8 169 116 20
0 35580 548 64 144 122 44 20 61 46 49 117 235 38 1 18 14 16 89 13 85 24 154 104 82 16 77 32 88 1 104 7 49 27 39 96 34 6 32 68 7 44 84 20 52 22 102 15 307 39 5 20 45 2 245 33 120 20 90 52 73 8 93 15 5 11 369 25 17 49 332 35 65 53 27 22 21 86 9 147 40 12 82 8 203 35 11 11 30 74 262 186 8 158 87 131 21 131 196 2 166 1 208 30 27 26 9 40 14 115 6 84 11 36 6 21 80 37 173 13 334 33 69 10 102 20 35 54 238 62 60 26 58 121 147 36 45 53 84 49 174 12 135 7 19 57 75 14 399 47 161 13 18 4 194 34 96 49 27 73 47 18 87 113 86 84 52 51 50 100 52 36 414 2 23 11 38 42 50
0 35597 54 18 126 23 366 23 48 29 52 69 23 14 53
0 35741 249 163 54 128 84 64 57 64 10 58 18 101 24 51 17 40 106 22 98 188 17 49 93
0 36026 36 25 105 17 36 80 115 28 94 37 8 21 2 58 239 16 250 119 34 75 15 16 164 113 48 188 6 19 312 7 6 28 20
0 36382 55 40 88 65 107 32 206 3 14 82 111 58 63 76 91 83 113 36 36 38 82 8 56 3 13 12 37 85 37 37 21
0 36627 14 42 105 20 57 77 348 16 126 187 119 88 99 54 34 10 11 13 36 4 31 13 109 3 174 51 36
0 36645 18 28 34 69 51 54 16 39 90 22 39 49 8 153 41
0 36772 75 7 8 10 66 157 1 22 4 46 169 5 63 3 253 21 68 5 42 94 68
0 36803 182 27 63 35 48 27 126 7 156 2 41 49 23 6 105 2 29 61 44 9 182 156 103 16 38 28 130 142 40 192 323 45 111 106 41 38 84 76 90 67 1 178 9 24 70 158 44 38 268 195 58 47 26 43 42 11 27 51 20 63 100 71 55 38 73 75 266 37 19 49 194 5 93 29 262 6 132 2 34 45 27 30 8 52 235 162 89 9 231 1 43 16 307 19 51 16 455 57 241 32 42 52 42 14 50 106 137 52 113 8 17 67 40 72 64 70 39 41 37 145 13
0 36971 22
0 37010 225 86 5 5 6 31 404
0 37186 252 42 228 4 9 6 148 85 167 40 122 123 255 25 157 28 138
0 37199 15 140 17 63 17 23 50 9 1 84 2 54 75 28 280
0 37327 21 124 33 19 3 27 64 9 47
0 37447 90 53 30 13 47 77 257 23 32 212 18 36 31 27 350 20 180 40 55 63 372 6 72 14 368
0 37779 26 1 83 27 193 17 28 27 178 8 24 14 14 193 109 84 71 29 43
0 38227 93 109 132 22 520 17 55 4 473 3 337 101 25 29 34 89 604 38 7 94 298 30 10 54 160 30 36 51 122 78 275 61 134 25 48 32 120 56 22 1 4 43 53 6 91 131 150 115 168 4 376 4 7 14 14 67 38 141 64 8 84 6 101 7 21
0 38558 293 3 15 37 12
0 38701 170 67 43 58 37 13 17 29 34 81 92 427 54
0 38930 2 67 1 94 29
0 38958 42 15 31 30 115 8 94 71 62 32 226 11 125 5 17 28 160 78 83 56 735 1 63 27 339 79 417 4 250
0 39028 89 60 59 64 195 1 128 90 26 50 97 1 42 85 69 126 70
0 39295 18 72 119 4 66 40 24 87 135
0 39328 90 18 64 66 28 54 5 33 96 46 97 43 85 131 70 80 133 13 8 91 292 86 324 2 28 92 11
0 39459 84 19 203 24 247 3 5 152 214 85 14 68 60 161 219 150 263 77 17 93 99 77 35 47 76 42 59 147 212 8 51 10 134 42 237 53 3 88 155 51 8 10 51 96 71 48 23 91 3 46 47 5 189 3 458 2 93 8 223
0 39782 27 11 40 8 33 17 77 24 191 16 47 38 143
0 39885 5 125 92 23 73 31 159 9 21
0 40014 6 3 94 39 72 22 120 57 78 32 312 32 25 67 39 98 177 6 105 8 20 25 6 22 82 81 3 62 145 13 76 30 42 9 106 54 529 31 14 6 96 41 28 10 6 13 52 10 507 32 31 12 169 3 24 91 55 24 53 68 32 69 11 36 133 20 33 90 15 118 15 3 45 7 186 22 307 109 37 26 27 42 103 31 51 7 288 85 34 8 121 31 146 231 6 10 279 12 110 23 141 84 51 16 73 53 117 25 418 33 91 2 82 21 247 6 290 93 184 87 49 133 150 13 34 2 167 57 53 2 40 180 95
0 40330 156 2 78
0 40487 32 41 160 52 18 58 4 93 115 43 50 119 127 20 41 20 36 34 304
0 40594 24 26 117 15 126 24 20 31 73 65 22 5 164 11 21 11 129 70 45 32 189 7 88 7 96 11 41 35 65 65 62 126 17 19 7
0 40919 29
0 41135 38 143 141 15 87 120 29 71 26
0 41162 69 78 1 3 97 11 166 64 135 82 127 6 34 29 87 45 55 51 66 41 21 43 75 1 135 66 29 74 31 23 104 49 23 66 9 47 1 1 16 62 40 26 177 50 13 3 335 21 106 17 218 7 77 253 176 1 83 59 28 138 216 56 112 18 68 6 40 30 123 22 98 27 69 1 60 3 331
0 41411 322 27 216 55 13 48 144
0 41413 209 72 69 19 46 16 127 28 13 39 187 36 186 173 65 10 20 8 253 3 149 59 102 79 288 2 16 76 302 12 46 23 45 62 33 12 5 21 2 84 54 19 23 73 89 15 31
0 41881 31 14 2 46 139 1 39 26 154 82 19
0 42060 114 87 187 41 157 24 17 102 137 83 25 103 10 54 140 93 119 28 47 14 468 18 60 65 111 93 42 1 73 16 19 88 64 1 20 56 167 117 35 45 144 52 3 89 23 76 101 25 102 42 46 1 86 62 70 231 176 28 86
0 42074 36 54 167 13 17 22 9 32 37 16 25 42 360 33 2 26 205 5 86 29 91 3 83 51 42 30 131 88 1 13 43 1 38 82 16 1 9 96 1 22 363 6 289 41 118 226 213 3 1 121 59 31 33 67 11 74 79 10 5 208 275 252 146 30 2 14 75 60 61
0 42281 158 78 34 7 68 161 130 7 123 3 45 110 191 3 12 34 64
0 42446 36 58 78 81 78 42 193 93 1 16 31
0 42616 70 3 40 15 25 38 149 45 419 24 7 32 105 8 151 168 41 19 19 63 141 7 73
0 43119 48 15 51 43 86 113 94 21 82 39 31 58 34 42 44 59 180 5 56 1 259 2 6 36 99 43 26 3 9 3 109 35 148 39 313 14 68 2 41 26 11 3 208 8 5 44 19 12 248 15 1 77 84 73 150 27 171 4 87 21 56 59 15 15 128 11 33 78 56 12 64 24 3 7 55 49 96 17 4 9 31 74 262 19 187 93 10 49 108 4 112 22 43 46 65 93 68
0 43208 14 43 182 34 11 10 85 74 118 5 29 6 31 22 4 15 62
0 43307 89 9 85 19 18 14 24 57 14 111 29 9 64 10 101
0 43319 45 203 119 44 57 26 124 85 69 29 138 22 240 41 7 28 212 25 45 18 8 66 93
0 43566 110 61 262 69 189 133 109 1 285 11 133 52 13 8 31 31 159 15 28 62 1 6 72 11 52 9 5 70 46 8 71 82 128 77 216 87 22 35 30
0 43599 69 6 44 39 24 88 4 9 15 5 8
0 43705 381 1 87 157 55 7 3 63 129 9 170 11 6 104 211 13 75 14 58 15 70 40 237 2 8 16 55 1 387 28 592 5 188 141 16 38 10
0 44251 21 263 122 5 20 11 85 7 32 5 246 6 18 113 14
0 44362 183 34 94
0 44367 105 138 32 194 144 19 68 12 30 2 282 51 98 1 20 83 121 4 42 5 7 57 290 122 19 8 12 56 129 4 70 45 128 89 15 16 11 18 2 38 160 165 23 42 60 11 146 1 40
0 44400 3 51 60 56 77
0 44591 114 27 39 199 166 86 54 52 98 5 46 52 114 72 72 12 84 37 39 33 208
0 44630 39 44 169 20 39 15 10 103 9 71 10 94 362 154 67 27 509 3 308 337 108 58 18 13 149 91 90 35 41 15 334 38 25 22 11 27 399 15 62 5 137 133 6 12 18 18 314
0 44746 213 38 213 16 22 23 85 26 7 280 15 20 21 86 107 66 152 87 164 20 212 42 5 17 79 23 4 20 77 38 41
0 44911 143 3 433 2 70 98 2 101 4 17 5 33 464 35 64 17 5 26 6 17 11 105 51 50 49 24 47 23 301 115 191 22 41
0 44944 89 41 20 25 442 24 18 8 101 9 174 12 24 1 103 47 11 32 67 10 11 63 68 2 30 11 182 89 131 24 12 56 248 137 145 5 12 42 102 56 46
0 45337 83 217 63 21 36 11 6 42 118 9 33 4 167 41 69 49 216 13 49
0 45403 23 21 86 51 228 69 6 56 32 52 88 6 72 13 142 61 128 52 176 72 3 64 88 16 197 56 13 1 177 30 238 24 49 101 21 125 41 64 19 1 168 138 22
0 45606 402 132 38 24 25 32 3 85 3 131 43 43 97 24 106 30 106 162 36 4 40 98 225 15 17 34 66
0 45658 25 176 90 26 28 28 303 93 262 15 157 29 37 13 146 6 110 93 36 81 64 59 104 108 282 36 17 6 127 4 92 13 181
0 45666 51 15 33 5 360 92 187 67 70
0 45690 30 91 164 40 128 21 17 93 152 104 57 106 36 72 82 46 37 28 197 6 76
0 45912 67 21 199 17 129 57 84 54 127 142 119 55 34 7 76 34 170 169 247 98 119 168 66 63 82 17 101 127 31 38 193 10 101 24 40 17 36 79 37 6 40 28 38 184 1 18 359 53 126 34 30 24 259 2 659
0 45941 84 84 206 17 66 104 2
0 46088 121 31 168 49 105 3 194 85 189 25 18
0 46122 135 11 81 24 16 65 166 186 94 66 13 42 64 41 195 201 149 67 293 4 13 110 68 122 42 52 187 1 131 8 321 56 23 13 124 89 230 50 6 65 47 9 74 79 33 21 87 180 3 9 129 64 56 20 21 10 121 58 23 24 93 82 58 172 75 8 66 22 176 171 38 13 33 114 322
0 46412 198 48 7 59 68 6 243 106 15 119 198 25 12 6 200 7 55 112 24 13 228 18 19 58 77 32 47 168 267 28 62 9 247 98 312 54 140
0 46654 6 111 56 65 9 98 19 47 1 64 33 74 2 43 90 59 14 39 86 35 55 9 19 51 24 40 28 10 90 3 109 59 94 14 82
0 47311 112 35 234 90 38 47 23 16 19 18 29 21 138 98 13 61 310 31 170 3 6 8 97 253 2 3 68 32 113 82 24 17 34 1 85 47 30 224 61 64 94 26 30 107 318 5 258 188 3 36 6 91 27 135 47 41 56 82 64 21 118 20 4 58 207 1 59 39 299 91 33 26 1 118 81 80 100 6 5 77 62 61 254 22 200
0 47547 122 8 235 11 59 182 10 144 54 78 7 9 12 14 50 158 183 13 405 281 329 92 101 42 75 5 8 112 93 30 74 84 63 11 4 67 65 1 45 141 33 34 11 13 43 74 61 13 82 43 43 18 123 29 44 15 31 4 499 3 146 11 55 36 68 12 98 14 193 116 37 89 8 74 123 15 47 51 49 29 123 132 275 9 108 35 22 49 119 59 19 159 45 16 55 132 58 4 9 38 22 22 550 94 26 12 137 41 23 11 44 6 6 117 156 39 193
0 47896 11 30 66 92 190 54 31 12 16 34 159 23 19 3 4 42 75 57 192 11 226 76 26 95 62 10 57 13 48 6 106 96 90 41 78 15 3 22 366 34 90 12 113 72 99 101 14 51 185 2 28 14 74 17 30 26 69 125 74 13 41 41 33 6 29 17 12 22 70 33 43 25 91 52 115 106 154 15 9 2 89 126 79 45 62 53 26 44 13 3 32 6 274 52 4 61 53 3 53 75 322 45 138 264 29 43 12 149 108 30 132 59 520 54 6 8 7 26 35 17 88 19 16 28 249 5 24 16 250 79 134 5 203 10 55 22 53 9 64 23 44 2 76 88 99 8 222 60 152 53 435 10 25 32 66 4 171 19 10 73 91
0 48119 21 122 38 16 60 5 132 51 56 19 229 9 57 36 297 156 21 12 57 42 63
0 48500 35 78 182 3 21 45 1 33 21 3 107 47 162 65 318 106 28
0 48708 85 18 220 33 146 8 241 21 24 48 247 28 35 15 120 129 20 47 202 29 59 32 134
0 48771 53 43 24 72 40 87 58 44 115 158 204 1 153 11 17 60 267 4 102 28 425 18 14 87 157
0 48807 118 186 76
0 49186 172 18 90 60 27 126 96 15 52 131 42 59 49 10 47 114 101 67 55 42 88 44 23 70 49 44 14 9 41 32 113 37 208 10 139
0 49389 72 15 110 32 7 2 96 41 314 35 49 37 151 35 174 24 54 31 272 30 26 15 10 149 1 30 591 33 212 78 326 33 333 37 243 46 37 140 121 13 209 6 199 55 8 3 207 138 28 89 57 103 12 128 571 113 5 34 10 106 7 4 47 42 71 33 79 17 19 39 107 7 17 22 298 21 148 10 224 25 292 16 67 4 56 200 552 164 10 34 175 6 28 20 221 34 132 6 41 4 322 58 195 30 126 86 26 3 159 36 150 115 4 20 217 97 23 19 32 1 136 51 17 74 283 115 403 16 50 33 27 6 22 62 68 91 31 35 73 226 90 18 86 30 1 206 83 60 45 40 188 38 53 19 251 1 3
0 49893 188 28 31 49 2 17 179 134 97 54 9 32 81 6 59 12 182 3 146 31 9
0 49915 95 35 33
0 50799 127 21 64 21 139 12 58 75 184 34 147 25 23 31 79 18 34 4 9 25 3 114 11 48 25 9 81 43 64 38 18 65 11 47 192 22 296 7 31 47 54 4 98 78 173 86 201 102 295 32 18 97 80 1 214 41 288 11 166 22 198 74 42 43 43 36 128 90 4 22 71 52 225 70 2 125 71 38 12 194 239 16 64 85 50 1 47 107 275 15 26 281 88 85 9 2 102 4 29 17 91
0 51191 31 43 48 31 164 15 48 60 227 68 60 73 98 129 25 15 13 6 58 27 275 97 92 15 190 26 36 27 18 106 71 184 18 117 221 239 45 38 142 144 18 5 33 16 141 14 126 1 169 18 38 40 33 17 54 4 47 78 5 4 69 57 10 78 12
0 51285 6 16 249 33 185 48 157 64 38 226 91 25 63 141 22 77 207 19 25 23 77 16 53 7 34 60 63 40 52 119 44 191 95 7 16 101 11 64 27 16 38 105 36 21 132 30 72 6 59 17 34 6 16 28 41 55 210 49 168 18 27 49 30 58 83 80 27 7 58 5 388 105 318
0 51427 92 13 17 28 31 8 47 17 139 65 13 20 160 15 244 2 54 80 10 14 15 21 13
0 51767 11
0 51909 33 51 7 5 401 3 174 13 59 120 707 13 21
0 51994 39 31 62 44 4 14 113 50 23 25 157 63 141 7 111 74 199 26 15 85 7 14 85 42 30 120 36 19 108 30 22 135 22 37 74 80 78 3 142 1 137 28 41
0 52030 13 4 62 189 21 46 156 31 66
0 52108 15 3 20 155 39 32 33 45 124 12 400 1 54 12 119
0 52116 186 19 70 74 280 117 358 20 78 59 185 72 175 289 15 5 103 73 9 104 6 18 261 81 122 70 27 22 38 51 53 100 156 48 82 132 287 127 85 15 91 4 81 21 36 138 62 65 68 107 94
0 52130 40 32 3
0 52155 106 66 178 11 107 92 15 48 19 364 105 100 22 14 25 3 53 118 380 48 38 109 19 29 141 2 539 37 49 21 272 14 56 87 178 58 247 4 270 12 15 4 175 32 130 11 133 44 32 22 55 38 69 99 11 12 147 103 64 75 55 3 183 23 153 7 1 44 151 123 8 18 109 13 172 75 84 7 294 25 5 60 35 19 70 85 223 84 350 34 55 52 7 3 195 2 39 3 382 14 57 1 27 20 546 169 19 51 52 184 47 32 111 31 34 2 103 31 191 2 479 57 24 34 343 26 343 108 91 77 159 110 54 45 8 12 36
0 52237 75 16 150 67 140 18 5 15 222 27 291 89 23 19 62 6 234 48 251 5 12 161 61 66 183 41 7 54 62 78 366 14 85 84 317 65 5 65 105 54 281 4 13 16 11 222 108 200 46 14 35 27 323 48 76 20 318 16 158 7 86 8 11 65 174 112 485 198 27 8 21 9 33 37 210 35 187 63 133 21 16 185 29 6 84 148 61 46 52 168 15 52 101 6 21 3 173 19 30 22 129 2 90 44 46 25 199 21 23 2 205 32 66 20 11 4 3 6 79 58 88 94 139 47 24 27 86 14 44
0 52261 50 8 55 22 1 49 57 26 188 5 224 18 237 175 152 27 19 61 171 8 72 25 184 10 4 33 232 3 37 35 167 29 10 14 31 15 27 16 8 59 57 17 48 114 25 15 143 4 80 84 66 257 215 55 198 47 35 48 248 2 86 127 2 109 214 7 23 29 49 31 39 10 15 35 132 1 225 119 149 30 30 14 62 127 136 137 32 147 420 28 263 2 33 26 18 8 238
0 52362 95 97 89 89 35 11 91 50 71 47 94 95 310 7 81 60 117 61 48 50 13 11 21 29 56 25 99 44 159 34 47 12 102 28 239 18 42 95 10 58 22 55 81 12 133 114 56 36 19 84 4
0 52500 180 91 11 19 124 13 90 79 205 121 113 15 113 25 5 60 57 131 23 20 127 7 14 57 91 6 112 68 95 19 64 16 60 20 14 75 28 1 4 2 30 67 24
0 52664 154 101 25 50 60 12 56
0 52871 26 52 16 15 142 117 49 57 10 24 5 13 248 23 136 51 10 12 1 20 4 5 156 2 19 127 8 58 114 30 27 9 141 176 26 5 118 13 120 53 16 154 39 51 280 66 86 14 34 179 20 107 66 56 383
0 52922 269 8 187 7 5 60 124 21 23 30 87 44 53 10 2 92 30 6 38 106 111 84 78 86 31 14 41 31 262 4 38 7 101 1 8 15 19 23 10 114 7 51 12 82 162 40 37 13 104 1 5 1 31 41 19 6 259 4 65 7 45
0 53060 471 6 1 31 7 123 12 12 146 67 83 15 39 132 218 36 107 46 52 17 213 24 80 7 74 43 29
0 53389 29 5 108 64 161 5 32 5 86 68 47 10 38 63 192 14 60 10 8 37 2 44 558
0 53452 1 50 78 64 69
0 53571 20 27 16 1 64 61 67 102 2 27 122 95 81 33 41 58 35
0 53585 28 81 21
0 53732 258 61 11 136 13 31 31 76 143 393 26 3 43 104 79 77 25 22 147 1 201 36 31 84 5 111 164 33 98 123 83 186 79 19 69 23 52 55 71 87 125 5 106 23 83 31 40 234 15 91 75 34 83 19 22 11 91 1 39 52 427 29 72 1 125 1 168 10 252 92 236 30 10 32 12 117 173 67 60
0 53956 51 32 14 20 17 61 38 3 31 42 90 39 84 52 151 70 39 105 55 104 42 45 14 83 133 92 60 22 22 66 217 37 36 1 73 155 20 65 72 90 146 39 106 48 140 46 91 72 18 26 20 57 248 140 74
0 54085 63 10 5 48 335 46 127 14 27 96 48 74 11 141 17 178 147 83 5 60 9 36 159 15 29
0 54210 134 67 15
0 54312 10 34 239 23 272 29 73 20 115 8 196
0 54398 321 44 246 2 25 10 39 36 235
0 54554 373 3 60 46 101 19 30 59 111 14 138 206 104 44 296 17 94 45 70
0 54573 117 178 140 22 258 14 309 102 49 6 95 50 76 4 60 97 52 11 27
0 54942 8 147 190 23 29 135 44 19 434 11 109 89 98 40 21 95 172 71 193 134 137 60 143 41 35 7 12 14 192 28 70 26 32 72 155
0 55036 226 1 22 42 131 17 141 52 33 132 2 67 54 15 31 22 9 66 54 83 43 83 173 18 70 32 141 4 32 12 92 15 83 22 16 18 241 60 175 50 17 49 3 2 6 43 69 64 20 14 58 130 323 34 30 6 71 16 38 11 23 44 73 1 38 147 53 38 49 11 326 39 9 135 163 18 61 130 3 8 60 7 1 63 62 36 405 115 59 1 8 14 379 57 136 9 343 50 41 53 106 139 65 85 73 24 88 16 63 8 107 21 72 22 214 24 121 2 24 5 121 189 37 163 157 16 134 70 76 6 27 4 58 45 16 97 59 78 13 36 116 9 1 54 65 23 130 91 252 7 93 123 113 68 46 46 229 6 56 19 14 135 84 31 36 4 75 44 108
0 55063 98 28 112
0 55186 80 43 233 52 371 20 32
0 55371 68 98 96 11 34 31 226 14 90 23 29 37 100 41 44 20 8 14 54 91 390 26 35 95 20 38 4 94 24 131 58 12 104 149 87 181 95 67 61 8 341 110 45 12 23 22 18 61 380 44 73
0 55393 111 110 73 10 138 23 46 28 45 28 8 58 525 24 9 31 17 25 116 233 85 11 112
0 55446 299 14 102 23 19 57 38 52 41 3 101 18 101 15 187 7 55 22 33 25 99 9 128 49 50 10 78 9 188 5 3 23 39 79 43 14 34 1 62 36 5 113 33 19 59 19 2 37 180 6 90 57 43 10 11 22 77 51 95 7 114 17 158 60 50 11 170 178 132 128 16 96 91 17 27 18 6 159 184 67 34 47 272 115 229 18 91 19 95 17 128 26 305 155 396 28 333 1 51 38 226 37 126 70 99 21 10 38 139
0 55565 43 23 134 43 24 8 329 14 4 60 27 44 25 111 335 21 135 124 88 39 28 33 13 56 23 6 49 8 70 34 69 96 1 51 95 88 135 114 12 8 108 202 57 1 36 108 1 26 26 89 34 40 34 42 22 16 139 68 85 343 160 65 27 28 47 133 71 31 112 43 159 59 12 111 266 3 37 255 62 51 60 121 8 36 61 114 87 31 45 65 119 18 8 41 2 41 43 98 1 13 101 8 636 8 108 24 36 31 68 59 75 57 133 7 31 41 12 30 238 141 82 57 36 77 48 4 68 7 69 44 52 65 34 15 110 18 122 36 49 18 92 88 86 139 37 42 80 21 56 12 32 47 190 95 2 44 127
0 55594 155 70 175 22 84 10 149 2 72 69 41 14 204 4 239 80 53 42 18 16 123 96 29 11 16 19 86 8 129 81 53 53 51 24 18 76 102 97 40 9 1 57 256 23 240 27 81 3 138 55 74 182 135 103 3 67 231 37 2 32 340 7 18 5 131 9 74 3 131 13 38 78 41 16 133 10 283 123 28 1 84 25 10 9 255 166 269 3 6 51 6 30 156 16 245 198 50 93 343 18 52 9 6 23 12 162 20 57 357 42 37 36 3 9 78 21 106 93 8 172 307 105 87 30 122 24 308 10 4 102 125 12 7 19 25 21 9 98 59
0 55671 19 10 19 51 47 30 33 142 281 21 342 75 7 109 43 76 5 198 6 83 35 26 156 21 40 36 142 20 584
0 55676 19 91 204 19 41 3 17 40 52 7 133 23 49 41 52 31 58 18 28 6 2 202 92 48 99 4 87 4 153 98 321 186 20 46 121 279 155 41 239
0 55773 123 102 129 33 53 53 75 33 235 111 101 5 11 48 21
0 55833 26
0 56771 14 41 436 161 42 19 69
0 56972 37 20 214 52 164 44 322 61 60 7 50 134 94 66 137 74 63 45 36 48 156 52 15 64 9 58 85 281 213 91 3 15 215 14 46 2 11 21 84 13 49 11 181 37 61 44 70 3 22 28 53 18 196 39 27 1 296 91 141 133 102 61 25 5 5 6 111 96 11 34 142 22 68 181 69 126 640 119 34 6 44 117 314 140 20 118 119 27 86 100 47 50 88 42 45 32 22 12 133 133 67 255 178 10 29 221 8 89 112 71 54 58 161 21 11 148 178 3 7 2 3 37 5 47 66 2 41 98 16 263 24 10 12 2 38 105 136 31 89 113 49 32 155 88 122 59 101 24 112 69 2 85 158 105 8 45 11 35 253 20 137 31 16 4 489 116 92
0 57001 195 115 73 26 299 21 151 86 86 23 5 263 185 47 117 139 76 44 258 64 383 98 12
0 57140 344 26 114 11 161 24 73 75 73 115 53 8 113 13 2 22 112 136 62 3 167 9 47 4 318 15 174 17 19 30 16 14 135 12 141 14 234 6 74 252 97 22 348 72 13 60 3 38 49 67 34 1 26 1 62 85 70 27 16 21 123 49 21
0 57272 5
0 57526 16 5 220 88 43 80 5 23 159 22 68 31 199 72 104 45 13 24 196 66 39 52 203 89 1 21 50 56 59 35 132 3 100 52 137 65 39 49 240 37 15 85 27
0 57595 563 24 65 55 343 46 119 36 352
0 57610 40 16 32 50 3 93 77
0 57649 145 22 10 32 109 15 40 42 68 67 112 50 72 112 269 30 87 25 268 43 213 73 23 182 190 36 120 4 6 24 14 57 30 2 54 1 80
0 57680 54 136 335 6 130 2 44 121 25 107 31 69 5 15 34 23 202 29 44 9 138 4 13 151 1 8 60 41 161 12 100
0 57704 86 22 100 9 149 6 40 126 52 21 67 29 78 6 73 23 80 14 365 33 24 15 373 7 32 201 50 80 115 53 30 75 112 6 26 13 103 20 104 117 169 151 136 24 14 5 29 20 67 67 55 93 416 11 233 59 31
0 57845 236 10 10 111 86 37 106 98 89 33 4 53 63 29 325 90 7 5 21 102 54 8 104 74 163 1 148
0 57904 88 14 177 263 38 10 111 1 217 37 213 8 128 9 82 44 465 22 74 99 3 41 164 60 6 27 46 12 31 8 3 111 343 7 278 10 134 34 44 157 123 16 118
0 57952 2 16 275 50 7 157 29
0 58122 26 29 174 81 214 35 86 69 119 10 6 9 111 22 197
0 58316 8 4 152 51 55 43 3 246 16 11 5 127 485 24 262 113 17 41 129 104 119 22 106 20 150 15 9 31 373 132 34 5 87 21 175 9 25 193 82 220 35 63 105 16 74 47 32 20 422 80 61 39 90 40 13 4 21 115 61 38 15 19 128 184 16 66 147 13 166
0 58345 112 55 21 8 112 50 2 17 13 11 77 179 134 16 234 22 19 13 107
0 58380 160 2 28 13 12 108 100 124 130 157 2 123 140 43 92 40 42 45 44 46 3 43 106 18 147 30 89 1 104 7 234 43 44 44 16 7 214 107 43 28 7 34 70 45 76 5 281 19 12 46 23 62 148 4 13 37 15 11 55
0 58381 133 126 29 28 349 1 3 61 58
0 58399 8 38 29 26 266 56 36 84 26 20 100 5 8 28 56
0 58530 14 18 333 81 234 129 68 98 406 4 377 37 43 1 536 3 6 15 252 49 164 43 8 31 311 31 63 34 28 29 69 181 64 21 9 105 52 20 85 4 143 88 157 12 20 21 42 24 48 17 257 1 64 18 29 159 153 86 36 21 151 30 73 43 15 28 72 1 1 17 40 38 85 122 33 2 27 41 88 133 22 52 265 33 60 60 175 32 86 49 96 66 59 7 77 1 62 32 139 87 46 27 3 42 203 11 128 18 133 200 71 51 342 199 2 123 170 1 12 58 35 17 19 125 104 51 284 31 20 135 26 110 20 70 58 28 87 8 109 20 36
0 58670 40 38 83 106 57 63 11 138 277 159 139 73 178 102 4 1 22 57 126 213 15 38 281 11 68 53 64 101 99 48 117 73 200 137 106 8 55 22 33 50 11 107 119 141 255 287 233 13 29 31 14 49 63
0 58864 46 127 177 157 86 22 51 102 19 31 84 11 271 72 34 25 24 73 4 3 151 13 216 16 136 26 206 14 64 50 53 50 38 21 133
0 58867 454 46 193 27 32 35 141 53 44 123 15 116 96 66 116 4 104 11 128 13 57 7 50 2 44 10 266 73 248 7 256 8 35 94 93 171 34
0 59038 7 101 31 55 157
0 59163 67 58 89 29 188 88 79
0 59170 114 68 72 96 21 54 60 58 94 33 17 32 153 25 211 38 94 66 338 26 179 33 81 36 17
0 59235 181 38 15 54 156 40 214 8 5 19 266 53 104 4 115 97 62 13 127 47 147 150 55 42 14 3 109 43 72 46 4 30 51 48 131 91 114 74 135 73 31 4 28 12 136 51 101 90 146 10 31
0 59400 154 126 384 20 1 159 2 59 159 15 170 113 62 15 39 71 213 17 28 22 92 18 55 28 96 47 272 39 74 63 115 35 235 36 38 72 72 42 128 55 94 15 29 72 88
0 59817 207 36 190 129 61 49 29 146 33 40 96 60 224 66 83 19 297 36 150 94 36 47 70
0 60000 80 1 73 7 231 48 69
0 60054 167 19 58 2 35 49 226 27 183 17 21 82 61 27 170 71 175 17 881 69 157 66 28 61 97 191 119 16 106 35 23 8 54 167 102 69 49 33 383 9 42 60 79 25 154 25 253 45 179 17 62 20 200 59 90
0 60187 49 152 26 10 16 94 79 143 91 80 146 20 8 62 57 207 24 49 25 39 156 17 148 74 28 23 36 12 157 160 111 29 345 35 12 3 76 68 44 4 69 16 80 2 336 23 84 53 10 51 134 25 18 39 25 29 31 24 30 19 96 54 131 35 143 62 26 6 20
0 60364 69 9 72 43 9 46 18 98 106 39 96 2 6 9 108 41 108 29 15 41 138 149 94 222 2 10 111 30 13 64 125
0 60652 19 67 25 31 31 28 4
0 60965 301 150 259 106 175 114 214 23 116 89 122 30 10 6 52 82 30 178 1 119 24 6 162 21 248
0 61120 61 108 3 48 2 8 79 93 77 52 303 95 251 207 118 39 78 62 139 104 80 45 44 21 176 9 112 28 8 181 295 108 46 20 261 132 15 84 117 16 27 39 36 51 28 75 118 68 106 53 34 13 229 51 148 2 52 162 42 99 9 14 23 62 130
0 61171 285 58 2 1 83 7 62 174 235 2 108 40 10 43 18 42 220 36 16 43 43 5 89 20 20
0 61198 179 68 166 1 87 46 72 63 1
0 61406 163 13 54 255 55 47 6 8 36 6 37 3 138 3 9 127 15 198 69 29 31 135 122 68 11 159 21 23 87 35 220 51 84 55 143 64 99 41 61 9 247 31 57 17 52
0 61416 106 50 62 26 103 23 149 69 6 103 29 41 83 270 28 1 20 79 66 25 87 29 51
0 61539 217 78 91 20 624 13 212 20 6 53 72 102 481 25 293 31 39 11 75 175 42
0 61704 130 15 7 99 6 64 102 22 201 48 157 40 38 16 119 96 269 59 49 30 48 9 51 6 239 29 347 46 21 35 333 118 277 24 151 21 25 22 162 65 158 74 160 74 21 148 114 14 61 51 184 96 140 17 14 84 218 41 239 118 417 51 90 4 52 24 6 21 75 85 11 22 25 16 17 5 134 8 84
0 61714 98 15 213 19 47 138 111 146 386 36 48 2 24 90 193 33 143 55 142 82 4 29 72 19 69 84 54 200 387 50 14 44 7 95 139 61 75 81 216 35 185 58 25 90 32 70 128 28 270 19 14
0 61810 85 2 1 98 31 111 123 39 72 27 32 23 632 53 190 50 19 2 219 13 28 42 242 135 76 28 133 10 54 6 39
0 61966 131 46 61 46 18 19 292 2 201 72 60 58 217 2 35 2 12 51 66 54 60
0 61999 208 126 134 74 21 12 130 45 199 5 134 5 241 137 189
0 62030 94 19 92 10 26 19 10 18 154 2 269 4 480 10 263 55 52 33 68 138 194 13 3 31 13 40 74 124 187 27 179 32 35 17 65 159 80 8 415 21 333 105 109 32 179 119 18 99 130 87 26 50 100 32 9 127 84 4 288 86 65 52 136 22 9 102 57
0 62231 32 4 208 43 94 54 36 89 17 44 110 137 152 131 116 69 194 81 62 18 219 66 58 59 94 27 12 106 7 4 166 78 225 36 3 45 71 9 13 1 49 22 235 9 17 77 7 84 25 35 122 164 15 27 86 12 185 15 164 84 256 1 198 11 2 65 117 20 34 19 97 67 80 4 122 59 46 54 82 100 208 48 122 129 84 127 104 28 118 110 89 133 3 1 159 43 11 115 11 170 208 159 228 10 2
0 62303 42 45 133 22 89
0 62501 11 26 5 6 77 30 211 1 26 12 24 12 343 42 280 54 117 23 64 95 255 245 175 190 91 2 7 34 168 94 99 234 101 103 19 26 133 31 41 44 208 63 81 56 167 139 179 2 19 4 172 128 36 16 8 26 144 52 142 87 95 28 50 48 178 74 26 121 126 15 31 8 14 10 92 16 74 239 268 50 217 46 150 165 30 60 105 1 120 8 20 38 335 1 85
0 63093 45 20 88 39 6 34 81 14 98 97 94 209 18 117 22 24 2 4 61 120 7 11 157 38 199 35 247 13 77 93 97 22 244 97 123 64 92 1 171 69 50 35 62 194 259 82 21 15 106 27 116 67 216 16 88 89 23 128 163
0 63214 116 63 109 7 12 56 51 30 163 17 15 21 51 13 90 118 26 91 30 13 113 8 41 26 177 86 6 24 30 52 114 5 17 35 150 71 30 144 101 39 401 176 335 21 35 73 238 16 115
0 63364 3 43 8 27 124 129 82 9 84 81 361 75 98 102 26
0 63490 61 19 12 2 3 18 10 188 37 31 303 23 29 10 117 42 44 27 8 17 100 73 77 16 61 5 63 20 40 151 141 32 38 21 273 21 53 129 23 40 114 33 202 42 56 5 107 16 218
0 63531 90 16 175 8 205 2 267 128 84 22 305 6 261 39 22 84 66 26 222 49 29 69 50 22 58 21 171 74 79 155 25 31 9 94 38 112 75 148 45 3 120 118 30 27 101 101 76 25 104 10 6 19 121 9 241 21 12 2 48 50 11 77 9 116 46 72 1 24 26 175 68 74 3 5 66 87 54
0 63775 217 185 11 60 18 49 48 167 257 107 23
0 63983 56 96 105 41 105 68 19 55 18 27 50 57 10 24 291 13 49 8 129 175 111 19 58 36 181 26 2 45 16 1 58
0 64127 252 87 157 30 8 4 83 22 60 2 134 8 21 173 94 24 57 1 205 17 88 25 281 32 127
0 64260 63 18 133 121 51 21 97 3 69 346 144 133 52 68 59 26 257 42 64 131 88 7 45 72 35 22 76 17 62 47 6 53 1 99 94
0 64339 84 71 212 198 67 4 49 67 32 9 265 54 34 82 275 32 87 64 46 142 7 23 233 14 83 75 263 7 25 21 68
0 64342 73 9 301 7 201 11 172 31 206 116 39 3 181 33 308 202 142 98 31 71 160 15 127 2 34 9 32 25 297 53 129 3 208 50 2 21 107 28 180 39 47 4 12 1 33 121 157 152 89 147 57 101 39 48 82
0 64701 12 6 13 14 88 170 31 95 85 19 191 16 40 34 15 64 52 16 81 16 202
0 64802 155 17 39 20 48 8 85 14 82 17 248 11 237
0 64953 12 7 220 52 47 117 4 9 14 59 50 210 36 13 20 2 15 48 6 20 192 1 17 34 160 73 159 10 14 4 5 238 87 124 35 217 82 28 56 9 148 27 94 73 48 101 12 28 50 36 205 25 88 70 100 128 111 1 101 33 2 169 128 11 43 4 178 8 22 92 36 31 4 21 77 96 232 54 174 59 51 90 231 26 180 81 4 45 187 15 3 57 126 98 52 17 1 30 95 59 109 7 145 26 26 24 90 1 153 16 11 71 188
0 64989 115 13 49 19 155 119 134 10 25 11 38 30 80 48 77 87 19 51 18 117 240 89 47 33 80 62 69 17 14 8 317 27 204 163 53 8 13 37 5 9 162 8 94 71 1 39 34 173 80 2 12 56 144 49 133 60 75 27 36 38 3 87 25 37 261 32 49 37 61 9 51 7 29 203 65
0 65021 57 16 45 110 23 96 6 14 3 25 53 19 22 8 28 84 29 3 9 35 16 37 75 10 12 12 137 53 194 2 117 12 83 1 209 18 49
0 65111 252 64 287 31 36 58 96 84 109 35 26 42 61 35 18 21 99 54 240 99 131 6 1 43 2 23 95 149 15 29 223 23 194 35 14 57 280 90 22 42 61 39 17 130 135 30 57 33 199 49 277 31 62 101 20 10 302 12 97 87 56 63 218 17 189
0 65199 67 198 24 26 362 131 107 18 81 26 218 6 53 46 5 6 168 212 1
0 65356 76 31 14 2 86
0 65656 162 5 260 8 109 182 65 3 17 7 15 168 42 139 73 69 33 30 22
0 66190 124 12 8 33 64
0 66218 20 19 110 1 12 174 240 20 53 2 21 161 81 2 15 19 8 93 278 10 262 26 155 23 51 60 45 19 169 219 102 17 220 97 194 51 81 14 14 31 115 86 150 50 247 32 232 35 6 30 305 1 23 36 66 2 244 18 31 27 7
0 66244 58 6 52 178 56 46 37 37 403 66 184 88 60 37 35 10 36
0 66698 17 50 63 131 90 18 231 2 57 6 131 42 12 6 77 73 12 1 300 91 75 16 257 123 89 157 97 80 184 66 1 79 137 21 49 5 9 1 128 61 33 10 71 47 27 46 60 24 183 52 409 51 118 74 155 141 133 32 20 22 208 6 27 9 96 55 279 10 162 24 52 82 69 55 94 36 148 75 101 26 301 22 47 64 75 35 41 115 48 103 173 19 68 15 29 99 110 7 131 96 286 6 86 7 116 21 49 334 32 88 112 15 45 6 2 55 94 54 94 6 41 69 8 14 85 248 386 21 49 2 66 17 162 49 109
0 66740 51 8 32 48 53 27 33 21 41 9 26 142 86 37 139 49 112 76 25 21 251 107 1 57 116 90 32 68 120 18 112 37 59 13 2 20 2 67 103 134 158 93 18
0 67073 194 43 31 84 218 47 29 21 32 102 271 69 45 81 57 12 5 10 21 57 46 62 14 46 79 43 121 33 71 22 48 203 107
0 67113 142 22 213 12 79 142 29 22 215 102 132 20 23 17 63 100 45 20 15 59 51 1 152 51 340 135 13 20 102 63 13 78 94 23 184 152 33 4 256 37 118 113 150 25 21 27 8 3 69 50 23 65 12 4 20 24 223 24 210 54 389 28 108 137 36 104 575 64 71 18 52 15 166 36 131 6 120 21 188 13 186 72 282 14 23 11 151 56 137 178 262 47 106 83 33 12 21 13 28 11 47 8 74 49 40 21 270 52 10 3 44 13 9 30 173 6 81 20 271 2 216 26 87 12 27
0 67372 120 108 15 69 100 31 84 14 43 29 178 1 57 45 110 35 245 16 29 17 206 19 24 68 133 81 148 36 55 135 10 34 32 22 447 9 42 15 271 66 38 19 162 86 167 47 78 29 9 44 55 35 134 2 163 71 1 52 160 21 67 34 39 24 14 11 24 152 34 120 4 55 58 16 23 63 7 16 133
0 67489 28 1 59 127 302 6 266 31 608 10 66 37 47 72 26 40 35 2 18 3 30 39 167 63 18 9 387 47 27 59 41 37 132 10 18 9 139 5 159 82 220
0 67540 49 12 40 25 215 48 54 13 453 176 79 91 79
0 67577 85
0 67789 20 7 40 16 142 18 78 17 344 125 158 4 362 20 150 28 20 9 198 18 41 11 107 8 75 24 42 128 265 5 26
0 67880 169 13 65 11 232 34 148 67 88 29 73 119 4 48 26 40 24 4 329 11 14 31 288 26 45 19 24 44 1 36 49 64 102 41 51 39 60 7 14 93 137 27 28 78 75 46 134 72 46 63 43 37 132 44 116 123 81 42 168 14 15 66 190 80 78 9 104 85 15 71 87 14 24 91 32 6 133 7 58 48 98 53 8 1 39 10 1 17 53 28 253 2 42 20 57 4 204 179 236 54 51 62 82 48 9 8 271 1 130 22 182 106 50 52 163 53 274 69 48 2 13 229 215
0 67997 73 81 101 14 307 48 8 67 43 76 209 31 37 25 61 19 79 27 14 1 200 36 33 72 183 98 17 124 554 22 25 121 34 75 165 50 22 140 93 62 48 49 258 23 40
0 68155 233 66 149 76 68 56 8 13 162 164 6 30 113 98 113 10 45 53 13
0 68419 38 161 98 14 51 67 99 176 213 15 109 45 73 5 62 37 96 9 34 78 137 25 19 61 1 40 107 15 9 43 45 1 12 9 284 8 114 132 9 243 35 16 42 36 23 73 68 67 120 14 1 20 45
0 68732 166 32 211 1 53 19 22 48 101 27 11 53 258 12 29 6 55 68 8 31 56 9 50 70 23 111 310 3 41 11 38 43 104
0 69478 88 16 27 108 175 43 33 26 24 86 1 24 317 29 120 33 15 49 51 105 127 11 226 64 535 56 148 26 7 14 86 186 111 27 23 11 59 34 37 162 153 3 103 12 53 50 100
0 69576 256 31 252 74 18 9 70 15 7 121 193 46 178 117 42 112 37 32 45 129 64 22 46 91 52 2 133 122 56
0 69733 67 7 70 54 142 3 14 155 36 17 17 29 128 154 162 123 113 12 281 54 330 118 44 52 383 179 75 11 14 74 31 22 24 38 111 45 167 70 149 64 16 38 58 25 52 64 99 381 4 29 16 110 226 49 68 12 5 13 13 24 113 5 120 100 14 90 117 80 51 96 43 2 5 6 699 31 54 27 4 70 94 88 64 13 50 15 90 4 60 17 7 15 15 34 130 10 190 13 130 18 101 58 51 38 62 20 81 5 283 18 33 92 260 34 104 14 52 99 133 16 144 29 109 98 33 8 7 21 366 57 70 81 183 39 3 22 33
0 69921 259 32 109 90 40 148 129 32 24 20 199 10 96 42 399 16 54 42 7 103 319 16 107 52 84 22 24 25 65 18 29 54 88 113 23 10 171 92 36 79 121 30 11 28 107 37 23
0 70078 259 191 24 1 5 96 34 50 86 60 72 17 227 22 6 45 226 36 191 107 718 113 140 20 99 16 134 89 133 56 35 31 122 43 137 83 188
0 70487 23 20 32 13 54 3 61 12 106 42 279 105 106 21 175 15 173
0 70588 101 185 43 83 124 65 290 114 114 18 42 147 84
0 70648 112 34 174 37 46 37 15 16 110 13 145 80 4 58 40 24 31 102 2
0 70803 275 35 210 4 386 41 62 76 858 174 10 54 215 8 37 47 11 87 152
0 70980 64 8 36 132 340 11 78 39 271 65 199 7 32 55 25 81 98 82 16 33 188 133 134 23 29 27 10 69 201 53 275 188 6 1 123 43 99 64 15 31 298 61 10 184 115 25 116 12 60 19 91 40 25 16 19 17 10 70 5 4 7 86 1 243 63 6 50 25 3 62 41 88 2 29 57 49 38 19 60 6 22 9 41 9 45 14 29 52 151 27 15 154 41 35 40 30 25 87 67 5 556 93 156 6 67 82 28 46 178 25 181 31 150 113 140 323 81 30 145 51 263 4 268 9 58 17 245 55 81 1 47 16 6 10 102 8 14 35 20 9 46 161 59 66 89 101 38 8 30 4 160 25 26 78 72 19 1 41 29 56 157 125 14 56 23 85 225 44 30 25 70 82 10 84 44 44 83 98 107 107 73 6 123 141 31 106 54 1 138 3 12 35 4 44 31 54 303 94 8 31 32 4 83 8 13 25 81 87 55 1 244 86 106 2 48 44 103 12 153 21 286 75 99 81 1 17 123 130 110 38 7 9 36 74 103
0 71118 33 53 99 11 285 21 30 11 71 68 36 17 87 76 52 11 13 48 97 14 45 298 73 5 131 17 66 11 45 150 296 5 1 78 305 1 23 9 146 2 72 37 84 1 82 14 46 27 26 6 71 30 23 79 3 7 92 1 9 65 145 136 73 8 423 100 32 5 201 48 10
0 71262 28 23 51 20 92 41 5 45 25 94 21 42 84 6 298 37 6 4 4 37 162 16 25 77 326 36 3 35 52 13 366 40 64 29 189 155 4 109 85 173 19 26 134 5 91 8 32 16 105 134 46 46 38 70 151 49 4 13 40 15 24 65 191 1 45 73 256 105 237 42 31 34 101 8 31 3 21 21 203 33 76 51 534 40 169 40 100 6 202 6 18 18 83 28 128
0 71326 53 126 86 24 392 8 2 18 50 10 59 7 174 29 37 23 6 31 154 38 198 42 31 15 100 24 68 157 22 75 150 12 62 63 82 21 198 12 140 57 3 91 23 30 29 46 47 20 84 201 25 5 40
0 71526 55 2 154 15 20 6 238 6 31 19 188
0 71668 130 232 19 10 18 25 141 21 55 13 282 2 327 14 9 19 3 8 38 76 63 55 126 131 128 48 53 159 22 91 12 18 77 14 9
0 72046 311 85 62 23 526 22 108 45 32 231 30 71 31 57 165 40 84 9 101 79 21
0 72161 244 78 4 33 93
0 72163 135 38 503 25 39 34 20 66 36 66 119 22 72 53 54 24 33 150 34 53 89 3 16 67 9 105 24 52 11 79 54 98 25 49 354 3 7 6 120 106 90 14 19 102 118 115 26 6 111 28 19 123 32 20 222 29 155 23 11 84 20 115 16 66 65 94 29 34 53 10 57 35 103 28 13 33 33 90 27 9 228 176 99 39 343 116 109 83 57 289 32 36 16 22 15
0 72189 110 13 34 114 25
0 72328 11 11 107 22 94 12 31 14 26 17 230 21 90 9 116 168 17 44 321 33 87 6 14 4 61 30 125 127 45 52 46 13 88 32 177 18 22 63 3 27 65 31 8 3 164 23 96 87 57 2 100 13 7 94 150 12 259
0 72484 8 50 17 18 36 17 140 3 41 14 196 173 40 31 361 22 18 23 178 13 112 25 118 4 26 23 45 7 25 41 2 121 14 38 71 16 269 90 11 85 69 30 246 29 157 56 176 45 18 62 32 17 1 14 181 66 48 100 27
0 72507 11 11 72 233 9 35 21 71 66 11 109 219 3 16 391 30 28 3 7 105 172
0 72755 76 4 54 17 141 10 152 104 133 47 649 189 8 233 20 233 108 28 135
0 72852 401 131 2 85 13 21 63 8 38 57 54 39 196 5 68 38 13 11 36 5 32
0 73713 94 24 43 56 119 33 19 31 121
0 73783 111 35 74 6 22 57 155 58 6 26 126 31 31 12 157 161 27 30 72 3 39 8 129 18 92 17 236 28 163 19 106 38 213 65 95 41 216 20 57 11 219 31 47 50 426 6 9 40 184
0 73823 43 111 43 7 141 3 107 47 20 60 329 36 14 78 7 31 29 9 43 97 275 37 365
0 74242 15 4 28 19 210 21 62 22 31 2 138 9 4 35 62 10 1 52 48 11 40 28 26 63 104 9 25 28 46 41 4 162 8 23 206 54 267 72 11 7 27 27 82 6 39 133 311 120 96 16 44 107 12 19 91 31 33 10 76 1 50 50 135 79 18 1 3 33 239 34 4 8 131 55 35 6 144 55 10 31 20 41 37 34 74 21 68 7 152 1 38 23 351 19 57 41 8 11 100 88 150 48 63 5 372 57 116 38 181 30 66 55 6 3 248 73 12 147 506 504 63 94 50 120 14 25 44 10 49 127 22 80 79 133 55 209 204 6 288 119 59
0 74454 75 34 76 164 64 9 52 41 101 14 13 2 176 118 135 57 42 27 12 54 129 37 72 47 60 51 97 32 40 180 113 11 155 8 80 96 14 47 7 27 194 100 48 14 10 6 156 66 188 17 119 45 95 72 98
0 74509 132 31 166 13 88 12 79 107 118 19 54 7 11 105 39 148 72 33 59 90 16 24 77 3 34 9 88
0 74824 165 43 52 167 22 138 42 74 82 16 4 121 134 134 262 27 10 31 11 35 435 16 329 18 160 38 100 29 23 133 142 154 36 1 121 124 148 55 314 10 267 86 107 78 177 28 129 2 38 49 12 20 155 52 2 4 13 44 106
0 75034 73 40 179 46 48 42 86 74 52 25 93 26 37 273 2 14 21
0 75038 115 62 40 134 4 12 28
0 75236 33 74 18 9 1 138 88 26 159 25 27 147 14 58 46 7 47 1 124 7 88 18 16 29 45 100 29 17 168 1 14 9 48 76 21 54 24 13 30 52 20 23 99 1 87 54 170 70 44 38 42 12 9 9 25 47 275 3 279 118 65 24 6 8 90 22 21 5 164 7 189 172 198 48 44 52 153 4 15 10 91 43 312 11 74 186 139 3 116 5 55 64 52 125 69 119 91
0 75299 190 12 275 43 31
0 75391 65 79 131 7 52 23 17 6 106 16 111 12 148 59 23 5 16 128 47 125 50
0 75438 128 19 16 64 354 20 87 41 4 32 21 24 27 118 104 48 163 15 412 1 57 190 405 7 19 7 26 19 104 67 185 12 119 46 56 275 24 29 28 86 13 19 13 95 295 54 7 16 33 18 46 67 142 4 121
0 75439 118 15 20
0 75671 37 33 205 4 12 53 26 52 25 70 18 147 66 139 25 14 13 31 55 12 26 7 33 27 246 71 60 36 26 1 43 30 67 49 87 87 78 11 45 22 135 130 109 96 2 82 204 83 108 14 6 83 140 172 261 83 29 50 73 107 176 22 108 194 79 120 198 19 25 11 14 6 21 172 127 270 223 167 42 31 11 13 174 181 47 30 65 65 45 23 91 13 47 68 178 123 31 93 432 46 32 53 235 23 23 102 191 151 58 35 103 63 191 68 38 48 171 6 200 45 122 108 202 95 25 56 38 13 8 127 25 211 14 70 172 27 5 41 10 19 21 41 96 22 359 12 63 111 68 10 130 26 75 44 4 2 52 47 298 76 55 50 178 95 79 56 313 60 30 64 35 18 19 2 53 33 16 72 22 53 4 5 21 50 12 60 28 12 83 25 12 174 32 62 44 61 151 78 137 14 65 95 126 62 53 44 21 77 186 6 33 9 22 17 234 19 30 4 40 41 9
0 75674 117 145 106 6 77 4 11 52 53 49 90 95 4 68 180 8 15 71 123 37 5 104 27 23 51 4 5 12 125 33 53 24 65 11 62 148 53 21 207 4 257 12 36 33 185 84 185 60 45 35 12 5 68 37 128 29 54 113 109 47 189 6 121 13 306
0 75829 35 16 20 40 73 4 2 88 4 31 44 93 1 18 71 48 24 67 111 24 17 16 105 8 5
0 76311 52 1 71 33 68 24 7 3 232 3 17 135 105 8 165 68 23 61 12 16 12 1 138 90 69 67 55 14 71 183 12 169 9 1 23 6 83 71 3 79 66 134 44 5 13 30 99 68 107 87 167 67 30 57 21 41 3 149 22 21 95 16 148 16 1 100 373 18 59 6 34 15 27 37 88 11 10 62 167 41 150 6 11 236 177 91 99 75 226 44 57 25 29
0 76364 284 13 70 3 69 69 19 63 38 29 68 83 28 60 14 4 11 59 54 26 25 22 24 255 50 37 31 20 201 54 237 28 205 148 22 46 19 25 11 229 14 96 24 35 35 28 230 91 75 4 73 8 189 261 66 18 13 48 76 44 129 10 94 84 250 6 263 63 93 4 229 134 72 8 55 26 106 31 5 25 1 20 5 22 5 57 57 42 93 12 9
0 76396 20 1 132 20 26 2 78 174 4 14 9 67 74 11 67 13 23 34 34 71 13 63 53 20 66 22 7 63 255 22 129 69 42 40 16 21 74 227 131 52 10 28 80 29 115 1 27 6 16 26 320
0 76405 179 8 81 15 108 70 18 40 32 129 45 176 721 165 19
0 76543 11 72 184 61 9 104 280 16 8 38 212
