0 0 43 86 4 47 73 30 54 114 38 108 4
0 36 68 12 4 11 240 115 114 14 127 21 20 15 37 80 207 49 68 48 64 39 23 41 83 82 19 14 107 64 106 27 30 5 11 9 116 81 6
0 39 539 99 30 66 275 32 16 123 2 316 90 11 49 287 149 6 111 250 84 59 23 19 3 6 411 20 161 23 42 226 31 4 146 76 392 56 26 28 105
0 85 47 4 122 225 24
0 200 5 45 88 64 169 25 76 168 42 72 135 16 29 3 23
0 979 161 115 37 21 427 65 52 110 97 32 339 138 92 150 39 33 255 4 2 43 6 205 171 60 29 140 16 64 58 98 66
0 1063 84 52 44 50 12 23 4 77 26 231 14 85 41 23 10 91 212
0 1188 2 159 18 1 35 32 22 7 11 97 143 27 77 77 18
0 1207 81 44 46 153 34 31 175 82 11 32 187 90 88 13 43 73 212 15 23 50 70 17 128 56 375 42 48 74 224 78 73 18 159 11 27 34 98 38 3 31 10 3 1 8 58 90 91 3 94 53 243 6 85 23 95 70 3 38 40 15 44 11 26 12 153 7 10 36 21
0 1966 67 6 15 98 437 41 94 187 72 18 3 44 160 3 25 136 64 214 91 34 68 40 32 66 47 7 79 11 104 189 15 6 94 58 77 65 22 21 70 17 137 30 20 67 49 118 42
0 2001 60 94 8 40 170 109 191 32 180
0 2098 3 29 27 116 223 6 48 10 296 10 79 96 55
0 2152 76 70 125 9 86 52 28
0 2170 67 84 227 43 6 15 100 69 66 4 54 31 59 66 155 33 193 21 68 9 153
0 2294 76 90 206 34 110 2 40 90 89 3 2
0 2359 130 19 172 6 12 18 27 133 34 29 218
0 2403 28 55 129 22 43 98 153 75 14 12 216
0 2971 95 76 80 44 29 43 55 154 10 48 267 48 206 23 68 33 1 10 141 78 13 17 207 8 201
0 3015 38 9 39
0 3044 13 101 11 23 153 24 1 112 79 10 273 144 123 81 93 32 19 50 6 6 429 6 79 15 39 37 13 21 63 39 62 15 105 76 536
0 3334 96 6 79 11 156 18 29
0 3469 31 56 155
0 4129 70 9 118 30 37 41 36 14 56 87 85 86 153 240 40 28 129 5 16 11 30 6 203 99 54 48 354 7 80 56 101 82 85 6 105
0 4792 33 71 99 54 35 4 147
0 4797 78 22 105 21 43 134 152 123 401 117 46 2 211 160 71 14 215 71 123 2 165 19 6 51 108 84 109 13 145 48 10 43 31
0 4862 75 94 131 178 43 69 11 31 26 3 11 140 339 30 203 70 36 49 82 60 62 73 58 52 49 12 12 173 64
0 5435 244
0 5567 92 74 26 279 147 3 171 18 8 36 18 79 2 131 342 81 34
0 5833 91 7 100 38 117
0 5848 306 11 69 70 115 2 27 27 90 12 48 31 36 9 62 56 212 61 25 2 141 13 116 37 199 34 90 158 298
0 5899 107 14 25 71 54 95 134 20 211 7 17
0 6457 37 56 9 30 23 15 18
0 6477 4 100 202 65 222 2 3 38 406 31 148 23 41 27 103 47 6 9 105 85 182 44 43 13 59 25 64 56 6 4 359 55 7 1 80 148 243 64 33 102 13 3 16 19 49
0 6642 3 11 64 50 196 56 115 19 1 1 11 14 2 61 107 28 143 30 229 90 270 6 190 34 143 41 21
0 6700 279 14 162 194 59 33 48 87 201 29 75 11 45 4 114 10 81 39 19 27 75 40 123 73 71 59 26 98 35 79 8 38 98 65 25 55 128 16 93 4 13 4 105 17 185 36 206 28 115 59 52 28 401 13 475 14 320 129 89 53 477 26 40 79 141 23 3 19 38 20 175
0 6814 14 68 36 9 34 8 297 6 38 13 128
0 6955 111 7 97 16 28
0 7154 20 18 154 11 12 42 27 116 52 24 232 75 128 104 83 65 104 16 75
0 7438 93 3 375 19 66 68 149
0 7589 118 133 17 9 44 26 64 233 5
0 7730 98 21 72 257 1 79 29 4 12 33 178 18 86 81 36 35 144 66 209 70 73 167 77 79 169 7 238 21 7 12 72 63 51
0 7740 228 6 54 41 59 15 264
0 7957 104 10 85 151 78 4 186 39 109 47 70 68 46 20 159
0 7992 141 29 139 70 215
0 8017 69 8 103 28 18 16 69 16 67
0 8617 19 104 50 46 111 111 6 32 180 59 265 50 106 88 35
0 8892 222 108 272 34 81 73 3 6 50 96 143 74 213 2 13 116 57 34 195 1 36 33 131 26 49 158 77 104 209 16 82 17 55 48 126 10 67 14 39 110 13 2 238 37 222 41 211 89 45 6 22 26 141 31 52
0 9278 11 43 141 52 68 43 204 77 71 19 111 36 2 2 119 152 36 6 82 19 151 45 75 21 3 19 323
0 9667 252 128 4 42 40 182 179 96 132 36 490 63 11 64 24 42 113 17 254 94 40 40 39
0 9749 109 143 33 44 173 164 47 59 174 25 20 74 59 100 44 16 1136
0 9757 57 37 19 14 7 121 154 13 176 88 63 45 402 32 29 64 217 113 40
0 9771 45 31 121 24 435 29 43
0 9801 215 7 306 14 168
0 10133 33 40 38 105 118 84 33 15 59
0 10392 90 2 131 72 92 1 125 34 63 16 40 4 104 12 45 73 42 69 85 17 89
0 10432 100 69 320 24 191 63 36 117 119 115 43 8 104 21 97 1 34 84 339 32 40
0 10456 62
0 10489 89 13 74 23 16 130 122 139 150 84 143 60 23 48 47 23 233 40 72 60 51 12 44
0 10523 30 49 96 97 73 24 25 16 74 203 74 48 4 93 108
0 10595 36 3 20 57 44 56 71 12 25 19 20 9 160 4 23 4 33 2 1 164 34 49 114
0 10658 10 20 184
0 10782 158 5 65
0 11106 20 25 137
0 11121 86 16 364 72 22 77 32 9 3 60 58 86 28 86 238 31 33 44 21 15 80 65 93 8 20 35 72 33 75 157 208 65 34 40 122 29 52 20 224
0 11313 104 71 50 4 38 10 94 4 12 8 181 50 210 39 95 34 12 1 89
0 11513 50 6 17 65 29 69 122 46 27 69 47
0 11537 30 37 220 4 53 24 119 88 14 1 221 7 58
0 11570 90 59 100 20 266 222 65 128 125 19 13
0 11794 97 25 103 32 58 34 3 6 88 23 198 29 13 33 69 17 72 48 69 22 4 136 193 100 44 85 1 131 265 2 9 15 189 4 358 43 267 21 81 23 181
0 11881 218 3 24 18 193 11 126 23 34 2 171 46 149 11 208 2 28 3 407 37 165 57 47 28 249 23 92 46 81 11 50 52 25 31 22 131 55 129 80 6 70 36 6 42 6 32 125 172 77 24 203 49 65 17 269 5 46
0 12225 129 14 94 10 54 13 56 1 103 22 30 92 108 54 62 8 28 79 50 11 96 34 134 11 9 83 42 18 61 17 262 5 47 19 241 224 378 21 14 68 317 6 284 4 64 54 129 8 111 101 229 56 178 7 41 61 29 82 163 27 316 100 80 59 73 63 191 4 111 89 90 17 112 80 55 50 98 52 19 61 136 19 53 132 321 35 7 15 113 7 2 29 116 68 33 37 90 34 71 82 3 8 140 66 10 164 69 10 27 10 1 18 131 165 165 24 80 95 24 112 4 31 363 58 56 76 74 48 106
0 12560 69 6 80 62 16 36 104 15 28 4 121 24 165 5 31 64 71 18 145 19 21 10 31 120 260 132 21 105 54 80 30 95 63 1 10 16 73 132 115 17 21 33 32 12 40 32 58 175 81 13 135 24 193 38 107 5 194 26 178 48 16 95 1 8 46 93 115
0 13585 8 15 5 16 66 33 34 8 8 86 47 31 23 145 26 47 104 45 229 104 34 92 48 34 30
0 13888 133 49 69 82 48 45 125 51 2 11 114
0 13896 17 32 115 4 78 15 18 13 14 18 11 5 31 27 20 34 30 23 3 87 126
0 13919 154 39 88 56 233 29 60 1 231 84 7 110 83 2 65 122 274 58 316 30 77 38 264
0 14120 41 5 58 54 48 5 90 58 13 120 66 12 104 18 229 23 6
0 14289 16 6 302 64 690 36 94 32 140 18 30 8 140 93 122 96 46 45 117 8 9 56 157 40 14 293 90 30 320 4 103 11 480 19 29 77 81 110 44 38 63 41 42 14 106 148 50 19 133 6 127 101 4 108 21 11 20 82 174 120 50 80 27 1 62 151 25 126 125
0 14506 14
0 14520 6 113 8 80 69 71 3 84 59 17 37 17 311 37 173 8 2 11 3 59 57
0 14622 13 16 57 130 27 43 69 57 134 16 11 20 266
0 15107 6 17 3
0 15187 378 10 80 21 134 31 117 63 158 49 424 22 183 95 35 42 16 45 45 1 244 10 26 80 306 56 89 36 96 56 73
0 15331 116 67 282 7 108 28 164 1 21 4 76 39 34 39 156 32 211 2 157 23 218 68 99 31 24 45 66 34 5 20 47 51 216 44 24
0 15446 42
0 15604 22 4 308 68 130 124 96 72 22 61 224 9 30
0 15750 21 18 172 22 71
0 15762 12 70 158 48 112 151 228 111 15 15 21 39 58 2 66 79 35 41 103 1 23 2 403 30 49 30 136 134 148 73 270 11 17 54 43 40 116 9 17 125 62 42 46 68 43
0 15862 38 111 127 49 199
0 16070 238 4 144
0 16106 62 4 117 2 47 185 3 154 123 45 123 14 124 10 269 119 44 44 178 6 156 9 5 1 62 14 5 51 17 34 343 17 27
0 16119 81 62 198 71 34 72 9 134 211 23 65 69 89 34 129 82 18 24 89 8 78 50 70 35 41 11 12 215 111 151 49
0 16130 223 51 56 22 93 85 2 186 43 38 36 55 268
0 16210 18 137 173 35 80 26 36 102 190 23 12 53 117 6 77
0 16240 148 49 4 74 86 21 235 24 48 15 161 179 103 40 65 98 29 12 203 94 145 4 86
0 16655 46
0 16660 8 15 106 65 14
0 17601 43 101 18 29 163 34 53 58 35 35 17 87 1 23 101 105 260 80 3 33 28 2 154 5 129 34 73 37 15 61 133 22 199 14 20 68 7 24 152 9 327 18 114 201 48 16 119
0 17671 245 8 202 22 84 13 60 25 199 7 303 5 64 21 31 7 242 18 198 38 361 85 310 72 1 104 15 3 171 165 375 39 63 29 147 56 65 52 26
0 17771 121 59 59 10 176 66 33 82 32 53 155 21 44 30 475 15 91 19 250 95 103 44 70 37 68 27 41
0 17881 483 16 72 4 52
0 17899 58 47 43 129 235 125 114 56 112
0 18209 6 69 183 29 92 24 168 11 300 8 2 115 34 36 170 18 43 73 147 36 14 1 151 3 8 23 159 30 134 79 350 8 199 33 6 58 47 26 60 96 128 40 155 10 87
0 18301 22 16 249 73 21 153 129 60 178 73 183
0 18336 52 207 95 116 145 50 29 48 56 84 4
0 18429 54 12 30 13 12 74 194 19 29 17 134 56 5 4 20 30 58 57 112 34 87 1 150 345 53 95 84
0 18472 22 132 31
0 18586 315 13 46 24 62 22 59 129 236 38 340 110 19 108 33
0 18602 194 251 328 14 123 23 234 4 47 59 38 60 141 28 76 18 16 9 90 28 77
0 18616 26 165 66 46 33 107 223 42 68 74 2 21 28 125 74 70 169 12 84 19 144 26 78
0 18684 9 58 86 61 192 34 36 51 212 18 100 28 23 100 224 4 64
0 19112 7 82 231 220 337 72 13 77 5
0 19173 118 29 218
0 19400 23 2 149 74 50 10 180 7 30 73 116 110 323 1 47 38 63 11 16
0 19561 49 172 51 45 164 98 63 14 91 16 88 45 107 9 29 12 68 26 200 70 6 116 216
0 19630 26 5 1 14 68
0 19857 8 1 56 63 356 35 51 50 21 52 28 14 76 40 7 53 39 64 92 155 179 34 106 90 140 3 57
0 19982 337 66 412 4 64 54 66 33 355 8 38 37 430 2 64 19 280 34 153 11 98 30 9
0 20077 4 40 27
0 20450 150 23 168 79 347 92 33 32 41 23 91 64 3 43 12 56 9
0 20554 32 4 28 2 101 80 8 88 178 12 80
0 20676 1 156 22 72 457 10 105 13 4 51 154 275 167 113 154 2 5 204 210 34 67 1 20 38 146 3 92 153 271
0 20687 32 94 84 8 125 51 90
0 20935 195 17 163 35 97 19 50 1 67 39 146 48 436 31 9 83 63 52 33 78 25 120 90 32 19 16 123 48 183 2 156 44 544 52 149 27 16 117 182 57 396 20 132 98 8 11 31 236 27 174 58 96 63 132 89 77 11 15 66 17 18
0 21002 53 15 224 134 158 113 28 63 150 235 40 16 126 68 10 70 15 40 140 45 113 51 20 20 23
0 21066 24 47 38
0 21073 4 139 243 7 19 40 164 62 39
0 21145 14 83 90 243 30 91 99 76 47 135 28 10 7 16 64 61 152 163 235 24 32
0 21161 39 46 26 35 138 16 80 50 69 104 302 15 152 58 62 11 88 98 182 41 58 27 114 63 197
0 21581 66 132 91 2 234 78 262 99 136 89 71
0 21727 77 63 68
0 21879 179
0 21987 47 14 154 2 4 82 9 51 314 2 34 81 58 4 3 20 94 23 57
0 22144 46 20 86 2 80 104 132 43 50 93 138 12 107 13 7 29 34 6 43 14 9 5 41 125 164 44 8 33 33 16 90 5 5 11 85 24 38 31 288 13 16 67 64 32 52 84 225
0 22279 98 51 151 27 31 4 45 106 355 75 94 131 61 1 8 47 284 76 12 37 97
0 22563 59 1 63 33 26 79 202 34 51
0 22707 76 27 24 32 47 24 138 26 326
0 22950 144 34 378 29 121 48 10 2 23 50 315 4 162
0 22952 99 96 24 101 102 40 74 39 161 85 11 72 187 141 214
0 22977 241 27 2 33 107 153 55
0 23145 23 48 124 6 258 49 239 180 43
0 23233 477 24 329 41 121 22 68 142 38 100 20 99 45
0 24130 78 37 546 61 140 39 53 94 15 9 96 3 63 41 160 103 119 8 5
0 24145 149 2 184 3 85 49 112 45 55 11 25 54 125 79 64
0 24386 45 3 17 51 118 91 147 20 18 35 178 31 184
0 24679 155 69 1 25 37 26 74 17 97 52 303 46 61 12 61 64 33 59 37 55 25 28 93 43 241 21 161 41 76 50 17 2 200 82 63 34 42 38 22 32 170 225 87 17 26 69 93 28 74 6 48
0 24956 55 1 156 34 44 10 262 10 48 14 150
0 24999 84
0 25156 29 21 134 37 34 1 59 38 140 30 7 152 14 130 252 19 6
0 25309 149 33 338 47 177 103 9 50 246 22 48 221 75 70 71 37 65 21 46 45 213 64 100 59 28 9 301 80 2 9 85 2 29 38 148 30 15 63 152 16 235 12 154 29 3 35 27
0 25410 104 94 11
0 25799 141
0 26417 133 41 16 5 320 39 20 44 71
0 26458 171 44 318 25 34 56 189 58 98 74 23 124 73 52 254 61 59 20 55 27 84 5 242 20 96 16 41 42 43 25 60 84 166 66 74 234 180 38 50 8 19 36 170 159 1 8 135 8 11 53 83 88 40 99 62 147 26 111 106 166 1 15 152
0 26592 129 44 137 41 186 98 57
0 26650 254
0 26745 8 78 4 27 154 1 145 159 25 26 8 116 42 68 275 4 97 23 90 86 57 52 139
0 26904 51 11 86 94 171 97 38 28 158 7 67 27 40 10 15 4 59 65 1 72 3 26 98 1 4 23 23
0 26914 60 8 194 14 27 68 33
0 26918 257 33 222 52 104 92 175 20 54 43 126 46 92 6 354
0 27377 172 91 208 45 150 65 197 54 47 14 226 5 21 15 184 1 32
0 27378 14
0 27796 84 25 741 3 6
0 27920 30 152 85 26 6 25 43 12 430 248 330 40 164 49 212 44 24 125 22 18 115 61 8 52 143 35 10 60 56 21 84 17 11 1 50 26 72 61 454 52 217 43 87 80 278 93 89 12 85 86 157 35 103 37 173 16 205 14 94 24 121 6 141 17 282 41 22 22 8 113 1 15 83 271 16 37 89 4 69 8 132 20 328 31 36 106 39 57 51 178 656 53 87 3 57 45 32 58 40 34 68 30 2 63 325 35 269 14 32 15 114 37 177 154 1 99 655 46 254 18 42 98 59 84 184 2 54 77 164 246 119 118 48 31 10 1 150 50 96 1 234 26 16 62 67 61 305
0 28109 131 22 111 7 4 49 198
0 28140 32 42 181 122 248 88 77 14 53 24 102 153 36 6 238 27 35 38 178 5 51 167 304 77 282 5 62 171 47 75 12 29 49 71 205
0 28398 27 31 11 6 102 41 622 75 184
0 28433 84 96 129 23 85 21 244 7 16 33 41 2 88 3 83 17 28
0 28542 84 8 117 9 47 24 99 48 59 4 176 43 6 24 51
0 28562 121 10 240 50 28 36 51
0 28627 64 34 116 246 87 46 44 33 60
0 28820 175 149 250 45 20
0 29413 25 20 162 55 273 42 71
0 29568 43
0 29675 161 21 15 9 52 15 36 42 49 36 155 98 120 8 570 74 3 7 153 12 150 39 247 251 64 22 71 1 11 55 63 39 57 31 141 32 49 9 29 4 198 29 87 121 70 125 21 8 98 10 4 27 139 32 47 59 119 60 129 33 440 143 10 31 493 71 16 1 80 50 79 123 52 60 19 11 6 69 59 19 124 28 17 7 61 61 53 144 55 5 81 17 405 14 141 49 137 42 5 11 140
0 29724 13 11 263 29 126 16 98 190 212 36 75 1 3 6 25 111 64 2 47 150 22 25 206 33 52 42 200 6 156 2 136 11 42 22 20 8 411 49 81 15 244 108 136 99 15 52 145 54 74 41 104 25 165 18 136 208 258 15 374 12 97 3 83 47 68 42 44 37 67 140 52 15 50 14 18 20 10 130 86 4 15 97 37 4 121 363 130 50 22 8 56 156 78 108 117 49 95 2 264 8 68 27 2 169 243 64 34 33 153 202 31 81 106 11 52 29 193 58 65 34 50 91 12 34 112 163 55 36 2 38 244 165 11 130 89 8 99
0 29923 28 10 117 2 267 29 287 12 173 19 39 25 125 29 53 54 64 99 37 139 64 53 169 3 119 37 89
0 29968 57 42 40 6 53 45 3
0 30385 118 2 60 4 191 90 24
0 30534 13 26 53 2 43 34 140 19 32 25 89 37 6 90 54 23 39 173 22 2 15 65 218 27 48 54 30 46 112 30 99 44 178
0 30542 3 217 89 59 269
0 30591 90 128 190 99 79 23 248 20 45 35 165
0 30866 1 10 42 42 272 188 101 152 64 44 108 10 2 191 23
0 30914 23 96 33 21 207
0 31058 32 4 104 62 26 17 163 126 9 28 117 106 25 1 6 23 130 202 11
0 31249 3 124 56 160 50 14 15
0 31295 65 29 5 33 6
0 31301 383 16 171
0 31308 15 11 263 37 117 70 36 8 4 67 47 32 44 10 37 17 129 161 106 141 73 17 150 105 26 158 70 14 83 4 245 111 86 74 14 7 14 29 29 38 2 64 57 43 51 10 22 25 118 47 88 64 108 43 294 38 71 38 27 9 15 34 128
0 31597 86 5 16 50 57
0 31623 39 32 89 7 91 38 25 32 97 2 229 56 91 83 179 1 47
0 31739 208 20 7
0 32094 59 121 28 44 84 3 27 145 1 67 336
0 32406 2 4 98 32 101
0 32614 137 82 26
0 32620 174 14 222 47 163 12 278
0 32683 42 18 379 58 93 24 20 36 99 6 61 69 19
0 32733 117 1 102 36 10 25 154 24 33 87 170 14 10 139 193 75 193 95 87 33 256 114 53 39 1 18 409 2 614 41 118 188 26 133 211 70 92 15 30
0 33069 136 16 381
0 33155 51 55 30 56 170
0 33413 10 45 12 104 40 3 25 25 4 14 69
0 33682 26
0 33845 179 13 9 117 7 4 25 92 39 2 40 100 1 38 9 34 332
0 33906 120 168 73 14 26 42 34 6 209 153 32 16 16
0 33930 14 26 40 51 28 45 3 74 413 24 81 46 94 125 55 15 36 56 162 60 188 9 206 94 2 12 84 18 100 115 43 59 140 61 96 60 169 65 6 17 4 5 277 66 89 2 10 58 35 50 73 13 75 3 46 85 19 69 4 25 50 35 64 13 59 139 279 11 451 132 70 11 75 12 44 15 39 220 13 11 85 13 193 52 228 7 32 150 55 57 14 85 1 7 46 44 465
0 34208 63 9 2 83 115 116 110 34 2 9 166 16 36 25 54 101 23 30 31 256 8 78 174 36 103 48 161 8 13 10 21 15 117 21 276 75 41 133 206 62 138 6 14 13 28 16 24 24 229
0 34436 156 38 10 15 87 43 40 80 302 146 110
0 34566 75 81 2 88 22 144 372 32 57 69 35 12 218
0 34709 133 81 394 10 100 111 152 3 74 5 125 23 31 32 18 4 10
0 34959 65 37 10
0 35001 385 6 38 56 138 105 17
0 35219 88 77 37 22 263 2 40 40 147 37 105 13 18 80 2 35 4 63 21 19 34 4 123 7 192 5 28 80 2 47 241 2 41 34 166 3 162 6 76 35 508
0 35547 50 43 174 114 176 8 30 55 86 12 5 6 94 1 400 23 4 119 42 6 38 45 149 54 109
0 35868 354 46 125 52 194 65 90 32 42 38 175 7 40 95 100
0 35876 60 59 69 114 60 107 21 15 37 58 79 5 323 58 141 49 73 48 117 42 125 1 15 42 162 10 142 2 46 141 219 23 81 34 138 34 20 6 20 62 100 14 38 65 90 24 122 8 109 31 190 10 212 14 137 16 30 5 56 67 159 69 5
0 36061 71 113 16 40 1 45 460 4 576 122 298 36 58 51 16 64 133 88 30 32 45 31 110 63 111 38 104 17 127 57 12 61 84 68 5 29 223 10 54
0 36401 58
0 36543 207 191 154 30 65 15 16 23 49 40 250 22 363 8 42
0 36701 42 72 145 61 97 51 180 98 134 5 37 20 53 36 94 47 72 36 126 27 20 57 44 79 74
0 36707 216 87 43 8 165 20 179 14 239 35 241 53 291 108 18 240 122 13 40 10 51 33 8
0 36761 187 9 75 17 88 107 302 19 131 103 126 36 52 27 70 8 48 269 172 37 7 14 157 17 173 13 44 4 221 109 505 43 106 36 356
0 36806 3 28 89 96 171 38 310 69 87 6 70 105 354 47 237 89 19 31 18 53 168 8 393 10 67 14 20 28 130 75 146
0 36868 8 11 96 2 374 19 23
0 36910 170 8 266 11 40 26 1 40 112 87 4 30 118 133 46 21 123
0 37038 19 65 139 30 12 55 113 79 27 3 124 5 46 18 273 18 69 1 51 10 46 91 81 15 20 168 14 250 16 69 63 39 2 164 91 13 1 65 468 47 4 37 5 11 16 40 5
0 37078 87 120 1 14 25 100 87 49 301 22 11
0 37184 23 232 68 47 16
0 37242 157 7 20 57 149 75 343 48 182 102 37 16 134 70 65 156 375 34 96 8 106 30 24 24 111 4 111 2 222 4 54 75 88 75 116 16 119 33 166 47 83 19 171 11 14 218 10 41 16
0 37285 1 50 41
0 37305 74 27 41 43 109 37 273 56 10 55 30 16 32
0 37561 53 211 229 108 10
0 37759 24 14 23 54 164 39 313 7 83 43 37 78 134 126 18
0 38019 61 67 71 72 28 13 23 30 117 13 16 6 127 5 18 30 109 101 28
0 38134 59 30 21 11 179 96 157 39 4 91 108 46 159
0 38367 196 80 193 28 107 36 21 44 128 15 151
0 38438 16 87 132 102 8 1 55 41 44 55 4 29 93
0 38582 110 5 29 124 19 111 290 119 69
0 38735 326 17 55 207 152 43 104 41 99 26 130 37 90 24 114 11 37 28 53 82 5
0 39042 164 12 13 23 9 113 3 72 133 72 237 11 168 18 9 6 21 36 10 7 112 18 157 38 1 61 67
0 39322 41 124 10 35 343 18 92 28 223 47 41 58 282 38 124 193 64 42 27 61 96 27 7 43 108 146 16 23 140 42 124 84 1 19 126 104 142 165 51 54 171 21 45 18 128 86 48 9 22 3 127 20 100 175 177 18 272 69 20
0 39639 61 31 93 4 5 33 11 50 36 327 23
0 39731 233 99 104 71 120
0 39930 88 41 101 47 54 150 132 13 249 77 71 4 3 64 180
0 40080 155 82 108 135 58 57 56 1 164 16 230 30 57 30 297 20 89 4 7
0 40101 106 40 37 233 55 100 107 46 28 45 95 105 14 56 119 8 97
0 40323 115 24 209 14 1 59 148 54 39 41 51 62 62 5 13 27 38 92 63 177 139 20 12 24 32 1 30
0 40519 60 68 55 10 101 291 1 8 74 133 142 170 61 32 63 106 254 114 23 49 223
0 40722 119 17 79 19 60 84 6
0 40744 118 113 302 25 303 76 128
0 40802 253 17 134 74 77 30 218 57 44 7 28 42 66 7 36 7 36 5 136 2 22 6 246 28 132 21 128 88 16 20 17
0 40842 48 26 85 20 65 34 110 37 50
0 40932 16 4 88 6 85 23 84 30 13
0 41198 2 44 66 75 126 1 136 19 141 87 204
0 41356 65 2 54
0 41399 95 38 148 15 11 62 49 35 79
0 41474 77 15 117 4 67 21 97 53 7 16 98 115 180 80 52 36 11 72 87 61 164 33 127 47 26 10 32 103 66 150 67 18 124
0 41559 114 22 44 18 15 109 11 75 180 43 11 39 66 64 73 74 73 46 200 15 48 47 232
0 41650 154 9 139 40 300 15 60 89 43 9 77 12 25 10 196 6 135 50 7 14 47 24 101 2 28 6 30 50 409 4 88 22 52
0 42201 67 23 303 11 19 46 58 73 229 41 27 81 152 107 46 42 53 254 7
0 42299 177 43 30 250 24 14 89 78 15 26 28 74 205 179 300 158 8 9 40 75 311 10 451 64 16 115 143 40 5 51 111 59 68 26 6 31 180 75 179 116 304
0 42854 242 30 14 2 32 69 274 306 193 7 99 10 12 13 19 80 39
0 42907 64 105 17 47 166 97 150 333 189 103 88
0 43287 8 50 39 170 67 1 130
0 43478 120 64 97 14 87 29 155 128 59 43 207 69 92 20 61 47 35 54 64 22 47 20 32 9 35
0 43516 396 22 138 34 214 93 27 33 74
0 43628 97 75 75 60 200 92 132 24 31 64 18 48 189 6 47 27 13 6 99 62 288 6 28 52 173 27 7 103 66 81 11 18 2 31 73 15 33 7 14 5 131 3 14 86 132 115 121 96 15 27 52 17 7 27 35 116 4 86 30 100 145 91 101 23 167 114 123 4 68 91 169 18 120
0 43755 67 187 122 7 6 33 3 34 58 54 8 62 74 3 16 3 149 5 13 27 15 39 153 166 36 26 82 19 104
0 43778 69 41 39 2 252 9 422 21 86 176 67 57 232 142 57 22 42 45 20 105 241 157 24 17 9
0 43922 86 125 16 46 72 58 49 26 104 177 210 47 67 12 12 100 13 28 23 40 402 9 5 26 45 1 110 23 265 27 19 126 63 14 323 28 80 8 129 1 56 7 91 3 491
0 44137 130 95 16
0 44154 311 58 20 54 47 119 34 24 212
0 44363 384 134 323 32 70 66 170 104 121 39 135 66 137 33 42 2 340 22 94 9 232 70 91 11 68 3 50 2 2 17 81
0 44418 221 144 73 85 12 36 19 26 183 51 40 1 151 61 323 1 170 71 299 75 138 50 62
0 44750 33 34 28 167 10 70 61 88 58 1 100 20 10 57 87 38 10
0 44837 28 6 91 55 18 83 220 100 205 25 340 9 2 9 21 14 57 19 35 35 47 54 117 21 152 132 14 30 5 14 118 53 34 9 21 11 24 28 36 6 59 28 146 17 124 25 28 72 380 50 227 63 18 42 16
0 44879 88 7 65 14 111 61 18 11 86 69 95 9 12 25 274 19 81 104 100
0 44919 49 51 18 1 108 41 217
0 44943 104 36 139 47 23 66 31 51 84 13 356 77 46 18 235 7 43 13 53 20 6 71 59 10 90 31 59 37 199 59 57 11 532 29 63 38 25 49 34 43 473 89 180 21 8
0 44989 60
0 45084 31 33 23
0 45459 69 19 30 35 254 19 127 47 30 13 19 37 182 31 47 73 14 69 40 79 24 50 246 13 114 3 118 7 101
0 45559 118 17 129 161 26 58 13 176 21 119 15
0 45590 100 62 271 3 149 16 95 7 76 43 54 89 18 17 9 234 185 109 123 9 64 41 68
0 45614 2 26 50 37 10 29 14 53 49
0 45794 72 17 34 35 62
0 45858 157 12 108 62 69 152 1 82 80 18 16 134 59 43 60 13 16 104 101 37 96
0 45981 85 39 106 13 234 237 29 42 398 24 32 22 16 56 341 5 2 51 125 33 67 115 139 2 87 47 269 25 134 155 210 12 1 3 399 193 92 22 64 16 28 46 39 11 44 2 95 9 376 69 17 35 104 34 249 15 34 196 212 6 25
0 46023 141 2 274 5 122
0 46120 79 4 15 46 87 31 162 98 17 12 66 140 71 55 101 53 211 29 370 39 56 5 13 3 153 91 24 289 299 5 77 11 71 23 73 21 50 107 175
0 46217 78 37 73 22 136 5 185 26 340 31 215 21 155 47 12 103 38 78 24 98 130 18 27 1 49 1 65 26 184 16 206 28 51 43 127 27 194 1 18
0 46410 28 40 30 53 17 16 60 40 92 5 61 98 1 38 95 19 34 43 382 106 40 1 41 111 13 65 45 81 230 14 4 80 62 60 124 14 438
0 46451 261 12 31 7 26 58 120 13 101 27 61
0 46539 123 178 261 7 54 96 118 44 30 22 65 30 223 14 56 51 208 28 21 50 40 23 85 18 65 75 310 60 125 120 27 98 365 40 38 46 76 3 6 13 25 85 99 19 42 4 213
0 46553 29 10 102 31 9 66 111 234 31 4 78 50 87 41 88 10 69 23 193 50 90 56 168 37 94 49 189 12 101 4 52 55 64 150 3 81 78 87 139 104 42 18 547 193 15 19 117 66 96 16 48 34 11 6 176 53 30 7 11 21 109 45 12 127 253 22 65 26 222 65 121 45 52 15 1 28 109
0 46693 73 2 46 67 33 64 23 53 39 165 60 42 13 17 214 70 18
0 46890 4 44 17 44 90 36 162 21 25 9 46 68 11 17 141 12 314 47 96 23 50
0 47459 3 34 171
0 47720 3 64 12 58 15 38 40
0 47993 21 97 95 83 225 29 12 39 27 40 243 12 147 62 2 139 70 14 263 15 18 29 69
0 48021 95 176 231 18 127 33 208 160 10 10 83 6 27 109 41 147 285
0 48195 36 47 40 16 198 15 188 7 22 84 27 3 180 1 136 48 181 43 10 5 126 72 87 13 54
0 48206 135 30 89 67 128 68 209 11 308 5 24 11 25 21 29 130 73 40 98 177 76 38 213 78 440
0 48347 112 4 51 1 37 79 93 81 27 13 111 34 62 3 23 24 64 57 153 130 78 3 99 33 18 104 134 38 227 50 28 92 84 63 69 35 11 44 143 26 132 19 403 40 63 3 29 69 319 9 4 97 281 51 16 61 35 7 146 44 219 19 59 27 238 16 28 81 22 62 87 69 121 11 55 16 115 16 84 98 83 33 148 54 249 11 52 13 4
0 49007 315 71 63 105 73 25 85 66 31 14 7 11 10 23 41
0 49041 141 19 16 236 312 60 277 46 67
0 49220 140
0 49461 31 12 93 101 20
0 49573 197 21 102 70 153 41 14 70 177
0 49751 129 176 44 36 430 11 9 101 57 33 35 127 39 22 85 55 72 3 115 6 104 41 116 156 27 36 8 80 7 4 105
0 49851 23 102 70 18 19 136 15 5 91 62 143 111 40 151 139 52 442 141 28 10 46
0 50036 97 101 66 26 24 50 46 25 81 32 184 54 25 27 33 19 56 33 20 25 32 14 96 48 93 1 85 163 16 46 161 15 313 12 297 92 104
0 50160 10 1 30 22 52 115 21 1 96 17 71
0 50545 30 63 48 157 3 167 34 1 259 72 24
0 50596 90 33 32 32 3 8 5 76 249 4 33 64 59
0 50858 275 207 85 66 164 39 36 7 60 62 25 48 35 26 37
0 51141 5 34 201 63 65 40 67 3 117 15 83 116 39 11 186 140 3 44 167 136 217 44 68 28 121
0 51401 104 9 18 85 65 3 133 109 278 2 34 40 5 1 166
0 51477 168 24 63 5 101
0 51590 298 108 138 1 206 257 351 147 77 7 14 80 33 13 50 1 6
0 51787 66 2 8 103 129 3 143 24 56
0 51803 85 38 218 22 2 5 108 24 56 20 57 29 81 14 82 26 59 135 51 107 13 8 63 50 49 3 304 2 187 56 76 44 112
0 51839 174 156 125 34 164 68 44 65 6 75 36 189 177 18 10 3 91 93 118 43 2 5 114 7 403 21 252 68 2 6 201 76 185 28 131 1 10 38 125 286 255 18 284 179 99 56 181 30 138 224 91 267 68 54 167 20 22 10 55 79 20 85 301
0 51930 114
0 51954 177 132 219 39 27 18 27 29 86 59 115 7 11 6 174
0 52173 22 27 37 25 79 1 38 4 26 31 49 216 163 69 123 40 106 126 10 3 32 5 95 5 34 117 204 19 23 22 195 86 206 46 9 54 163
0 52371 84 10 49 5 9 22 94 17 19 19 53
0 52390 12 7 36 27 161 21 4 43 12 92 333 133 213 16 108 148 13 49 6 13 25 137 390 150 30 2 33 56 385 75 243 175 23 100 28 11 196 33 10 34 251 55 295 253 95 225 188
0 52435 5 131 54 5 22 94 229 191 47 22 1 181 142 23 29 190 14 82 19 36 139 29 31 82 11
0 52447 10 6 62 118 129 9 254 65 67 5 147 6 251
0 52994 35 146 19 33 34
0 53168 230 8 84 6 76 3 5 84 28 12 110 9 109 11 7 165 9 37 2
0 53484 96 4 54 17 27 10 233 39 250 108 22 9 31 16 190 9 97
0 53605 93 27 281 31 101 25 66 40 126
0 53706 3 17 109 104 105 11 158 8 21 5 97 49 41 19 65 6 114 3 32 10 20 11 10 158 2 29 19 54 168 29 64 25 6 16 15 33 155
0 53727 37 5 65 78 275 14 278 18 399 2 116 143 217 91 211 32 101 53 19 4 195 37 63 26 96 19 144 24 5 98 195
0 53763 34 53 43 4 14 18 156 44 90 22 100 29 62 7 60 30 47 22 94 16 92 10 39 37 151 2 21 29 14 90 2
0 53767 11 44 33 16 79 76 311 13 72 2 163 34 42 58 46 2 74 92 89 54 188 43 12 9 96 7 12 30 182
0 53982 56 11 23 9 8 8 48 30 245 22 57 33 169 60 179 2 14 12 641 99 158 80 27
0 54105 78 1 36 88 6 122 168 196 93 63 1 41 79 61 141 9 90
0 54153 7 4 16 12 5 302 66 43 94 45 62 165 71 74 112 25 42 22 69 17 32 10 308 43 494 4 214 23 75 48 61 19 1 15 27 31 43 138 4
0 54259 94
0 54322 7 116 767 45 18
0 54351 99 1 181
0 54359 165 8 32 8 59 65 20 21 39 35 19 4 62 11 31 82 26 100 134 96 37 7 24 80 320 25 49 1 35 142 7 15 137 46 341 10 35 75 101 14 81 13 137 13 72 115 32 87 100 2 52 21 483 24 43 84 64 9 19 3 8 66 16 6 34 35 74 149 126
0 54405 158 22 286 2 70 34 45 56 27 68 127 22 2 40 222 5 117 23 7 22 231 162 14 20 44 19 273 155 124 11 246 62 140 126 86 12 67 47 45 71 184 1 6 31 74 12 157 64 54 19 19 141 86 11 126 64 76 1 29 193 5 97 2 34 8
0 54724 82 67 273 101 468 61 217 31 16 8 67 6 60 82 49 6 198 33 218 2 81 9 1 29 68 82 76 186 208
0 54876 22 94 345 18 205 61 297 43 112 32 38 110 265
0 55040 94 27 178 15 90 5 67 14 192 86 40 11 10 55 4 10 163 29 166 34 47 41 4 103 10 4 76 22 161 126 217 10 174 10 83 74 407 5 23 164 92 179 24 7 2 10 58
0 55137 35 199 203 6 113 9 33 38 25 2 62 64 298 30 85 81 188 10 79 119 65 14 104 73 208 3 258 11 18 35 79 41 139 69 230 18 20 67 8 47 97 9 611 61 10 6 2 42 45 107 23 49 21 3 407 33 43 23 12 220 52 32 185 45 161 50 142 38 14 50 12 31 170 64 297 2 155 24 152 2 69 128 39 18 20
0 55243 216 62 10 41 88 51 90 2 5 27 199
0 55289 154 97 30 56 105 37 113 8 42 41 100 74 69
0 55393 152 9 179 17 170 61 73 102 75 50 67 25 123 81 20 35 27 4 153 77 81 82 227 127 228 42 139
0 55433 219 20 109 46 95 55 223 61 108 39 466 40 72 78 120
0 55724 203 99 8 8 93 114 116 47 113 3 278 76 14
0 56613 99 5 96 13 11 130 106 65 258
0 56627 99 20 7 59 26
0 56638 15 11 34 3 97 62 10 14 83 27 448 28 43 26 58 44 192 37 129 71 7 14 73 14 110 21 218 149 195 14 138 20 422 120 11 20 202 21 28 101 169 141 40 74 42 26 52 75 98 47 225
0 56753 52 3 54 141 47 91 77 32 57 67 50 86 179 97 38 79 119 45 56 2 140 73 102 24 101 100 64 14 141 24 284 23 17 122 60 31 48 182 3 101 32 28 36 67 68 6 11 24 155 214 19 41 21 5 19 57 176 33 421 47 123 35 88 131 36 56 101 204 5 88 98 185 98 10 96 60 24 47 86
0 56815 102 102 43 22 2 57 178
0 56953 6 7 18 67 151 9 336 70 83
0 57027 66 57 10 3 30 3 367 15 62 33 204 79 54 10 120 4 140 27 12
0 57374 3 47 74
0 57753 33 15 43 6 8 21 108 6 234 15 308
0 58016 18 34 85 59 101
0 58062 35 4 101 42 21 27 22 17 129 121 140
0 58258 18 46 116 39 78 2 316 77 168 7 100 29 61 95 10 128 225 45 102 24 58 4 90 1 197 42 255 33 57
0 58342 53 61 1
0 58390 61 85 58 19 15 129 25 5 60 199 64 18 301 9 37 21 40 74 115 159 43 63 116 3 108
0 58732 17 23 11 20 241 51 84 141 3 62 141 48 95
0 58904 35 9 83 38 12 24 197 10 80 16 28
0 58924 185 25 39 30 52 70 43 34 138 20 35 35 69 40 77 7 7 128 76
0 59179 16 286 42 40 41 10 60 56 53 9 3 80 113 37 75
0 59283 44 4 52 14 135 26 87
0 59308 120 57 81 37 194 8 42 41 97 271 113 3 60 16 80 55 12 159 5 50 209 38 54 15 59 57 117 1 14 145 53 12 34 370 116 129 101 26 140 114 640 31 14 51 305 66 167 94 277 16 3 30 169 29 265 25 22
0 59592 43 31 194 145 2 23 49 58 64 46 39 2 133 21 1 12 199 32 116 50 94 5 105
0 59778 190 7 127 12 9 10 42 14 219 12 62 75 130 52 28 61 23 33 12 20 215 2 181 23 103 22 185 99 91 17 126 10 69 65 103 32 43 15 6 62 29 74 76 7 83 190 6 49 6
0 60017 34 11 70 106 64 34 63 1 100 49 23 36 172 23 79 107 107 7 18 12 298 52 156 23 181 66 22 54 88 46 131 38 92 12 67 72 54 146 56 2 54
0 60029 183 26 70 38 47 48 26 30 114 5 81
0 60034 154 21 10 43 54 7 107 26 325 45 195 29 138 54 124 2 160 18 33 40 21 154 1
0 60134 14 19 80 19 30 7 257 12 75 11 120 91 234
0 60228 33 28 37 44 10 159 69 21 34 33 22 70 459 49 97 78 227 11 29 148 13 32 33 34 19 37 108 128 8 65 13 17 66 1 92 2 3 9 90 306 57 24 161 5 54 21 81 35 45 9 249 6 471 14 50
0 60284 265 31 2 66 79
0 60445 87 161 7 33 42 4 89 14 22 54 57 13 48 10 2 49 275 136 30 52 17 5 69 73 159 20 174 69 388 33 21 69 261 54 41 28 65 78 28 25 75 31 221 50 209 5 263 66 19
0 60721 24 54 53 35 106 44 2 137 34 115 349 26 33 79 154
0 60781 22 55 18 142 28 76 125 42 448
0 61143 192 15 19 40 29 65 12 28 139 103 9 93 159 8 37 8 15 8 24 49 12 41 100
0 61551 14 9 141 22 16 15 67 54 56 9 49 3 37 37 286 23 204 69 107 23 150 17 1
0 61718 13 60 163
0 61900 2 37 35
0 62716 193 52 44 41 178 58 27 50 14 132 76 11 64 68 184 204 8
0 62743 95 160 15 23 261 36 48 67 120 91 148 57 91 14 50
0 62761 147 54 130
0 62949 133 174 131 8 199
0 63092 59 208 237 3 116 96 8 31 87 32 62 10 9 25 23 12 1 146 8 11 63 82 156
0 63249 183 17 228 17 34 2 60 1 65
0 63323 7 37 78 35 9 7 138 76 218 103 89 36 25 73 88 6 114 88 204 14 51
0 63401 34 52 65 38 117 13 141 15 79 30 29 19 141 33 205 8 169 116 20 222 10 274 128 72 243 22 40 31 91 25 233 118 75 1 36 7 31 45 26 43 48 77 208 41 31
0 63497 88 1 104 7 49 27 39 96 34 6 32 68 7 44 84 20 52
0 63650 30 154 77 3 39 23 3 123 65
0 63709 90 52 73 8 93 15 5 11 369 25 17 49 332 35 65 53 27 22 21 86 9 147 40 12 82
0 64014 70 6 21 15 148
0 64570 8 158 87 131 21 131 196 2 166 1 208 30 27 26 9 40 14 115 6 84 11 36 6 21 80 37 173 13 334 33 69 10 102 20 35 54 238 62 60 26 58 121 147 36 45 53 84 49 174 12 135 7 19
0 64682 27 200 93 81 26 9 8 97 67 48 98 14 146 24 36 44 225 43 167 26 101 25 199
0 64788 414 2 23 11 38 42 50 16 11 27 35
0 64855 366 23 48 29 52 69 23 14 53 29 96 125 325 27 256 42 127 29 127 5 116 9 202 12 102 9 79
0 64920 98 188 17 49 93 40 190 18 49 53 33 18 160 58 56 47 73 4 42 1 115 120 32
0 65277 34 75 15 16 164 113 48 188 6 19 312 7 6 28 20 38 237 28 79 44 129 54 64 103 5 7 163 56 116 32 152 46 166 57 72 18 75 41 15 28 5 7 23 19 170 19 73 11 65 82 14
0 65435 39 29 154 174 32 63 373 60 175 50 108 17 19 6 26 18 7
0 65474 109 3 174 51 36 18 12
0 65558 34 69 51 54 16
0 65693 43 20 97 4 306 21 50 43 75 7 8 10 66 157 1 22 4
0 65946 9 32 5 127 42 34 10 21 187 34 299 11 182 27 63 35 48 27 126
0 66179 3 21 98
0 66195 105 2 29 61 44
0 66468 312 52 31 19 56
0 66894 40 192 323 45 111 106 41 38 84 76 90 67 1 178 9 24 70 158 44 38 268 195 58 47 26 43 42
0 66934 101 10 126 50 141
0 67048 73 75 266 37 19 49 194 5 93 29 262
0 67245 4 17 89
0 67334 8 52 235 162 89 9 231
0 67398 31
0 67454 51 16 455 57 241 32 42 52 42 14 50 106 137 52 113 8 17 67 40 72 64 70 39 41 37 145 13 1 112 11 15 13 225 86 5 5 6 31 404 19 118 126 84 114 7 5 12 74 170 84 80 61 246 128 50 79 55 69 34 5 15 140 17
0 67480 45 25 17 1 168 1 107 38 56 140 19 43 21 124 33 19 3 27 64 9 47 30 80 45 106 15 25
0 67711 257 23 32 212 18 36 31 27 350 20 180
0 67793 126 186 11 36 27 184 43 111 26 1 83 27 193 17 28 27 178
0 67829 28 7 386
0 68080 71 29 43 80 299 47 217 66 44 260 34 28 8 237 5 169 201 13 58 17 178 302 75
0 68360 298 30 10
0 68600 60 18 101 61 155 138 122 67 50 24 64 60 112 11 1 2 85 27 12 46 262 75 230
0 68612 376 4 7 14 14 67 38 141 64 8 84 6 101 7 21 6 221 147 5 8 73 6 29 48 170 67 43 58 37 13 17 29 34 81 92
0 68693 11 77 2 67 1 94 29 36 19 21 30 16 59 58 16 47 142 31 64 113 22 63 10 9 55 80 156 42 112 368 2 32 54 170 158 209 8 125 43 24 89 60 59 64 195 1 128 90 26 50 97 1 42 85 69 126 70 10 178 9 144 60 8 33 80 12 173 68 64 11 90 18 64 66 28 54 5 33 96 46 97 43 85 131 70 80 133 13 8 91 292 86 324 2 28 92 11 72 88 42 37 102 48 124 6 3 303 107 169 7 136 30 321 110 299 132 154 9 186 50 154 18 94 38 83 30 294 106 16 26 20 67 83 119 105 2 176 78 101 4 19 26 192 36 96 12 181 2 92 24 9 95 5 229 3 47 15 112 32 108 27 11 40 8 33 17 77 24 191 16 47
0 68908 21 35 5 125 92 23 73 31 159 9 21 167 86 3 6
0 69024 72 22 120 57 78 32 312 32 25 67 39 98 177 6 105 8 20 25 6
0 69147 161 2 124 73 25 38 60 21 17
0 69309 529 31 14 6 96 41 28 10 6 13 52 10 507 32 31 12 169 3 24 91 55 24 53
0 69357 137 6 71 67 39 17 179 8 235 8 5 23 14 93 44 154 218 19 52 14 84 52 61 26 13 144 169 17 15
0 69449 146 231 6 10 279 12 110 23 141 84 51 16 73 53 117 25 418 33 91 2 82 21 247 6 290
0 69725 173 25 266 75 25 17 3 84 114 27 4 20 359 48 6 106 156 2 78 22 105 16 82 80 104 9 116 2 185 58 86 25 237 64 39 21 39 18 67
0 69850 71 12 52 59 29 63 47 10 62 37 130 11 9 82 22 11 21 65 140 23 64 95 14 44 13 48 21 21 70 33 129 31 251 9 37 4 2 109 29 11 144 19 286 71 29 44 240 15 141 13 193 9 69 78 1 3 97 11 166 64 135
0 70040 12 17 57 44 89 28 101 33 82 11 86 38 1 68 132 15 147 16 46 52 98 12 131 5 94 1 1 8 124 20 51 89 100
0 70049 335 21 106
0 70375 13 39 506 88 2 42 117
0 70789 216 56 112 18 68 6 40
0 70974 44 49 54 35 1 30 5 166 15 83 322 27 216
0 70993 96 72 117 1 209 72 69 19 46 16 127 28 13 39 187 36 186 173 65 10 20 8 253
0 71217 118
0 71452 288 2 16 76 302 12 46 23 45 62 33 12 5 21 2 84 54 19 23 73 89
0 71499 24 156 31 14 2 46 139
0 71557 51
0 71801 19 72 120 57 173 94 82 79 48 9 203 69 165 13 205 5 107 70 185 60 55 24 28 234 35 30 130 56 186 21 1
0 71849 19 88 64 1 20 56 167 117 35 45 144 52 3 89 23
0 72000 49 51 83 23 2 43 123 35 461 88 55 43 169 5 36 54 167 13 17 22 9 32 37 16 25 42 360 33 2 26 205
0 72129 58 46 6
0 72281 42 30 131 88 1 13 43 1 38 82 16 1 9 96 1 22 363
0 72714 82 59 452
0 72722 1 121 59 31 33 67 11 74 79 10 5 208 275 252 146 30 2 14 75 60 61 20 138 79 156 17 13 34 321 65 14 62 6 23 220 96 5 6 68 32 24 55 36
0 72839 162 39 84 97 185 1 32 16 55 57 70 3 40 15 25 38 149 45 419 24 7 32 105 8 151
0 72900 38 10 125 71 13 37 239 168 48 15 51 43 86 113 94 21 82 39 31 58 34 42 44 59 180 5 56 1 259 2 6 36 99 43 26 3 9 3 109 35 148 39 313 14 68 2 41 26 11 3 208 8 5 44 19 12 248 15 1 77 84 73 150 27 171 4 87 21 56
0 72922 30 64 21 17 156 28 24 32 48 2 13 28 97 48 33 2 18 16 147 131 38 94 186 5 98
0 72932 112 22 43 46 65 93 68 20 59 7 85 91 68 6 19 43 148 59 9 15 12 16 43
0 72976 62
0 73075 89 9 85 19 18 14 24
0 73096 221 15 17 32 19 51 53 4 45 203 119 44 57 26 124 85 69 29 138 22 240 41 7
0 73413 50 23 36 4 132 47 95 83 110 61 262
0 73696 265 55 1 143 22 67 103 7 15 16 62 80 30 14 124 1 11 36 22 26 17 3 140 23 16 36 164 64 153
0 73956 22 35 30 14 22 35 12 22 77 12 176 2 18 8 9 4 92 36 381 1 87 157 55 7 3 63 129 9 170 11 6 104 211 13 75 14 58 15 70 40 237 2 8 16 55
0 74537 55
0 74551 188 141 16 38 10 17 364 11 526 61 10 10 22 43 13 16 9 123 11 9 225 7 6 37 183 34 94 61 3 53 276 16 387 72 38 34 23 15 3 141 102 49 1 10 165 61 7 21 9 4 114 145 243 10 15 6 112 65 8 35 89 64 178 8 32 6 36 1 75 80 330 12 83 30 21 73 1 20 12 11 3 51 60 56 77 25 128 57 54 20 397 83 172 27 103 49 9 23 103 57 143 36 24 42 73 20 66 104 115 13 39 44 169 20 39 15 10 103 9
0 74566 188 181 307 34 53 255 6 154 674 54 115 9 26 75 181 45 70 21 29 167 75 13 43 6 53 200 30 31 9
0 74964 6 12 18 18 314 38 77 107 76 107 32 11 45 43 51 4 559 8 40 11 171 54 132 76 174 82 39 106 84
0 75015 79
0 75021 40 39 76 21 82 55 143 3 433
0 75126 196
0 75427 4
0 75435 65 232 70 32 34 3 52
0 75486 11 105 51
0 75560 47 24 46 151 230 96 43 21 103 11 89 41 20 25 442 24 18 8 101 9 174
0 75595 2 52 93 6 64
0 75625 11 63 68 2 30 11 182 89 131 24 12 56 248 137 145
0 75643 83 51 111
0 75713 262 42 433 32 42 18 22 3 84 59 18
0 75724 167 41 69 49 216 13 49
0 75790 23 21 86 51 228 69 6 56 32 52 88 6 72 13 142 61 128 52 176 72 3
0 75921 31 99 112 7 1 89 60 119 47 25 202 11 249 21 128 10 2 84 275 11 66 68 402 132 38 24 25
0 75925 170 2 261 22 86 49 47 53 60 53 324 18 7
0 76219 225 15 17 34 66 41 35 13 352
0 76296 28 28 303 93 262 15 157 29 37 13 146 6 110 93 36 81 64 59 104
0 76719 72 9 11 64 7 46 26 91 22 3 51 15 33 5 360 92 187 67 70 25 16 15 181 82 80 64 41 9 185 76 208 29 212 18 144 41 91 19 56 99 12 38 137 74 67
0 77017 34 65 113 42 108 64 284 60 109
0 77038 76 34 170 169 247 98 119
0 77136 125 41 34 51 253 16 76 97 20 51 48 20 33 18 157 19 11 20 56 19 367 1 36 180 106 63 67 15 48 130 4 330 16 10 84 84 206 17 66 104 2 12 98 61 61 84 98 53 5 97 170 95 49 9 185 12 135 11 81 24 16 65 166 186 94 66 13
0 77231 82 98 401 75 133 147 7 7 219 34 244 21 103 94 2 66 15
0 77399 23 13 124 89 230 50 6 65 47 9 74 79 33 21 87 180 3 9 129 64 56 20 21 10 121 58 23 24 93 82 58 172 75 8 66 22 176 171 38 13 33 114 322 46 194 99 96 4 117 34 12 122 211 8 238 99 50 6 11 100 14 28 224 12 26
0 77451 19 58 77 32 47 168 267 28 62 9 247 98 312 54 140 43 161 3 222 28 129 5 195 10 93 1 128 17 147 1 86 45 118 7 77 43 70 28 18 10 101 12 79 14 20 45 6
0 77626 94 14 82 104 438 56 70 117 180 19 94 12 32 10 35 15 42 69 195 7 121 155 62
0 77633 6 8 97 253 2 3 68 32 113 82 24 17 34 1 85 47 30 224 61 64 94 26 30 107 318 5 258 188 3 36 6 91 27 135 47
0 77717 164 32 42 59 39 2 115 104 1 30 77 150 182 17 51 1 235
0 77956 100 6 5 77 62 61 254 22 200 145 157 61 15 118 21 30 364
0 78386 54 78 7
0 78404 28 25 315 92 25
