0 0 43 86 4 47 73 30 54 114 38 108 4 92 24 34 24 2 22 120 229 57 27 64 42 10 29 19 160
0 147 68 48 64 39 23 41 83 82 19 14 107 64 106 27 30 5 11 9 116 81 6 97 2 270 198 15 131 138 64 8 245 1 631 45 21 25 573 75 12 56 499 42 117 12 37 2 12 206 40 81 45 21 451 16 8 73 152 196 112 13 56 53 21 16 47 4 122 225 24 37 77 3 89 44 127 85 50 38 336 21 143 68 32 15 5 12 151 260 161 115 37 21 427 65 52 110 97 32 339 138 92 150 39 33 255
0 149 86 3 409 86 120
0 567 16 64 58 98 66 42 56 42 104 22 100 6 46 2 153
0 1260 14 85 41 23 10 91 212 36 84 1 318 9 2
0 1355 22 7 11 97 143 27 77 77 18 171 13 41 87 23 306 17 62 88 164
0 1451 187 90 88 13 43 73 212
0 1486 99 35 33 64 112 188 83 24 148 112 155 37 36 80 21
0 1587 98 38 3 31 10 3 1 8 58 90 91 3 94 53 243
0 1714 46 48 140 2 76 20 30
0 1747 26 12 153 7 10 36 21 116 506 34 11 8 195 219 81 47 373 36 35 2 87 80 5
0 2154 64 214 91 34 68 40 32 66 47 7 79 11 104
0 2177 11 47 115 39 130 11 42 35 34 69 59 10 133 25 235 21 38 12 60 94 8 40 170 109 191 32 180 30 65 2 57 14 231 112 12 24 19 148 19 40 191 28 34 18 76 70 125 9 86 52 28 49 12 34 167 114 86 3 30 50 138 33 7 27 62 30 132 78 66 97 42 34 17 77 46 42 76 90 206 34 110 2 40 90 89 3 2 26 44 65 37 86 12 6 35 14 266 17 58 109 55 15 28 55 129 22 43 98 153 75 14 12 216 60 379 48 152 40 87 15 86 28 307 5 95 134 95 103 46 34 65 1 20 71 155 7 33 104 16 101 9 15 38 9 39 86 20 7 201 6 45 77 48 1 223 40 20 137 287 62 162 47 63 10 100 3 12 215 11 40 29 20 73 7 41 32 78 31 29 53 152 268 29 97 96 6 79 11 156
0 2220 14 45 31 56 155 84 440 35 17 59 60 19 81 18 27 28 173 43 172
0 2938 40 28 129 5 16 11 30 6 203 99 54 48 354 7 80 56 101 82 85 6 105 17 442 17 141 50 108 18 7 74 157 2 78 22 105 21 43 134 152 123 401 117 46 2 211 160 71 14 215 71 123 2 165 19 6 51 108 84 109 13 145 48 10 43 31 69 43 38 188 66 356 22 138 6 61 13 5
0 3356 339 30 203 70 36 49 82
0 3448 146 29 104 25 24 6 345 32 4 191 244 43 88 46 148 13 557 74 6 86 35 4 71 9 158 1 261 171 161 17 17 89 91 7 100 38 117 71 10 153 22 35 140 58 4 14 53 45 23 24 61 18 18 31 111 106 122 13 4 71 25
0 3559 199 34 90 158 298 27 34 54 27 13 141 27 189 67 39 106 14 9 29 186 37 56 9 30 23 15 18 108 13 2 200 101 130 111 4 2 76 203 61 74 46 21 53 52 93 3 18 53 170 91 88 22 26 30 50 32 111 3 7
0 3724 7 1 80 148 243 64 33 102 13 3 16 19 49 64 110 2 22 32 99 98 112 58 38 1 1 6 28 1 121 54 56 72 60 115 180 135 11 95 68 72 82 11 354 20 279 14 162 194 59 33 48 87 201 29 75 11 45 4 114 10 81 39 19 27 75 40 123 73 71 59 26 98 35 79 8 38 98 65 25 55 128 16 93 4 13 4 105 17 185 36 206 28 115 59 52 28 401 13 475 14 320 129 89 53 477 26 40 79 141 23 3 19 38 20 175 23 76 7 136 18 17 17 15 149 12 19 25 64 24 47 111 7 97 16 28 48 133 10 35 77 21 6 83 14 232 26 48 116 150 64 207 42 129 52 32 38 34 95 93 3 375 19 66 68 149 21 101 59 265 9 17 22 52 32 465 3 163 47 98 21 72
0 3725 158 15 8 6 65 89 36 43 161 18 70 72 132 105 140 37 333 39 158 85 13 119 41 4 24 36 125 26 31 4 228 6 54 41 59 15 264 37 145 52 19 43 301 39 8 93 77 55 93 35 135 23 40 80 25 12 141 29 139 70 215 20 17 35 16 52 55 9 31 35 31 34 74 200 19 104 50 46 111 111 6 32 180 59 265 50 106 88 35 136 184 111 215 136 68 41 145 2 11 25 192 72 147 107 4 7 232 29 67 98 2 18 65 66 51 25 316 39 207 105 32 41 33 28 96 63 19 34 28 20 220 7 3 119 73 111 82 106 178 23 12 11 51 71 61 26 132 129 11 43 141 52 68 43 204 77 71 19 111 36 2 2 119 152 36 6 82 19 151 45 75 21 3 19 323 56 259 126 255 2 84 20 363 90 192 66 71 245 126 6 128 12 84 57 33 127 187 20 80 20 82 28 109 143 33 44 173 164 47 59 174 25 20 74 59 100 44 16 1136 46 6 29 74 10 27 4 241 77 25 88 175 32 90 201 64 15 127 109 225 20 31 5 45 31 121 24 435 29 43 9 20 108 14 153 28 84 36
0 3775 79 19 210 59 167 17 30 30 101 87 90 2 131 72 92 1 125 34 63 16 40 4 104 12 45 73 42 69 85 17 89 50 27 50 138 160 47 96 126 18 234 60 230 22 16 52 42 49 1 17 168 170 64 20 3 8 62 58 22 45 26 37 45 8 259 61 277 75 167 72 119 12 96 24 45 117 80 36 120 26 24 22 72 12 30 49 96 97 73 24 25 16 74 203 74 48 4 93 108 54 48 18 6 10 113 22 112 36 23 13 38
0 3801 160 4 23 4 33 2 1 164 34 49 114
0 3864 10 20 184 7 83
0 3878 65 3 216 10 50 69 189 5 86 16 364 72 22 77 32 9 3 60 58 86 28 86 238 31 33 44 21 15 80 65 93 8 20 35 72 33 75 157 208 65 34 40 122 29 52 20 224 48 128 52 141 25 7 19 19 47 7 6 16 91 100 105 78 48 68 6 2 45 46 67 50 6 17 65 29 69 122 46 27
0 3949 65 8 30 37 220 4 53 24 119 88 14 1 221 7 58 26 22 45 118 50 40 133 443 33 255 63 37 7 198 75 97 25 103 32 58 34 3 6 88 23 198 29 13 33 69 17 72 48 69 22 4 136 193 100 44 85 1 131 265 2 9 15 189 4 358 43 267 21 81
0 4221 278 29 218 3 24 18 193 11 126 23 34 2 171 46 149 11 208 2 28 3 407 37 165
0 4291 55 125 46 46 91 41 21 25 104 13 62 11 262 28 258 40 11 35 72 3 83 3 63 63 343 39 47 102 98 33 34 135 9 23 636 115 129 14 94 10 54 13 56 1 103 22 30 92 108 54 62 8 28 79 50 11 96
0 4492 21 5 165 21 35 31 33 131 10 24 37 121 448 189 42 7 136 159 12 142 8 32 107 65 16 56 201 115 111 89 13 21 122 15 164
0 4572 316 100 80 59 73 63 191 4 111 89 90 17 112 80 55 50 98 52 19 61 136 19 53 132 321 35 7 15 113 7 2 29 116 68 33 37 90 34 71 82 3 8 140 66 10 164 69 10 27 10 1 18 131 165 165 24 80 95 24 112 4 31 363 58 56 76 74 48 106 164 223 35 11 40 124 8 71 52 30 14 8 61 47
0 4585 31 64 71 18 145 19 21 10 31 120 260 132 21 105 54 80 30 95 63 1 10 16 73 132 115 17 21 33 32 12 40 32 58 175 81 13 135 24 193 38 107 5 194 26 178 48 16 95 1 8 46 93 115 62 683 4 30 3 31 33 65 17 16 4 171 24 62 12 289 13 93 52 90 115 208 17 183 24 67 15 52 101 133
0 4688 164 24 90 63 101 1 22 57 98 3 17 32 115 4 78 15 18 13 14 18 11 5 31 27 20 34 30 23 3 87 126 54 16 77 78 44 111 117 57 30 2 116 168 4 220 42 4 33 243
0 4861 316 30 77 38 264 42 134 21 9 29 108 24 9 45 115 7 240 33 24 52 35 115 45 3 337 57 16 6 302 64 690 36 94 32 140 18 30 8 140 93 122 96 46 45 117 8 9 56 157 40 14 293 90 30 320 4 103 11 480 19 29 77 81 110 44 38 63 41 42 14 106 148 50 19 133 6 127 101 4 108 21 11 20 82 174 120 50 80 27 1 62 151 25 126 125 2 145 7 100 5 6 113 8 80 69 71 3 84 59 17 37 17 311 37 173 8 2 11 3 59 57 30 68 7 31 29 259 14 86 35 113 67 32 6 39 133 9
0 4870 34 2 154 27 378 10 80 21 134 31 117 63 158 49 424 22 183 95 35 42 16 45 45 1 244 10 26 80 306 56 89 36 96 56 73 84 96 58 133 141 14 54 56 82 1 11 7 38 78 17 78 78 64 106 3 79 45 109 136 50 61 12 89 33 67 3 39 24 102 108 88 12 3 39 42 31 105 11 7 154 135 65 247 48 144 11 121 112 18 15 23 49 21 18 172 22 71 112 8 6 140 79 96 56 301 114 222 8 29 11 77 29 3 33 158 18 82 52 2 12 3 202 59 25 59 68 268 74 146 135 21 9 107 22 79 58 17 9 250 31 84 23 135 22 24 34 38 111 127 49 199 6 139 119 8 72 162 12 62 4 117 2 47
0 4874 307 62 90 62 28 62 20 135 237 22 87 89 12 78 17 3 1 31 28 3 101 9 68 172 34 14 147 5 81 62 198 71 34 72 9 134 211 23 65 69 89 34 129 82 18 24 89 8 78 50 70 35 41 11 12 215 111 151 49 32 7 112 101 28 44 47 169 1 371 22 75 18 110 134 74 27 18 137 173 35 80 26 36 102 190 23 12 53 117 6 77 57 20 74 98 2 148 43 41 118 48 24 30 81 357 52 79 33 195 15 23 102 188 73 8 43 2 139 46 10 3 4 29 53 129 7 229 314 43 101 18 29 163 34 53 58 35 35 17 87 1 23 101 105 260 80 3 33 28 2 154 5 129 34 73 37 15 61 133 22 199 14 20 68 7 24 152 9 327 18 114 201 48 16 119 98 47 123 15 101 44 42 26 30 50
0 4894 303 5 64 21 31 7 242 18 198 38 361 85 310 72 1 104 15 3 171 165 375 39 63 29 147 56 65 52 26 67 67 61 117 30 20 88 132 17 163 16 106 78 41 22 60 238 29 46 38 125 189 52 88 35 74 34 53 21 20 37 483 16 72 4 52 19 12 29 93 22 257 118 250 57 111 56 223 104 6 69 183 29 92 24 168 11 300 8 2 115 34 36 170 18 43 73 147 36 14 1 151
0 4905 45 80 59
0 5140 350 8 199 33 6 58 47 26 60 96 128 40 155 10 87 24 62 11 31 125 146 11 305 65 119 89 146 92 50 12 52 207 95 116 145 50 29 48 56 84 4 64 62 27 24 15 26 6 147 97 37 15 34 67 111 3 8 10 59 29 113 56 67 44 2 75 690
0 5424 84 8 29 11 263 16 73 38 315 13 46 24 62 22 59 129 236 38 340 110 19 108 33 48 11 97 502
0 5465 123 23 234 4 47 59 38 60 141 28 76 18 16 9 90 28 77 58 10 13 330 33 91 17 213 112 83 34 148 1 42 14 250 37 139 85 24 42 37 72 52 39 77 23 9 58 86 61 192 34 36 51 212 18 100 28 23 100 224 4 64 21 286 4 164 116 440 169 143 7 154 3 7 21 118 29 218 44 151 12 4 75 147 25 19 90 13 15 145 58 220 162 2 24 76 32 21 8 109 54 49 172 51 45 164 98 63 14 91 16 88 45 107 9 29 12 68 26 200 70 6 116 216 11 46 13 10 1 28 34 130 76 8 1 56 63 356 35 51 50 21 52 28 14 76 40 7 53 39 64 92 155 179 34 106 90 140 3 57 57 84 169 132 206 8
0 5625 66 33 355 8 38 37 430 2 64 19 280 34 153 11 98 30 9 4 64 2 79 14 79 125 150 23 168 79 347 92 33 32 41
0 5762 127 2 86 6 112 5 50 35 32 4 28 2 101 80 8 88 178 12 80 69 81 1 312
0 5978 457 10 105 13 4 51 154 275 167 113 154
0 5985 407 105 67
0 5988 20 38 146 3 92 153 271 14 8 16 188 42 15 63 101 45 303 83 195 17 163 35 97 19 50 1 67 39 146 48 436 31 9 83 63
0 6038 156 13 240 45 63 10 32 62 95 92 4 78 88 272 104 75 53 8 233 91 113 198 39 66 196 4 22 16 471 14 347 29 192 32 263 45 154 6 30 33 34 9 125 23 53 15 224 134 158 113 28 63 150
0 6098 32 63 135 5 140 8 80 70 90 57 101 10 39 12 14 22 24 47 38 19 5 2 277 122 14 10 79 82 124 20 99 24 14 83 90 243 30 91 99 76 47 135 28 10 7 16 64 61 152 163 235 24 32 62 11 20 91 13 70 69 32 40 100 35 208 151 30 76 115 31 21 44 195 91 81 29 54 57 126 99 50 140 66 132 91 2 234 78 262 99 136 89 71 5 97 39 125 34 3 51 179 46 72 24 27 77 4 2 163 5 102 157 3 17 161 29 7 2 39 47 46 29 229 53 46 20 86 2 80 104 132 43 50 93 138 12 107 13 7 29 34 6 43 14 9 5 41 125 164 44 8 33 33 16 90 5 5 11 85 24 38 31 288 13 16 67 64 32 52 84 225 53 90 49 102 76 54 16 7 23 211 178 150 47 261 31 2 4 94 142 151 6 73 49 36 95 59 1 63 33 26 79 202 34 51 23 96 38 54 12 63 24 47 69 52 163 65 81 144 34 378 29 121 48 10 2 23 50 315 4 162 36 1 50 192
0 6401 102 40 74 39 161 85 11 72 187 141 214 14 17
0 6482 2 33 107 153 55 19 112 12 96 62 12 129 97 120 360 22 59 30 477 24 329 41 121 22 68 142 38 100 20 99 45 48 598 39 73 273 122 70 78 27 187 8 18 48 6 32 81 80 205 60 16 3 74 5 149 2 184 3 85 49 112 45 55 11 25 54 125 79 64 33 161 23 5 9 102 59 182 74 40 9 69 89 62 92 248 98 155 69 1 25 37 26 74 17 97 52 303 46 61 12 61 64 33 59 37 55 25 28 93 43 241 21 161 41 76 50 17 2 200 82 63
0 6545 75 11 64 85 450 44 33 13 137 47 55 37 11 24 52 93 55 1 156 34 44 10 262 10 48 14 150 1 29 42 77 53 29 21 134
0 6596 2 30 76 70 60 4 303 7 259 126 37 3 226 51 149 33 338 47 177 103 9 50 246 22 48 221 75 70 71 37 65 21 46 45 213 64 100
0 6638 17 151 159 1 17 43 3 15 76 74 59 8 125 76 31 118 23 77 57 2 69 14 13 34 104 94 11 2 259 71 38 206 133 41 16 5 320 39 20 44 71 156 28 86 88 159 50 17 112 95 115 49 148 12 248 37 103 127 122
0 6697 55 27 84 5 242 20 96 16 41 42 43 25 60 84 166 66 74 234 180 38 50 8 19 36 170 159 1 8 135 8 11
0 6821 176 20 198 31 293 13 222 53 332 1 30 76 32 45 129 44 137 41 186 98 57 3 39 127 109 32 8 78 4 27 154 1 145 159 25 26 8 116 42 68 275 4 97 23 90 86 57 52 139 64 106 26 21
0 7102 171 97 38 28 158 7 67 27 40 10 15 4 59 65 1 72 3 26 98 1 4 23 23 17 7 30 15 97 27 14 135 17 74 2 257 33 222 52 104 92 175 20 54
0 7291 91 46 11 177 78 153 172 91 208 45 150 65 197 54 47 14 226 5 21 15 184 1 32 3 1 7 19 140 84 25 741 3 6 367 83 15 304 43 52 3 50 22 23
0 8035 330 40 164 49 212 44 24 125 22 18 115 61 8 52 143 35 10 60 56 21 84 17 11 1 50 26 72 61 454 52 217 43 87 80 278 93 89 12 85 86 157 35 103 37 173 16 205 14 94 24 121 6 141 17 282 41 22 22 8 113 1 15 83 271 16 37 89 4 69 8 132 20 328 31 36 106 39 57 51 178 656 53 87 3 57 45 32 58 40 34 68 30 2 63 325 35 269 14 32 15 114 37 177 154 1 99 655 46 254 18 42 98 59 84 184 2 54 77 164 246 119 118 48 31 10 1 150 50 96 1 234 26 16 62 67 61 305 15 126 66 43 56 14 2 97 99 171 11 32 42 181 122 248 88 77 14 53 24 102 153 36 6 238 27 35 38 178 5 51 167 304 77 282 5 62 171 47 75 12 29 49 71 205 22 172 14 62 6 12 51 81 311 150 92 81 12 84 96 129 23 85 21 244 7 16 33 41 2 88 3 83 17 28 33 73
0 8059 117 9 47 24 99 48 59 4 176 43 6 24 51 18 13 61 19 120 100 14 72 26 43 22 64 34 116 246 87 46 44 33 60 10 129 88 298 125 89 10 35 198 25
0 8302 110 137 84 36 3 52 43 250 72 81 41 8 17 26 30 18 83 25 72 78 195
0 8326 570 74 3 7 153 12 150 39 247 251 64 22 71 1 11 55 63 39 57 31 141 32 49 9 29 4 198 29 87 121 70 125 21 8 98 10 4 27 139 32 47 59 119 60 129 33 440 143 10 31 493 71 16 1 80 50 79 123 52 60 19
0 8334 137 30 37 62 55 9 13 31 121 27 287
0 8348 81 17 405 14 141 49 137 42 5 11 140 341 33 7 22 132 57 63 31 49 379 106 72 38 1 2 11 13 221
0 8354 47 150 22 25 206 33 52 42 200 6 156 2 136 11 42 22 20 8 411 49 81 15 244 108 136 99 15 52 145 54 74 41 104
0 8602 35 68 416 129 30 187 23 49 5 42 94 34 84 22 74 34 280 26 30 25 27 9 40 5 259
0 8613 15 97 37 4 121 363 130 50 22 8 56 156 78 108 117 49 95 2 264 8 68 27 2 169 243 64 34 33 153 202 31 81 106 11 52 29 193 58 65 34 50 91 12
0 8780 325 28 72 1 75 122 330 6 259 45 15 50 133 67 28 10 117 2 267 29 287 12 173 19 39 25 125 29 53 54 64 99 37 139 64
0 9033 5 60 73 45 33 15 57 42 40 6 53 45 3 13 278 59 4 30 7 96 179 12 165 50 13 26 53 2 43 34 140 19 32 25 89 37 6 90 54 23 39 173 22 2 15 65 218 27 48 54 30 46 112
0 9181 87 89 16 3 3 217 89 59 269 28 33 45 255 95 198 40 45 124 39 23 70 83 71 92 1 10 42 42 272 188 101
0 9277 87 54 19 1 381 12 16 16 23 96 33 21 207 44 96 16 8 52 123 13 33 82 252 5 56 59 211 13 2 3 45 65 404 6 33 64 3 124 56 160 50 14 15 11 31 33 58 3 66 3 15 2 383 16 171 157 5 8 21 132 73 59 139 18 15 2 133 24 63 22 19 19 33 65 321 53 282 37 34 75 209 13 315 35 27 42 7 123 222 43 147 7 13 7 57 15 76 1 128 29 86 26 19 11 50 59 93 44 127 54 85 147 75 36 76 14 18 8 68 64 17 97 86 5 16 50 57 42 18 20 64 45 14 46 75 13 63 49 4 115 112 46 166 90 1 24 9 39 208 20 7 25 237
0 9639 28 44 84 3 27 145 1 67 336 10 208 1 8 49 64 51 10 70 137 82 26 15 4 87 28 111 94 82 23 139 59
0 9701 36 190 116 47 48 10 71 50 12 31 138 10 188 17 117 1 102 36 10 25 154
0 9750 174 85 27 5 277 97 150 97 190 44 66 128 228 27 77 1 35 205 3 307 81 59 376 13 265
0 9958 92 15 30 6 224 68 32 191 17 29 51 55 30 56 170 25 172 5 89 6 208 20 5 13 49 2 27 35 2 90 26 42 109 90 25 5 234 4 8 13 183 20 3 20 200 1 76 5 68 166 63 21 120 168 73 14 26 42 34 6 209 153 32 16 16 242 16 7 52 20 101 14 89 2 147 207 48 41 91 47 250 28 29 18 112 81 120 94 18 103 188 1 23 42 35 50 230 22 118 70 121 48 119 85 129 3 33
0 9971 277 66 89
0 9986 115 18 100
0 10025 75 3 46 85 19 69 4 25 50 35 64 13 59 139 279 11 451 132 70 11 75 12 44 15 39 220 13 11 85 13 193 52 228 7 32 150 55
0 10045 170 1 14 23 88 233 240 93 63 9 2 83 115 116 110 34 2 9 166 16 36 25 54 101 23 30 31 256 8 78 174 36 103 48 161 8 13 10 21 15 117 21 276 75 41 133 206 62 138 6 14 13 28 16 24 24 229
0 10273 156 38 10 15 87 43 40 80 302 146 110 29 87 38 162 1 176 11 287 186 64 29 138 18 24 109 80
0 10472 162 197 19 50 222 76 6 37 9 63 46 16 64 9 7 5 8 84 65 37 10 18 28 193 12 19 112 69 209 9 202 73 88 77 37 22 263 2 40 40 147 37 105 13 18 80 2 35 4
0 10503 38 17 7 62 13 96 9 14 159 1 94 121 4 21 67 83 5 81 12 38 69 254 120 110 50 43 174 114 176 8 30 55 86 12 5 6 94 1 400 23 4 119 42 6 38 45 149 54 109 38 214 177 91 63 104 97 129 45 64 21 75 88 14
0 10787 100 156 5 30 117 35 227 30 214 11 29 19 115 40 10 162 116 71 97 37 95
0 10911 125 1 15 42 162 10 142 2 46 141 219 23 81 34 138 34 20 6 20 62 100 14 38 65 90 24 122 8 109 31 190 10 212 14 137 16 30 5 56 67 159 69 5 95 124 36 225 8 80 1 89 230 8 288 243 149 72 29 102
0 11101 133 88 30 32 45 31 110 63 111
0 11256 34 64 113 6 121 42 136 3 58 112 20 27 5 114 58 38 95 104 381 77 59 33 29 8 46 25 79 125 44 182 15 21 122 53 42 72 145 61 97
0 11525 196 67 10 19 40 27 71 47 93 36 71 63 53 10 114 22 158 37 108 2 216 87 43 8 165 20 179 14 239 35 241 53 291 108 18 240 122 13 40 10 51 33 8 85 36 94 18 38 33 44 214
0 11580 131 103 126 36 52 27 70 8 48 269 172 37 7 14 157 17 173 13 44 4 221 109 505 43 106 36 356 77 30 2 56 45 192 86 76 155 138 44 12 35 209 177 94 119 177 10 62 9 106 84 16 197 19 34 27 10 56 65 149 73 32 21 8 11 96 2 374 19 23 40 28 85 15 133 22 20 51 1 80 56 173 2 60 59 265 23 41 62 226 43 19 65 139 30 12 55 113 79 27 3 124 5 46 18 273 18 69 1 51 10 46 91 81 15 20 168 14 250 16 69 63 39 2 164 91 13 1 65 468 47 4 37 5 11 16 40 5 27 27 44 239 1 27 13 200 44 98 151 43 6 21
0 11614 463 34 94 8 244 20 157 7 20 57 149 75 343 48 182 102 37 16 134 70 65 156 375 34 96 8 106 30 24 24 111 4 111 2 222 4 54
0 11746 150 58 31 60 66 83 94 42 38 86 21 7 435 5 81 8 10 15 1 50 41 30 13 37 54 21 85 55 74 137 111 5 109 15 32 16 24 86 53 211 229 108 10 35 132 12 28 12 108 82 77 157 14 42 85 19 156 67 252 9 87 87 61 67 71 72 28 13 23 30 117 13 16 6 127
0 11772 60 55 202 14 57
0 11860 59 11 22 90 191 79 77 2 182 54 91 80 48 78 196 80 193 28 107 36 21 44 128 15 151 29 47 8 173 66 204 4 2 28 82 22 110 2 58
0 11927 96 55 9 15 247 10 221 145 237 35 102 51 326 17 55 207 152 43 104 41 99 26 130 37 90 24 114 11 37 28 53 82 5 65 205 82 24 7 45 5 225 2 144 67 143 119 21
0 11980 9 6 21 36 10 7 112 18 157 38 1 61 67 147 187 21 247 5 70 172 36 46 56 112 93 21 115 141 76 62 386 32 84 14 121 48 53 4 86 54 292 8 45 70 83 62 168 1 38 63 207 71 329 26 108 86 42 23 35 64 172 24 18 11 5 64 39 50 350 89 36 136 137 10 46 106 61 31 93 4 5 33 11 50 36
0 12015 19 31 233 99 104 71 120 36 133 44 81 51 93 27 299 66 26 125 153 36 8 2 128 90 90 50 155 82 108 135 58 57 56 1 164 16 230 30 57 30 297 20 89 4 7 39 14 53 79 19 465 28 199 54 91 14 90 48 210 7 111 60 15 49 127 74 115 24 209 14 1 59 148 54 39 41 51 62 62 5 13 27 38 92 63 177 139 20 12 24 32 1 30 50 131 30 135 28 19 51 581 1 16 37 265 71 340 31 64 32 212 127 228 12 97 112 31 68 119 17 79 19 60 84 6 15 15 59 226 151 50 152 151 64 147 20 253 17 134 74 77 30 218 57 44 7 28 42 66 7 36 7 36 5 136 2 22 6 246 28 132 21 128 88 16 20 17 22 27 24 52 43 40 33 68 55 73 25 42 30 16 4 88 6 85 23 84 30 13 27 177 1 87 33 149 63 1 68 37 71 174 102 12 53 65 2 54 19 29 48 76 74 30 6 124 25 69 40 162 25 77 15 117 4 67 21 97 53 7 16 98 115 180 80 52 36 11 72 87 61 164 33 127 47 26 10 32 103 66 150 67 18 124 54 57 57 43 22 36 8 218 6 149 90 86 6 78 33 128 37 148 37 92 100 30 24 93 116 165 31 154 9 139 40 300 15 60 89 43 9 77 12 25 10 196 6 135 50 7 14 47 24 101 2 28 6 30 50 409 4 88 22 52 45 368 34 46 152 21 10 91 29 145 115 81 14 162
0 12334 46 42 53 254 7 101 66 89 86 15 500 12 28 45 156 8 52 14 148 103 357 150 315 4 18 20 149 156 20 226 127 8 230 72 80 3 102 56 118 34 52 3 62 90 150 90 232 152 84 185 242 30 14 2 32 69 274 306 193 7 99 10 12 13 19 80 39 25 35 32 210 9 93 83 194 75 666
0 12643 88 13 253 4 99 20 340 34 2 65 119 64 120 64 97 14 87 29 155 128 59 43 207 69 92 20 61 47 35 54 64 22 47 20 32 9 35 19 26 198 44 69 67 107 186 14 66 37 362 38 97 75 75 60 200 92 132 24 31 64 18 48 189 6 47 27 13 6 99 62 288 6 28 52 173 27 7 103 66 81 11 18 2 31 73 15 33 7 14 5 131 3 14 86 132
0 12824 191 8 53 26 34 4 53 18 231 2 171 15 199 73 182 51 46 84 228 62 7 34 181 85 36 60 145 43 67 187 122 7 6 33 3 34 58 54 8 62 74 3 16 3 149 5 13 27 15 39 153 166 36 26 82 19 104 61 16 35 81 20 4 126 17 211 41 43 352 34 113 116 283 29 44 21 90 10 209 121 314 12 33 5 219 48 86 125 16 46 72 58 49 26 104 177 210 47 67 12 12 100 13 28 23 40 402 9 5 26 45 1 110 23 265
0 12852 251 32 27 162 56 40 16 65 2 28 13 46 5 246 6 72 130 95 16 22 12 156 116 10 107 24 237
0 12923 212 75 139 192 267 162 63 35 131 85 207 61 77 68 131 69 65
0 12927 340 22 94 9 232 70 91 11 68 3 50 2 2 17 81 55 37 111 287 37 170
0 13035 19 26 183 51 40 1 151
0 13520 2 85 142 150 149 69 100 31 79 111 33 34 28 167 10 70 61 88 58 1 100 20 10 57 87 38 10 134 58 14 12 46 110 9 166 110 199 103 50 170 18 1 18 11 28 29 38 18 70 24 108 59 42 76 264 7 59 3 28 59 106
0 13546 21 11 24 28 36 6 59 28 146 17 124 25 28 72 380 50 227
0 13572 83 8 90 14 88 7 65 14 111 61 18 11 86 69 95 9 12 25 274 19 81 104 100 13 27 25 101 9 2 54 82 109 219 8 104 36 139 47 23 66 31 51 84 13 356 77 46 18 235 7 43 13 53 20 6 71 59 10 90 31 59 37 199
0 13658 21 266 57 32 76 13 98 17 86 237 177 90 41 4 1 16 60 4 63 16 65 12 145 125 69 19 30 35 254 19 127 47 30 13 19 37 182 31 47 73 14 69 40 79 24 50 246 13 114 3 118 7 101 28 67 59 33 65 322
0 13830 13 176 21 119 15 55 21 50 123 136 6 75 31
0 13850 76 43 54 89 18 17 9 234 185 109 123 9 64 41 68 20 16 1 51 25 74 5 58 7 105 25 21 60 72 17 34 35 62 50 43 79 24 54 123 35 303 1 163 40 35 8 267 30 85
0 13889 16 104 101 37 96 150 82 43 78 53 26 117 474 15 83 199 48 16 43 8 112 171 9 1 102 63 65 34 229 70 3
0 14029 269 25 134 155 210 12 1 3 399 193 92 22 64 16 28 46 39 11 44 2 95 9 376 69 17 35 104 34 249 15 34 196 212 6 25 11 28 71 4 137 9 61 187 33 79
0 14051 91 44 62 81 195
0 14086 66 140 71 55 101 53 211 29 370
0 14169 10 7 5 77 181 12 577 150 9 39 21 36 46 37 41 25 213 88 193 33 78 37 73 22 136 5 185 26 340 31 215 21 155 47 12 103 38 78 24
0 14364 35 14 2 25 2 33 51 92 31 103 55 26 86 64 54 97 1 9 180 65 28 40 30 53 17 16 60 40 92 5 61 98 1 38 95 19 34 43 382 106 40 1 41 111 13 65 45 81 230 14 4 80 62 60 124 14 438 28 28 131 24 16 13 13 115 60 26 51 54 31 229 30 123 178 261 7 54 96 118 44 30 22 65 30 223 14 56 51 208 28 21 50 40 23 85 18 65 75 310
0 14551 240 14 195 183 79 19 91 38 5 3 25 13 169 50 37 21 8 107 377 5 29 10 102 31 9 66 111 234 31 4 78 50 87 41 88 10 69 23 193 50 90 56 168 37 94 49 189 12 101 4 52 55 64 150 3 81 78 87 139 104 42
0 15371 385 8 38 59 132 48 32 24 67 6 11 88 105 15 13 6 41 55 89
0 15751 253 22 65 26 222 65 121
0 15828 30 1 55 55 77 47 73 2 46 67 33 64 23 53 39 165 60 42 13 17 214 70 18 52 131 2 87 9 88 45 72 81 41 13 17 23 136 6 33 71 24 157 94 48 46
0 15849 380 2 67 86 26 87 3 64 12 58 15 38 40 55 182 11 193 48 165 113 58 6 77 14 79
0 15885 147 62 2 139 70 14 263 15 18 29 69 43 19 48 352 116 35 64 65 104 320 5 19 42 11 14 218 21 293 143 119 58 36 47 40 16 198 15 188 7 22 84 27 3 180 1 136 48 181 43 10 5 126 72 87 13 54 61 7 68 59 45 133 64 135 105 21 154 10 12 21 13 42 15 260 37 79 49 354 38 75 107 156 220 436 47 112 4 51 1 37 79 93 81 27 13 111 34 62 3 23 24 64 57 153 130 78 3 99 33 18 104 134 38 227 50 28 92 84 63 69 35 11
0 16099 51 66 38 202 80 32 6 15 137 160 17 2 194 141 101 8 121 18 13 73 88 110 38 30 53 119 31 14 161 11 123 44 137 61 22 28 32 58 31 42 196 42 66 74 108
0 16131 52 13 4 35 440 158 141 32 209 37 50 43 132 16 28 4 22 5 45 21 43 12 141 19 16 236 312 60 277 46 67 3 119 70 19 81 31 12 93 101 20 22 75 99 42 51 139 77 81 7 140 89 150 60 129 176 44 36 430 11 9 101 57 33 35 127 39 22 85 55 72 3 115 6 104 41 116 156 27 36 8 80 7 4 105 50 67 12 203 35 36 10 272 8 10 46 124 72 222 20 302 70 104 221 282 14 20 23 182 62 97 101 66 26 24 50 46 25 81 32 184 54 25 27 33
0 16214 66 10 49 16 27 48 96 47 1 43 325 8 92 81 30 157 23 149 183
0 16292 83 5 2 15 43 26 230 11 2 48 33 36 52 129 30 63 48 157 3 167 34 1 259 72 24 32 34 45 65 16 64 2 16 3 151 125 8 17 128 30 72 88 275 207 85 66 164 39 36 7 60 62 25
0 16345 51 19 116 95 5 34 201 63 65 40 67 3 117 15 83 116 39 11 186 140 3 44 167 136 217 44 68 28 121 33 174 52 17 9 170 33 5 67 218 139 3 17 80 3 1 83 18 26 168
0 16440 10 51 82 38 298 108 138 1 206 257 351 147 77 7 14 80 33 13 50 1 6 21 132 33 3
0 16749 129 3 143 24 56
0 16765 85 38 218 22 2 5 108 24 56 20 57 29 81 14 82 26 59 135 51 107 13 8 63 50 49 3 304 2 187 56 76 44 112 153 24 87 311 63 68 82 136 22 129 3 150 18 377 89 36 5 6 46 185 59 85 1 9 57 13 202 42 126 136 1 11 101 152 93 56 66 2 5 76 63 572 128 36 142 358
0 16933 181 30 138 224 91 267 68 54 167 20 22 10 55 79 20 85 301 1 61 57 70 8 177 132 219 39 27 18 27 29 86 59 115 7 11 6 174 91 146 11 53 19 49 40 1 19 8 13 61 25 431
0 17139 123 40 106 126 10 3 32 5 95 5 34 117 204 19 23 22 195 86 206 46 9 54 163 23 132 42 19 25 9 5 44 47 33 10 38 27 228 7 12 7 36 27 161 21 4 43 12 92 333 133 213 16 108 148 13 49 6 13 25 137 390 150 30 2 33 56 385 75 243 175 23 100 28 11 196 33 10 34 251 55 295 253 95
0 17420 124 15 5 131 54 5 22 94 229 191 47 22 1 181 142 23 29 190 14 82 19 36 139 29 31 82 11 31 8 5 12 31 235 65 17 127 130 34 10 74 11 126 22 183 35 146 19 33 34 45 116 115 16 42 12 38 5 3 167 14 23 55 17 55 21 4 330 5 73 1 83 106 96 4 54 17 27 10 233 39 250 108 22 9 31 16 190 9 97 19 81 47 54 141 61 51 49 33 80 63 176 34 3 17 109 104 105 11 158 8 21 5 97 49 41 19 65 6 114 3 32 10 20 11 10 158 2 29 19 54 168 29 64 25 6 16 15 33 155 76 14 19 10 33 156 138 27 139 36 200 3 58 286 109 181 106 63 51 105 10 7 98 74 32 51 48 38 72 47 3 196 98 146 12 34 53 43 4 14 18 156 44 90 22 100 29 62 7 60 30 47 22 94 16 92 10 39 37 151 2 21 29 14 90 2 70 3 6 87 17 31 40 151 156 26 36 4 82 67 21 115 23 3 37 183
0 17581 188 43 12 9 96 7 12 30 182 56 143 28 21 12 18 4 16 24 59 123 43 29 66 85 120 90 4 7 24 321 197 79 160 14 81 41 78 1 36 88 6 122 168 196 93
0 17582 82 40 122 71 18 45 190 16 7 4 16 12 5 302 66 43 94 45 62 165 71 74 112 25 42 22 69 17 32 10 308 43 494 4 214 23 75 48 61 19 1 15 27 31 43 138 4 1 71 47 16 21 7 116 767 45 18 7 20 50 2 91 344
0 17829 15 16 15
0 18023 20 21 39 35 19 4 62 11 31 82 26 100 134 96 37 7 24 80 320 25 49 1 35 142 7 15 137 46 341 10 35
0 18174 27 41 25 69 26 36 230 16 173 50 3 26 41 242 48 22 167 32 18 10 5 4 132 8 12 17 69 37 298 63 325 16 158 22 286 2 70 34 45 56 27 68 127 22 2 40 222 5 117 23 7 22 231 162 14 20 44 19 273 155 124 11 246 62 140 126 86 12 67 47 45 71 184 1 6
0 18284 23 79 127 27 38 10 282 43 21 63 128 38 1 15 385 3 194 1 68 4 143 107 82 67 273 101 468 61 217 31 16
0 18385 11 30 164 25 11 99 66 109 4
0 18412 1 29 68 82 76 186 208 32 102 11 188 173 36 103 121 149 86 56 64 19 219 133 227 55 94 27 178 15 90 5 67 14 192 86 40 11 10 55 4 10 163
0 18661 67 24 82 2 205 5 8 38 43 81 251 109 20 87 20 42 148 204 10 12 327 46 357 12 14 1 20 29 424
0 18713 398 102 11 57 17 17 75 13 3 31 128 149 60 43 161 94 19 40 238 33 27 52 146 104 5 129 22 9 69 40 81 70 137
0 18766 20 67 8 47 97 9 611 61 10 6 2 42 45 107 23 49 21 3 407 33 43 23 12 220 52 32 185 45 161 50 142 38 14 50 12 31 170 64 297 2 155 24 152 2 69 128 39 18 20 25 71 108 124 5 82 44 102 45 3 3 54 100 61 16 154 97 30 56 105 37 113 8 42 41 100 74 69 64 69 76 17 90 33 85 121 37 203 38 100 34 49 62 162 10 69 14 8 77 154 41 163 114 253 114 84 70 68 14 219 20 109 46 95 55 223
0 18928 78 233 79 36 155 60 61 97 203 99 8 8 93 114 116 47 113 3 278 76 14 21 593 50 10 48 25 6 260 53 130 129 18 5 99 20 7 59 26 127 7 8 22 17 5 49 123 5 27 42 54 224 56 22 52 29 87 96 74 65 141
0 18968 73 14 110 21 218
0 19260 27 69 39 211 239 6 39 101 42 14 201 85 282 20 147 21 51 26 149 49 93 113 388 39 52 3 54 141 47 91 77 32 57 67 50 86 179 97 38 79 119 45 56 2 140 73 102 24 101 100 64 14 141 24 284 23 17 122 60 31 48 182 3 101 32 28 36 67 68 6 11 24 155 214 19 41 21 5 19 57 176 33 421 47 123 35 88 131 36 56 101 204 5 88 98 185 98 10 96 60 24 47 86 16 41 51 204 22 43 1 114 89 43 46 6 7 18 67 151 9 336 70 83 45 50 33 114 5 6 15 5 184 29 31 66 102 157 27 20 60 7 70 53 6 6 116 3 47 74
0 19639 33 15 43 6 8 21 108 6 234 15 308 11 176 9 67 43 117 51 47 16 35 4 101 42 21 27 22 17 129
0 19849 137 66 18 46 116 39 78 2 316 77 168 7 100 29 61 95 10 128 225 45 102 24 58 4 90 1 197 42 255 33 57 6 56 27 121 1 121 16 61 85 58 19 15 129 25 5 60 199 64 18 301 9 37 21 40 74 115 159 43 63 116 3 108 33 228 9 46 6 40 121 101 42 282 2 123 71 96 48 52 58 35 9 83 38 12 24 197 10 80 16 28 43 13 93 50 20 59 26 140 22 67 69 39 18 69 35 79 39 13 4 255 38 70 85 16 286 42 40 41 10 60
0 19929 17 2 160 57 73 38 28 35 44 4 52 14 135 26 87 141 17 60 113 41 73 97 16 21 81 49 542 57 5 30 32 40 109 6 317 3 99 105 75 27 30 30 114 59 1 7 289 27 24 17 739 58 258 51 51 70 227
0 20022 14 51 305 66 167 94 277 16 3 30 169 29 265 25 22 57 189 22 62 97 289 1 46 25 115 32 92 20 3 67 41 1 23 100 64 58 100 47 10 53 236 62 190 7 127 12 9 10 42 14 219 12 62 75 130 52 28 61 23 33 12 20 215 2 181 23 103 22 185 99 91 17 126 10 69 65 103 32 43 15 6 62 29 74 76 7 83 190 6 49 6 101 160 17 22 35 212 32 67 32 1 50 97 12 71 86 46 40 213 54 14 9 24 149 103 78 46 91 132 11 107 44 92 66 75 46 23 34 144 27 292 28 4 27 47 4 183 26 70 38 47 48 26 30 114 5 81 58 4 77 42 5 85 27 13 54 51 163 90 98 58 69 108 62 3 80 35 17 80 11 308 1 61 34 14 19 80 19 30 7 257 12 75 11 120 91 234 135 63 17 56 19 87 5 318 35 42 17 66 11 139 230 98 49 155 114 21 15 295 7 64 17 67 10 73 54 255 4 130 7 33 33 1 46 4 2 18 45 611 29 47 81 9 27 42 41 70 23 18 125 11 236 28 25 22 19 265 31 2 66 79 119 107 44 321 4 66 21 8 45 28 11 107 29 25 24 20 1 98 138 272 15 103 9 10 35 146 80 40 87 138 194 65 11 137 131 108 21 55 33 155 14 49 38 62 111 99 105 9 132 131 10 67 92 24 54 53 35 106 44 2 137 34 115 349 26 33 79 154 22 40
0 20185 18 142 28 76 125 42 448 53 241 96 29
0 20305 29 65 12 28 139 103 9 93 159 8 37
0 20327 15 12 97 6 81 50 115 136 14
0 20538 44 8 30 34 107 28 18 25 6
0 20649 286 23 204 69 107 23 150 17 1 6 111 7 119 82 13 61 2 37 35
0 21465 193 52 44 41 178 58 27 50 14 132 76 11 64 68 184 204 8 36 18 48 319 8 45 131 71 24 133 60 181 74 114 46 28 25 8 6 147 54 130 12 125 67 347
0 21487 199 56 96 30 416 119 6 58 191 4 62 44 63 31 20 5 50 12 23 1 292 4 21 32 163 78 37 53 183 17 228 17 34 2 60 1 65 49 49 4 73 39 69 5 14 69 152 109 206 45 72 13 146 44 12 57 175 102 28 26 223 26 34 52 65 38 117
0 21698 30 40 60 15 37 71 65 103 15 85 232 10 443
0 22519 128 72 243 22 40
0 22655 49 117 235 38 1 18 14 16 89 13 85 24 154 104 82 16 77 32 88 1 104 7 49 27 39 96 34 6 32 68 7
0 22780 39 26 43 51 30 154 77 3 39 23 3 123 65 60 39 45 103 37 15 47 30 3 22 185 50 9 98 166 69 33 106 14 44 11 172 5 294 20 23 41 16 102 70 6 21
0 23002 262 186 8 158 87 131 21 131 196 2 166 1 208 30 27
0 23016 80 7 229 3 167 6 72 3 41 40 74 87 26 167 65 35 20 51 40 18 108 119 124 30 52 29 241
0 23124 45 53 84 49 174 12 135 7 19 57 75 14 399 47 161 13 18 4 194 34 96 49 27 73 47 18 87 113 86 84 52 51 50 100 52 36 414 2 23 11 38 42 50 16 11 27 35 63 45 183 45 24 58 26 138 12 27 27 57 48 249 163 54 128 84 64 57 64 10 58 18 101 24 51 17
0 23283 43 49 376 9 97 47 79 95 36 25 105 17 36 80 115 28 94 37 8 21 2 58 239 16 250 119 34 75 15 16 164 113 48 188 6 19 312 7 6 28 20
0 23639 55 40 88 65 107 32 206 3 14 82 111 58 63 76 91 83 113 36 36 38 82 8 56 3 13 12 37 85 37 37 21 33 164 7 84 53 39 29 154
0 23687 126 187 119 88 99 54 34 10 11 13 36 4 31 13 109 3 174 51 36 18 12 9 56 17 137 26 107 8 78 45 43 20 97 4 306 21 50 43 75 7 8 10 66 157 1 22 4 46 169 5 63 3 253 21 68 5 42 94 68 150 21 91 54 32 69 24 53 63 13 78 3 21 98 12 11 53 3 15 122 22 18 91 312 52 31 19 56 65 284 20 384 162 90 56 212 21 76 42 152 45 133 1 356 5 48 35 316 22 75 134 390 29 94 13 86 21 21 14 101 10 126 50 141 28 76 37 150 133 74 10 97 97 10 47 57 131 12 66 4 17 89 14 59 4 103 118 324 45 18 116 1 22 31 154 37 26 32 228 114 121 63 21 104 21 27 25 212 69 104 57 16 9 134 20 143
0 23897 39 41 37 145 13 1 112 11 15 13 225 86 5 5 6 31 404 19 118 126 84 114 7 5 12 74 170 84 80 61 246 128 50
0 23979 138 17 9 8 279 9 126 9 45 25 17 1 168 1 107 38 56 140 19 43 21 124 33 19 3 27 64 9 47 30 80 45 106 15 25 24 154 129 45 16 424 9 71 16 53 175 39 90 79 28 126 186 11 36 27 184 43 111 26 1 83 27 193 17 28 27 178 8 24 14 14 193 109 84 71 29 43 80 299
0 24305 132 22 520 17 55 4 473 3 337 101 25 29 34 89 604 38 7 94 298 30 10 54 160 30 36 51 122 78 275 61 134 25 48 32 120 56 22 1 4 43 53 6 91 131 150 115 168
0 24868 8 4 28 7 134
0 25290 64 8 84 6 101 7 21 6 221 147 5 8 73 6 29 48 170 67 43
0 25345 26 9 58 17 162 46 854 27 11 77 2 67 1 94 29 36 19 21 30 16 59 58 16 47 142 31 64 113 22 63 10 9 55 80 156 42 112 368 2 32 54 170 158 209 8 125 43 24 89 60 59 64 195 1 128 90 26 50 97
0 25408 170
0 25785 70 10 178 9 144 60 8 33 80 12 173 68 64 11 90 18 64 66 28 54 5 33 96 46 97 43 85 131 70 80 133 13 8 91 292
0 26271 3 14 183 6 144 44 84 19 203 24 247 3 5 152 214 85 14 68 60 161 219 150 263 77 17 93 99 77 35 47 76 42 59 147 212 8 51 10 134 42 237 53 3 88 155 51 8 10 51 96 71 48 23 91 3 46 47 5 189 3 458 2 93 8 223 16 215 14 22 20 16 17 34 39 47 96 31 24 75 72 21 35 5 125 92 23 73
0 26509 18 11 333 43 6 3 94 39 72 22 120 57 78 32 312 32 25 67 39 98 177 6 105 8 20 25 6 22 82 81 3
0 26726 25 38 60 21 17 53 108 265 62 7 11 48 81 14 20 3 26 26 19 254 63 16 23 85 6 12 182 28 47 27 136 16 137 6 71 67 39 17 179 8 235 8 5 23 14 93 44 154 218 19 52 14 84 52 61 26 13 144 169 17 15 61 62
0 27417 6 10 279 12 110 23 141 84 51 16 73 53 117 25 418 33 91 2 82 21 247 6 290 93 184 87 49 133 150 13 34 2 167 57 53 2 40 180 95 3 211 78 3 39 44 53 32 41 160 52 18 58 4 93 115 43 50 119 127 20 41 20 36 34 304 42 71 12 52 59 29 63 47
0 27510 73 65 22 5 164 11 21 11 129 70 45
0 27793 14 44 13 48 21 21 70 33 129 31 251 9 37 4 2 109 29 11 144 19 286 71 29 44 240 15 141 13 193 9 69 78 1
0 27938 22 83 127
0 28183 127 6 34 29 87 45 55 51 66 41 21 43 75 1 135 66 29 74 31 23 104 49 23 66 9 47 1 1 16 62 40 26 177 50 13 3 335 21 106 17 218 7 77 253 176 1 83 59 28 138 216 56 112 18 68 6 40 30 123 22 98 27 69 1 60 3 331 8 166
0 28262 216 55 13 48 144 59 1 105 144 35 37 23 31 64 56 7 78 94 71 93 346 33 20 10 16 127 5 75 118 51 157 144 3 8 151 151 23 23 45 23 124 17 23 3 42 1 168 27 37 12 146 45 30 16 24 156 31 14 2 46 139 1 39 26 154 82 19 72 120 57 173 94 82 79 48 9 203 69 165 13 205 5 107 70 185 60 55 24 28 234 35 30 130 56 186 21 1 37 32 10 176 32 1 10 112 84 234 18 89 72 103 2 178 12 151 51 49 51 83 23 2 43 123 35 461 88 55 43 169 5 36 54 167 13 17 22 9 32 37 16 25 42 360 33 2 26 205 5 86 29 91 3 83 51 42 30 131 88 1 13 43
0 28318 163
0 28321 9 96 1 22 363 6 289 41 118
0 28640 6 1 241 30 61 17 134 6 147 40 19 3 416 138 504 73 60 1 27 38 120 31 40 69 158 78 34 7 68 161 130 7 123 3 45 110 191 3 12 34 64 12 110 18 116 39 162 39 84 97 185 1 32 16 55 57 70 3 40 15 25 38 149 45 419 24 7 32 105 8 151 168 41 19 19 63 141 7 73 120 336 24 29 26 86 43 226 47 41 41 78 16 116 17 84 22 117 90 10 28 1 130 3 3 72 50 86 13 6 5 6 55 69 74 77 157 27 34 3 21 51 6 6 104 15 3 88 10 24 124 30 1 154 42 146 75 53 86 8 44 41 28 117 8 30 64 21 17 156 28 24 32 48 2 13 28 97 48 33 2 18 16 147 131 38 94 186 5 98 54 7 56 44 22 92 33 185 34 39 30 14 43 182 34 11 10 85 74 118 5 29 6 31 22 4 15 62 18 66 45 18 43 38 9 28 12 114 7 221 15 17 32 19 51 53 4 45 203 119 44 57 26 124 85 69 29 138
0 28999 82 4 55 106 50 23 36 4 132 47 95 83 110 61 262 69 189 133 109 1 285 11 133
0 29019 15 16 62 80 30 14 124 1 11 36 22 26 17 3 140 23 16 36 164 64 153 108 173 11 70 15 28 11 69 6 44 39 24 88 4 9 15 5 8 46 71 191 1 44 313 28 13 2 126 65 17 85 21
0 29330 211 13 75
0 29417 30 35 79 119 4 4 31 28 2 194 55 296 9 94 281
0 29530 10 17 364 11 526 61 10 10 22
0 29549 32 5 246 6 18 113 14 3 74 92 67 47 122 2 105 138 32 194 144 19 68 12 30 2 282 51 98 1 20 83 121 4 42 5 7 57 290 122 19 8 12 56 129
0 29654 89 64 178 8 32
0 29708 2 38 160 165 23 42 60
0 29927 1 20 12 11 3 51 60 56 77 25 128
0 30007 39 199 166 86 54 52 98 5 46 52 114 72 72 12 84 37 39 33 208 58 26 20 88 85 40 20 30 5 206 5 142 5 188 181 307 34 53 255 6 154 674 54 115 9 26 75 181 45 70 21 29 167 75 13 43 6 53
0 30052 62 5 137 133 6 12 18 18 314 38 77 107 76 107 32 11 45 43 51 4 559 8 40 11 171 54 132 76 174 82 39 106 84 3 34 40 45 2 40 39 76 21 82 55 143 3 433 2 70 98 2 101 4 17 5 33 464 35 64 17 5 26 6 17 11 105 51 50 49 24 47 23 301 115 191 22 41 52 22 45 81 10 50 221 48 9 16 51 18 87 23 12 2 52 93 6 64 34 20 6 126 34 3 15 21 91 177 66 47 6 111 124 273 73 10 6 83 51 111 23 47 131 83 217 63 21 36 11 6 42 118 9 33 4 167 41 69 49 216 13 49 52 44 12 42 43 101 114 138 3 112 16 103 44 12 36 26 71 122 64 104 88 144 2 127 44 31 99 112 7 1 89 60 119 47 25 202 11 249 21 128 10 2 84 275 11 66 68 402 132 38 24 25 32 3 85 3 131 43 43 97
0 30210 60 53 324 18 7 20 196 113 29 9 68 33 82 18 25 176 90 26 28 28 303 93 262 15 157
0 30266 25 73 12 55 185 18 161 32 118 52 216 141 72 9 11 64 7 46 26 91 22 3 51 15 33 5 360 92 187
0 30371 49 8 30 91 164 40 128 21 17 93 152 104 57 106 36 72 82 46 37 28 197 6 76 69 148 34 41 100 34 65 113 42 108 64 284 60 109 17 14 38 67 85 338 124 195 60 335 33 125 41 34 51 253 16 76 97 20 51 48 20 33 18 157 19 11 20 56
0 30921 1 18 359 53 126 34 30 24 259 2 659 8 20 42 168 103 33 33 207
0 30957 98
0 31049 168 49 105 3 194 85 189 25 18 93 23 68 21 41 48 8 130 83 371 47 131 7 84 32 82 98 401 75 133 147 7 7 219 34 244 21 103 94 2 66 15 161 112 12 25 62 178 115 100 3 129 24 18 37 157 17 41 44 360 2 17
0 31240 56 20 21 10 121 58 23 24 93 82 58 172 75 8 66 22 176 171 38 13 33 114 322 46 194 99 96 4 117 34 12 122 211 8 238 99 50 6 11 100 14 28 224 12 26 114 35 10 115 39 64 24 336 134 55 31 17 124 195 156 108 70 85 81 6
0 31324 129 5 195 10 93 1 128 17 147 1 86 45 118 7 77 43 70 28 18 10 101 12 79 14 20 45 6 55 117 47 27 41 208 219 112 35 234 90 38 47 23 16 19 18 29 21 138 98 13 61 310 31 170 3 6 8 97 253 2 3 68 32 113 82 24 17 34 1 85 47 30 224 61 64 94 26 30 107 318 5 258 188 3 36 6 91 27 135 47 41 56 82 64 21 118 20 4 58 207 1 59 39 299 91 33 26 1 118 81 80 100
0 31331 153 31 122 127 44 100 290
0 31514 15 118 21 30 364 5 287 27 155 4 18 6 28 25 315 92 25 203 561 165 183 51 83 38 10 4 224 47 59 37 167 32 21 2 133 33 2 23 281 17 68 6 25 22 148 31 25 41 86 22 36 62 58 22 30 16 8 250 6 73 22 28 71 34 23 49 28 97 231 19 178 4 147 62 29 24 101 25 58
0 31909 275 9 108 35 22 49 119 59 19 159 45 16 55 132 58 4 9 38 22 22 550 94 26 12 137 41 23 11 44 6 6 117 156 39 193 201 233 6 59 33 184 95 107 16 24 8 67 80 46 10 5 2 83 38 114 96 22 113 151 13 190 31 20
0 31947 48 6 106 96 90 41 78 15 3 22 366 34 90 12 113 72 99 101 14 51 185 2 28 14 74 17 30 26 69
0 32058 26 21 82 17 11 15 33 6 43 35 65 22 49 46 103 58 211 77 30 5 4 45 251 40 90 31 105 13 88 7 6 16 12 137 104 2 122 27 6 27 150 161 89 69 527 15 85 6 297 54 60 66 117 260 108 3 15 4 51 18 34 44 37 8 55 125 10 12 32 125 158 67 10 102 19 28 43 27 18 32 45 22 3 38 176 50 16 111 119 76 106 218 19 13 64 33 8 86 38 5 145 46 50 75 21 122 38 16 60 5 132 51 56 19 229 9 57 36 297 156 21 12 57 42 63
0 32439 35 78 182 3 21 45 1 33 21 3 107 47 162 65 318 106 28 27 139 43 36
0 32537 146 8 241 21 24 48 247 28 35 15 120 129 20 47 202 29 59 32 134 29 42 27 86 12 143 20 173 29 87 58 315 102 1 77 22 9 120 134 7 51 56 213 36 7 173 79 3 12 118 186 76 42 253 86 36 45 119 14 252 48 29 26 262 21 118 25 20 24 227 51 133 28 84 44 87 12 139 25 88 7 18 21 63 57 73 104 20 70 389 68 72 15 110 32 7 2 96 41 314 35 49 37 151 35 174 24 54 31 272 30 26
0 32551 297 1 60 296 66 106 155 163 66 167 74 122 92 19 279
0 32590 209 6 199 55 8 3 207 138 28 89 57 103 12 128 571 113 5 34 10 106 7 4 47 42 71 33 79 17 19 39 107 7 17 22 298 21 148 10 224 25 292 16 67 4 56 200 552 164 10 34 175 6 28 20 221 34 132 6 41 4 322
0 32882 59 63 172 13 6 80 72 75 230 2 40 109 193 12 37 16 1 68 102 9 148 142 229 202 31 25 66 14 12 11 124 34 182 16 69 37 452 45 35 43 59 1 411 42 120 23 79 94 75 27 37 126 1 2 52 168 188 28 31
0 32885 34 90 268 49 107 5 63 41 12 30 23 91 6 73 61 5 5 8 95 35 33 126 589 64 42 32 41 70 23 29 149 92 68 74 50 12 62 40 35 17 8 5 49 2 228 6 95 13 17
0 33012 64 38 18 65 11 47 192 22 296 7 31 47 54 4 98 78 173 86 201 102 295 32 18 97 80 1 214 41 288 11 166 22 198 74 42 43 43 36 128 90 4
0 33119 104 113 139 1 250 36 75 6 387 120 31 32 169 25 1 24 214 138 30 13 561 44 169
0 33125 102 4 29 17 91
0 33517 31 43 48 31 164 15 48 60 227 68 60 73 98 129 25 15 13 6 58 27 275 97 92 15 190 26 36 27 18 106 71 184 18 117 221 239 45 38 142 144 18 5 33 16 141 14 126 1 169 18 38 40 33 17 54 4 47 78 5 4 69 57 10 78 12 91 63 3 32 125 65 93 95 79 127 19 452 46 49 32 281
0 33746 207 19 25 23 77 16 53 7 34 60 63
0 33824 237 22 382 48 13 8 202 6 127 14 31 19 210 18 42 66 60 36 12 30 34 17 11 8 56 21 110 105 97 84 35 14 98 15 115 42 159 14 14 29 9
0 34139 318 28 95 46 26 9 55 16 15 24 34 70 130 7 40 80 29 122 3 27 160 5 28 8 42 7 1 114 11 15 95 17 101 4 9 201 5 87 25 30 239 354 25 11 104 29 39 31 62 44 4 14 113 50 23 25 157 63 141 7 111 74 199 26 15 85 7 14 85 42 30 120 36 19 108 30 22 135 22 37 74 80 78 3 142 1 137 28 41 11 24 7 8 31 378 11 91 78 61 33 38 26 15 3 20 155 39 32 33 45 124 12 400 1 54 12 119 64 5 93 37 35 148 140 234 179 40 39 118 93 144 88 578 8 10 52 146 5 208 3 36 131 161 61 140 14 43 19 101 27 199 78 96 41 264 144 254 43 30 46 8 41 41 18 276 31 130 34 214 47 8 5 40 32 3 171 17 53 131 89 22 54 183 8 95 10 727 53 199 11 27 13 6 27 235
0 34281 38 109 19 29 141 2 539 37 49 21 272 14 56 87 178 58 247 4 270 12 15 4 175 32 130 11 133 44 32 22 55 38 69 99 11 12 147 103 64 75 55 3 183 23 153 7 1 44 151 123 8 18 109 13 172 75 84 7 294 25 5 60 35 19 70 85 223 84 350 34 55 52 7 3 195 2 39 3 382 14 57 1 27 20 546 169 19 51 52 184 47 32 111 31 34 2 103 31 191 2 479 57 24 34 343 26 343 108 91 77 159 110 54 45 8 12 36 160 55 38 31 75 133 70 35 3 30 111 54 146 177 12 37 31 11 117 96 126 9 6 321 31 132 92 82 4 107 31 155 183 27 43 168 159 129 3 129 53 108 141 8 7 31 6 444 54 399 23 27 18 54 162 96 38 39 159 31 79 13 43 15 6 130 87 223 243 395 14 16 11 18
0 34391 210 35 187 63 133 21 16 185 29 6 84 148 61 46 52 168 15
0 34542 11 11 6 87 38 15 44 65 4 45 87 23 50 100 42 12 4 103 63 33 40 6 8 2 12 40 115 44 187 70 93 12 53 43 28 22 238 8 50 8 55 22 1 49 57 26 188 5 224 18 237 175 152
0 34571 121 86 16 36 49 92 20 2 65 116 5 19 69 84 57 5 27 16 30 14 32 4 117 29 33 24 227
0 34615 143 4 80 84 66 257 215 55 198 47 35 48 248
0 34744 253 1 218
0 34764 23 29 49 31 39 10 15 35 132 1 225 119 149 30 30 14 62 127 136 137 32 147 420 28 263 2 33 26 18 8 238 63 68 48 194 45 177 18 21 46 100 36 94 47 190 155 14 41 119 59 121 24 99 7 21 11 58 28 49 50 88 80 67 24 23 51 55 120 36 21 189 5 116 11 110 41 23 67 227 28 71 10 168 2 106 46 180 91 11 19 124 13 90 79 205 121 113 15 113 25 5 60 57 131 23 20 127
0 34785 113 46 11 56 135 48 38
0 34831 60 20 14 75 28 1 4 2 30 67 24 7 109 77 202 13 99 30 23 28 134 69 26 52 16 15 142 117 49 57 10 24 5
0 35203 45 68 102 5 23 1 39 2 9 78 3 10 254
0 35376 114 30 27 9 141
0 35415 10 59 25 60 106 8 307 20 101 140 131 43 27 17 358 10 214 33 112 192 151 17 269 8 187 7 5 60 124 21 23 30 87 44 53 10 2 92 30 6 38 106 111 84 78 86 31 14 41 31 262 4 38 7 101 1 8 15 19 23 10 114 7 51 12 82 162 40 37 13 104 1 5 1 31 41 19 6 259 4 65 7 45 33 92 236 11 1 61 4 246 6 23 73 134 42 30 20 264 109 71 54 91 26 33 107 48 40 14 37 86 15 56 110 29 5 108 64 161 5 32 5 86 68 47 10 38 63 192 14 60 10 8 37 2 44 558 6 42 1 99 39 128 35 39 40 20 27 16 1 64 61 67 102 2 27 122 95 81 33 41 58 35 3 10 14 162 11 194 49 258 61 11 136 13 31 31
0 35629 785 13 6 22 208 40 153 13 44 74 2 101 71 16 168 3 221 82 66 49 245 42 372 40 38 35 46 26 110 36 174 63 9 53 45 42 62 20 468 8 181 38 67 42 37 11 21 46 2 20 103 214 57 36 2 63 2 84 20 126 184 118 60 5 64 6 234 87 133 30 138 75 51 32 14 20 17
0 35686 5 16 84 45 78 42 103 76 140 20 210 28 208 21 90 7 166 67 184 30 43 11 131 109 74 18 2 37 309 10 129 36 180 73 78 53 96 70 91 46 143 9 52 10 114 124 279 37 58 43 63 10 5 48 335 46 127 14 27 96 48
0 35703 282 9 356 74 165 3 119 5 72 80 29 15 6 42 134 67 15 12 68 5 68 120 46 136 58 37 40 58 15 98 19 29 321 44 246 2 25 10 39 36 235 23 104 187 6 30 92 51 37 15 118 56 27 69 411 52 88 148 34 47 89 35 45 7 117 178 140 22 258 14 309 102 49 6 95
0 35817 7 30 194 26 22 14 88 123 8 147 190 23 29 135 44 19 434 11 109 89 98 40 21 95 172 71 193 134 137 60 143 41 35 7 12 14 192 28 70 26 32 72 155 210 63 113 2 11 84 66 34
0 35973 33 132 2 67 54 15 31 22 9 66 54 83 43 83 173 18 70 32 141 4 32 12 92 15 83 22 16 18 241 60 175 50 17 49 3 2 6 43 69 64 20 14 58 130 323 34 30 6 71 16 38 11 23 44 73 1 38 147 53 38 49 11 326 39 9 135 163 18 61 130 3
0 36063 13 1 125 31 72 203 229 30 1
0 36105 379 57 136 9 343
0 36167 105 53 277 33 170 37 48 44 31 32 15 54 42 36 43 107 47 61 3 12 10 61 377 19 326 79 31 67 139 38 12 14 8 29 90 8 194 30 156 7 72 58 18 1 108 33 45 65 182 126 14
0 36534 113 68 46 46 229 6 56 19 14 135 84 31 36 4 75 44 108 3 18 49 55 56 14 41 80 43 233 52 371 20 32 63 123 34 196 48 21 17 62 113 27 45 45 15 73 50 81
0 36592 8 14 54 91 390 26 35 95 20 38 4 94 24 131 58 12 104 149 87 181 95 67 61
0 37104 219 23 23 12 44 9 121 190 87
0 37189 15 56 219 37 19 69 45 23 56 23 56 4 116 263 48 5 61 9 49 58 465 43 21 56 269 18 299 14 102 23 19 57 38 52 41 3 101
0 37340 29 94 14 28 43 17 50 50 17 64 98 25 19 39 17 94 9 2 46
0 37576 43 14 34 1 62 36 5 113 33 19 59 19 2 37 180 6 90 57 43 10 11
0 37692 101 48 14 57 34 79 120 25 22 85 356 66 255 8 191 46 34 14 36 3 318 92 133
0 37832 272 115 229 18 91 19 95 17 128 26 305 155 396 28 333 1 51
0 38170 74 63 139 50 41 5 75 70 388 40 43 23 134 43 24 8 329 14 4 60 27 44 25 111 335 21 135 124 88 39 28 33 13 56 23 6 49 8 70
0 38273 191 1 101 48 176 68 228 6 15 54 403 29 1 18 215 1 52 13 177 17 79 17 84 11 32 70 135 43 686 80 129 14 55 24 265
0 38365 112 43 159 59 12 111 266 3 37 255 62 51 60 121 8 36 61 114 87 31 45 65 119 18 8 41 2 41 43 98 1 13 101 8 636 8 108
0 38419 61 34 117 38 114 67 13 16 82 6 59 119 282 41 114 18 153 24 8 34 14 35 87 26 129
0 38464 110 18 122 36 49 18 92 88 86 139 37 42 80 21 56 12 32
0 38749 189 1 87 64 347 10 155 70 175 22 84 10 149 2 72 69 41 14 204 4 239 80 53 42 18 16 123 96 29 11 16 19 86 8 129 81 53 53 51 24 18 76 102 97 40 9 1
0 39133 46 120 53 41 6 69 110 37 364 68 205 2 133 116 73 1 64 170 14 9 9 66 17 37 5 66 26 19 156 21 32 67 19 142 246 14 1 42 49 5 18 128 331 135 6 3 102 3 60 78 31 123 396 25 185 172 36
0 39158 6 23 12 162 20 57 357 42 37 36 3 9 78 21 106 93 8 172 307 105 87 30 122 24 308 10 4
0 39346 23 4 38 13 41 5 196 30 68 26 19 10 19 51 47 30 33 142 281 21 342 75 7 109 43 76 5 198 6 83 35 26 156 21 40 36 142 20 584 48 4 10 181 102 37 21 5 9 80 26 14 67 45 25 82 26 62 29 35 14 12 1 404 46 96 50 8 44 7 77 196 161 371 10 91 61 557 78 81 120 38 33 123 102 129 33 53 53 75 33 235 111 101 5 11 48 21 1 40 13 16 313 14
0 40000 321 21 37 35 417 67 37 20 214 52 164 44 322 61 60 7 50 134 94 66 137 74 63 45 36 48 156 52 15 64 9 58 85 281 213 91 3 15 215 14 46
0 40016 42 42 26
0 40049 181 37 61 44 70 3 22 28 53 18 196 39 27 1 296 91 141 133 102 61 25 5 5 6 111
0 40065 67 71 43 34 361 35 252 320 237 17 11 22 233 157 280 10 235 60 53 43 200 24 99 44 84 23 64 11 23 67 265 34 510 89 19 15 441 4 178 56 141 27 116 81 41 6 296 89 5 4 4 2 74 3 93 33 4 21 196 8 525 12 20 6 4 19 209 68 61 45 225 25 64 78 176 61 117 51 47 56 137 1 169 79 209 4 89 6 69 127 40 69 62 8 8 245 232
0 40147 19 98 230 37 51 150 41 76 171 43 46 3 525 93 94 59 277 38 87 129 127 192 196 6 154 47 344 26 114 11 161 24 73 75 73 115 53 8 113 13 2 22 112 136 62 3 167
0 40217 8 159 29 87 33 10 59 8 27
0 40251 141 14 234 6 74 252 97 22 348 72 13 60 3 38 49 67 34 1 26 1 62 85 70 27 16 21 123 49 21 1 88 3 107 85 16 5 220 88 43 80 5 23 159 22 68 31 199 72 104 45 13 24 196 66 39 52 203 89 1 21 50 56 59 35 132 3 100 52 137
0 40310 97 120 74 8 169 14 22 23 563 24 65 55 343 46 119 36 352 8 10 20 31 16 99 2 185 39 92 13 145 22 10 32 109 15 40 42 68 67 112 50 72 112 269 30 87 25 268 43 213 73 23 182 190 36 120 4 6 24 14 57 30 2 54 1 80
0 40341 54 136 335 6 130 2 44 121 25 107 31 69 5 15 34 23 202 29 44 9 138 4 13 151 1 8 60 41 161 12 100 72 16 43 44 50 18 75 11
0 40718 52 21 67 29 78 6 73 23 80 14 365 33 24 15 373 7 32 201 50 80 115
0 40762 149 56 11 13 26 52 40 52 233 85 302 68 48 7 9 15 39 34 133 28 186 208 21 117 118 16 67 47 236 10 10 111 86 37 106 98 89 33 4 53 63 29 325 90 7 5 21 102 54 8 104 74 163
0 40984 104
0 41115 27 89 525 19 20 56 2 109 73 107 16 64 17 41 88 233 44 37 198 2 81
0 41294 6 27 46 12 31 8 3 111 343 7 278 10 134 34 44 157 123 16 118 7 32 1 32 138 100 4 313 15 35 57 26 29 174 81 214 35 86 69 119 10 6 9 111 22 197 85 130 4 7 76 102 28 86 2 491 8 22 3 253 243 48 131 225 9 82 65 208 60 43 53 40 75 29 5 62 187 263 17 9 44 42 88 18
0 41871 82 220 35 63 105 16 74 47 32 20 422 80 61
0 42006 79 7 7 11 229 31 75 8 37 64 368 8 132 74 25 83 45 10 112 55 21 8 112 50 2 17 13 11 77 179 134 16 234 22 19 13 107 72 24
0 42011 28 13 12 108 100 124 130 157 2 123 140 43 92 40 42 45 44 46 3 43 106 18 147 30 89 1 104 7 234 43 44 44 16 7 214 107 43 28 7 34 70 45 76 5 281 19 12 46 23 62 148 4 13 37 15 11 55 10 1 67 252 15 55 175 1 2 121 29 33 6 8 38 29 26 266 56 36 84 26 20 100
0 42023 55 28 349 44 14
0 42522 162 117 258 34 196 203 8 189 73 22 1 268 5 3 29 126 98 82 86
0 42613 311 31 63 34 28
0 42716 361 32 42 5 210 26 40 43 8 72 176 79 24 10 41 21 48 24 34 129 2 32 36 15 317 77 172 18 42
0 42804 73 43 15 28 72 1 1 17 40 38 85 122 33 2 27 41 88 133 22 52 265 33 60 60 175 32 86 49 96 66 59 7 77 1 62 32 139 87 46 27 3 42 203 11 128 18 133 200 71 51 342 199 2 123 170 1 12 58 35 17 19 125 104 51 284 31 20 135 26 110 20 70 58 28 87 8 109
0 42858 129 47 40 38 83 106 57 63 11 138 277 159 139 73 178 102 4 1 22 57 126
0 42881 76 141 22 34 105 32 202 50 96 59 146 100 273 53 16 28 43 17 99 6 213 60 281 128 574 117 26 15 61 7 98 32 87 65 46 127 177 157 86 22 51 102 19 31 84 11 271 72 34 25 24 73 4 3 151 13 216 16 136 26 206 14 64 50 53 50 38 21 133 45 2 227 91 97 54 16 70 71 105 22 245 8 232 48 131 58 8 52 21 64 25 29 13 25 4 22 20 133 146 124 14 128 15 18 187 47 342 17 11 57 7 101 31 55 157 8 83 34 115 45 57 94 175 40 59 3 114 68 72 96 21 54 60 58 94 33 17 32 153 25 211 38 94 66 338 26 179 33 81 36 17 63 43 91 76 8 108 78 80 107 15 3 38 133 106 52 8 58 194 31 25 64 94 74 300 28 83 7 5 55 86 36 91 2 59 26 95 66 182 57 148 68 145 16 8 14 24 68 101 51 179 73 19 16 113 55 154 126 384 20 1 159 2
0 43119 29 85 226 31 29 20 141 107 33 14 44 46 35 28 55 48 94 136 78 37 125 58 69 118 72 19 143 36 83 64 110 47 29 15 144 44 58 139 207 36 190 129 61 49 29 146 33 40 96 60 224 66 83 19 297 36 150 94 36
0 43223 15 61 80 1 73 7 231 48 69 67 36 84 38 29 4 18 97 113 54 92 34 11 164 31 53 85 142 88 33 441 138 79 132 14 122 49 382 60 31 53 69 12 16 27 333 51 138
0 43322 383 9 42 60 79 25 154 25 253 45 179 17 62 20 200 59 90 85 89 25 303 13 20 8 187
0 43751 91 80 146 20 8 62 57 207 24 49 25 39 156 17 148 74 28 23 36 12 157 160 111 29 345 35 12 3 76 68 44 4 69 16 80 2 336 23 84 53 10
0 43952 49 9 78 13 57 16 47 15 37 48 107 66 70 72 124 13 12 10 76 59 69 9 72 43 9 46 18 98 106 39 96 2 6 9 108 41 108 29 15 41 138 149 94 222 2 10 111 30 13 64 125
0 44240 19 67 25 31 31 28 4
0 44553 301 150 259 106 175 114 214 23 116 89 122 30 10 6 52 82 30 178 1 119 24 6 162 21 248 80 104 31 216 2 95
0 44576 79
0 44692 103 152 189 126 414 59 78 39 123 70 208 40 89 22 42 88 18 56 56 4 362 148 216 23 40 131 264 8 167 59 31 14 78 18 101 14 150 59 136 53 105 17 25 115 101 74 4 26 324 21 197 5 28 12 124 65 61 17 285 58 2 1 83 7 62 174 235 2 108 40 10 43 18 42 220 36 16 43 43 5 89 20 20 9 18 90 135 83 1 44 91 36 125
0 44858 139
0 44897 54 255 55 47 6 8 36 6 37 3 138 3 9 127 15 198 69 29 31 135 122 68 11 159 21 23 87 35 220 51 84 55 143 64 99 41 61 9 247 31 57 17 52 28 7 53 99 31 51 52 45 75 138 3 205 15 82 42 539 14 2 10 158 33 50 44 58 26 49 41 217 78 91 20 624 13 212 20 6 53 72 102 481
0 45336 61 20 22 38 349 21 196 55 130 15 7 99 6 64 102 22 201 48 157 40 38 16 119 96 269
0 45409 59 24 18 26 12 120 57 174 92 11 69 167 236 139 47 76 41 13 43 81 130 79 147 80 148 11 296 57 27 31 101 92 192 70 34 7 168 109 81 120 236 209 101 45 7 26 48 3 41 38 169 6 44 13 31 9 9 67 15
0 45598 7 49 30 107 37 24 275 56 291 193 72 24 4 12 180 97 66 72 109 71 164 2 57 36 38 35 168 27 400 194 99 7 87 4 190 70 122 38 162 108 70 93 115
0 45866 32 70 128 28 270 19 14 38 64 43 3 1 196
0 46199 123 39 72 27 32 23 632 53 190 50 19 2 219 13 28 42 242
0 46313 56 67 19 27 11 20 53 52 131 46 61 46 18 19 292 2 201 72 60 58 217 2 35 2 12 51 66 54 60 18 22 104 251 67 147 11 23 65 90 100 9 67 9 121 274 95 165 11 94 19 92 10 26 19 10 18 154 2 269 4 480 10 263 55 52 33 68 138 194 13 3 31 13 40 74 124 187 27 179 32 35 17 65 159 80 8 415 21 333 105 109 32 179 119 18 99 130 87 26 50 100 32 9 127 84 4 288 86 65 52 136 22 9 102 57 130 134 16 8 104 86 47 107 18 178 9 88 55 273 76 261 58 137 97 161
0 46366 219 66 58 59 94 27 12 106 7 4 166 78 225 36 3 45 71 9 13 1 49 22 235 9 17 77 7 84 25 35 122
0 46388 53 43 24 93 30 82 167 128 1 99 21 1 129 59 40 17 37 49 133 40 8 61 117 23 107 41 200 104 95 61 258 42 254 52 55 59 219 45 266 2 1 80 85 6 230 6 339 104 317 114 20 1 8 24 42 45 133 22 89 117 132 6 51 3 11 39 60 106 2 13 23 12 23 172 83 140 108 59 46 32 189 128 490 88 380 46 3 4 67 84 188 50 468 51 205 10 51 67 62 21 87 104 125 41 112 84 278 90 3 10 8 86 256 18 31 4 51 72 103 71 174 48 55 25 96 89 147 13 242 63 30 16 16 7 20 46 31 37 478 134 100 109 92 75 329 15 119 53 1 60 15 10 75 168 2 43 145 198 45 20 88 39 6 34 81
0 46535 193 47 418 9 233 11 48 1 8 31 240 4 22 79 75
0 46640 247 13 77 93 97 22 244 97 123 64 92 1 171 69 50 35 62 194 259 82 21 15 106 27 116 67 216 16 88 89 23 128 163 61 81 58 125 55 13 6 112 26 59 82 33 8 42 26 26 45 235 13 181 15 25 57 15 21 51 89 171 3 47 15 104 57 10 9 70 75 141 15 288 51 77 201 352 168 42 18 146 119 32 58 37 50 3 43 8 27 124 129 82 9 84 81 361 75 98 102 26
0 46766 61 19 12 2 3 18 10 188 37 31 303 23 29 10 117 42 44 27 8 17 100 73 77 16 61 5 63 20 40 151 141 32 38 21 273 21 53 129 23 40 114 33 202 42 56 5 107 16 218 96 27 45 32 88 15 103 4 134 256 42 43
0 46783 261 39 22 84 66 26 222 49 29 69 50 22 58 21 171 74 79 155 25 31 9 94 38 112 75 148 45 3 120 118 30 27 101 101 76 25 104 10 6 19 121 9 241 21 12 2 48 50 11 77 9 116 46 72 1 24 26 175 68 74 3 5 66 87 54 13 163 109 369 6 119 9 98 24 333 129 214 12 74 70 56 96 105 41 105 68 19 55 18 27 50 57 10 24 291 13 49 8 129 175 111 19 58 36 181 26 2 45 16 1 58 30 96 126 174 79 59 4 8 42 43 30 3 67 16 11 345 47 48 29 1 103 33 44 50 141 64 64 86 45 63 18 133 121 51 21 97 3 69 346 144 133 52
0 46872 52 129 84 32 261 44 13 23 143 18 44 38 33 31 94 3 106 1 197 47 75 27 84 71 212 198 67 4 49 67 32 9 265 54 34 82 275 32 87 64 46 142 7 23 233 14 83 75 263 7 25 21 68 68 2 37 18 151 14 101 22 86 62 103 232 20 5 91 65
0 47477 142 98 31 71 160 15 127 2 34 9 32 25 297 53 129 3 208 50 2 21 107 28 180 39 47 4 12 1 33 121 157 152 89 147 57 101 39 48 82 26 239 6 12 7 27 44 339 16 190 43 37 96 31 20 68 8 128 26 31 41 32 101 30 34 155 17 39 20 48 8 85 14 82 17 248 11 237 141 101 6 14 110 103 24 234 2 17 7 117 25 419 18 25 10 4 8 96 3 39 96 1 9 67 80 146 80 19 7 8 3 475 44 247 18 433 41 55 28 18 74 53 47 146 24 202 6 56 25 72 103 49 44 139 50 255 56 2 51 66 1 338 64 21 22 8 89 16 11 184 18 61 2 41 39 192
0 47637 174 59 51 90 231 26 180 81 4 45 187 15 3 57 126 98 52 17 1 30 95 59 109 7 145 26 26 24 90 1 153 16 11 71 188 93 24 58 25 25 37 78 237 67 20 13 21 19 60 40 96 39 174 10 102 9 234 120 177 24 65 40 123 35 34 7 16 159 53 102 325 27 15 7 73 3 18 81 16 47 141 1 78 17 346 40 4 6 112 72 97 67 120 38 53 18 76 2 174 13 74 131 63 25 73 31 18 26 14 15 406 33 90 11 57 16 45
0 47671 192 3 27 2 50 27 37 11 16 14 168 15 5 5 69 8 74 38 19 6 24 69 106 97 4 59 24 42 2 105 36 25 161 30 252 64 287 31 36 58 96 84 109 35 26 42 61 35 18 21 99 54 240 99 131 6 1 43 2 23 95 149 15 29 223 23 194 35 14 57 280 90 22 42 61 39 17 130 135 30 57 33 199 49 277 31 62 101 20 10 302 12 97 87 56 63 218 17 189 24 59 34 396 12 51 181 262 54 35 41 52
0 47687 53 46 5 6 168 212 1 6 105 38 62 7 4 43 44 100 162 5 260 8 109 182 65 3 17 7 15 168 42 139 73 69 33 30 22 6 356 62 23 4 65 32 149 10 20 19 110 1 12 174 240 20 53 2 21 161 81 2 15 19 8 93 278 10 262 26 155 23 51 60 45 19 169 219 102 17 220 97 194 51 81 14 14 31 115 86 150 50 247 32 232 35 6 30 305 1 23 36 66 2 244 18 31 27 7 21 18 29 11
0 48221 56 46 37 37 403 66 184 88 60 37 35 10 36 167 303 9 100 32 262 45 36 116 3 29 12 66 84
0 48237 77 73 12 1 300 91 75
0 48623 246 45 313 49 160 92 132 1 158 69 41 25 9 5 1 64 121
0 48653 71 47 27 46 60 24 183 52 409 51 118 74 155 141 133 32 20
0 48964 12 14 18 48 110 140 19 81 48 26 163 35 110 47 71 74 150 51 51 151 44 24 127
0 49069 41 115 48 103 173 19 68 15 29 99 110 7 131 96 286 6 86 7 116 21 49 334 32 88 112 15 45 6 2 55 94 54 94 6 41 69 8 14 85
0 49648 41 25 4 33 33 81 97 55 106 14 51 8 32 48 53 27 33 21 41 9 26 142 86 37 139 49 112 76 25 21 251 107 1 57 116 90 32 68 120 18 112 37 59 13 2 20 2 67 103 134 158 93 18 41 222 97 86 16 167 109 93 15 42 16 203 136 137 23 161 29 24 3 19 11 114 23 124 7 91 40 85 61 66 36 43 24 405 54 309 14 142 22 213 12 79 142 29 22 215 102 132 20 23 17 63 100 45 20 15 59 51 1 152 51 340 135 13 20 102 63 13 78 94 23 184 152 33 4 256 37 118 113 150 25 21 27 8 3 69 50 23 65 12 4 20 24 223 24 210 54 389 28 108 137 36 104 575 64 71 18 52 15 166 36 131 6 120 21 188 13 186 72 282 14 23 11 151 56 137 178 262 47 106 83 33 12 21 13 28 11 47 8 74 49 40 21 270 52 10 3 44 13 9 30 173 6 81 20 271 2 216 26 87 12 27 99 173 60 215 8 138 50 61 42 28 22 58 89 1 29 89 55 70 123 32 15 34 103 38 12 136 67 161 74 71 28 270 5 68
0 49712 447 9 42 15 271 66 38 19 162 86 167 47 78 29 9 44 55
0 49913 3 82 142 1 104 80 41 34 68 20 48 7 21 12 304 17 240 2 110 29 32 12 126 4 31 67 102 39 28 1 59 127 302 6 266
0 50824 20 33 74 24 143 13 79 18 3 9 5 15 77 84 125 9 17 194 94 14 118 21 74 66 19 9 18 70 9 80 163
0 50871 34 25 23 20 50 108 96 27 26 227 352 40 182 40 2 13 85 37 142 10 13 20 31 71 36 39 34 172 249 79 7 181 40 75 55 10 18 99 35 21 22 54 15 38 48 21 255 133 10 13 306 31 169 13 65 11 232 34 148 67 88 29 73 119 4 48 26 40 24 4 329 11 14 31 288 26 45 19 24 44 1 36 49 64 102 41 51 39 60 7 14 93 137 27 28 78 75 46 134 72 46 63 43 37 132 44 116 123 81 42 168
0 50893 132 95 159 39 17 52 170 8 141 44 28 12 182 16 11
0 50914 58 48 98 53 8 1 39 10 1 17 53 28 253 2 42 20 57 4 204 179 236 54 51 62 82 48 9 8 271 1 130 22 182 106 50 52 163 53 274 69 48 2 13 229 215 54 78 37 162 51 27 154 96 4 134 22 151 105 61 19 49 31 38 40 54 7 2
0 51020 33 72 183 98 17 124 554 22 25 121 34 75 165 50 22 140 93 62 48 49 258 23 40 24 106 117 131 75 152 34 112 4 25 81 327 3 60 57 195 57 19 23 105 7 133 88 38 161 98 14 51 67 99 176 213 15 109 45 73 5 62 37 96 9 34 78 137 25 19 61 1 40 107 15 9 43 45 1 12 9 284 8 114 132 9 243 35 16 42 36 23 73 68 67 120 14 1 20 45 41 209
0 51115 211 1 53 19 22 48 101 27 11 53 258 12 29 6 55 68 8 31 56 9 50 70 23 111 310 3 41 11 38 43 104 58 497 44 31 14 215 88 85 17 52 12 172 1 47 159 58 60 66 8 97 26 210 64 21 113 127 268 111 74 52 4 27 43 371 56 54 12 21 30 67 19 323 77 6 52 23 27 100 50 72 33 256
0 51493 147 9 18 35 30 4 242 97 92 89 234 21 224 19 64 23 258 32 44 23 182 26 4 67 243 28 338 53 67 7 70
0 51706 6 7 309 18 34 9 57 64 308 81 246 57 23 141 108 165 235 22 104 192 358 38 22 7 148 16 44 12 75 56 90 84 140 75 128 8 76 29 49 26 128 50 762 2 57 8 219 113 97 34 24 3 26 7 47
0 51721 120 100 14 90 117 80 51 96 43 2 5 6 699 31 54 27 4 70 94 88 64 13 50 15 90 4 60 17 7 15 15 34 130 10 190 13 130 18 101 58 51 38 62 20 81 5 283 18 33 92 260 34 104 14 52 99 133
0 51937 58 55 196 17 16 4 41 183 114 35 162 92 78 2 44 17 115
0 52326 64 55 180 20 296 65 64 12 39 100 19 48 83 200 31 27 84 4 205 160 31 54 104 42 43 12 50 33 36 15 108 44 225 12 19 86 184 18 158 61 59 6 56 54 73 12 90 53 259 191 24 1 5 96 34 50 86 60 72 17 227 22 6
0 52665 71 96 213 359 225 70 40 50 31 67 177 67 111 18 61 61 86 69 165 94 43 137 23 20 32 13 54 3 61 12 106 42 279 105 106 21 175 15 173 15 67 51 370 22 165
0 52860 290 114 114 18 42 147 84 23 40 56 68 87 73 23 73 8 32 55 26 73 159 2 115 20 47 16 203 1 45 52 275 35 210 4 386 41 62 76 858 174 10 54 215 8 37 47 11 87 152 293 118 32 16 18 264 170 22 39 77 136 130 100 13
0 53023 25 81 98 82 16 33 188 133 134 23 29 27 10 69 201 53 275
0 53032 1 62 85 50 128 8 61 149 122 5 368 58 49 58 24 30 38 46 80 13 32 10 33 5 140 3 8 4 171 1 486 32 11 25 50 2 124 21 175 1 58 29 98 19 38 30 12 11 18 21 17 23 28 15 103 76 53 8 307 21 69 20 60 13 174 34 10 278 186 78 12 34 163 14 91 89 49 91 62 75 225 70 645 41 60 73 102 132 8 134 18 29 34 123 110 41 1 24 32 3 20 51 16 7 70 10 17 23 321 30 132 45 201 19 16 15 7 80 49 13 156 36 37 1 81 15 111 79 249 7 112 12 170 113 87 15 49 35 164 5 168 22 88 42 196 54 214 37 12 62 281 16 212 27 2 69 5 6 70 2 88 16 107 152 188 4 62 16 8 42 15 7 49 41 174 28 1 122 171 53 3 24 87 52 23 77 42 143 150
0 53273 1 17 123 130 110 38 7 9 36 74 103 88 92 17 105 50 22 143 42 15 22 36 135 18 33 44 151 26 22 7 95 49 27 23 595 37 9 66 33 33 22 23 300 148 9 1 155 153 1 12 17
0 53279 72 37 84 1 82 14 46 27 26 6 71 30 23 79 3 7 92 1 9 65 145 136 73 8 423 100 32 5 201 48 10 117 96 14 46 26 39 46 81 3 89 13 187 11 83 42 11 149 73 3 8 2 73 81 32 13 153 163 71 2 69 26 25 183 80 32 57 95 309 2 218 43 345
0 53355 134 5 91 8 32 16 105 134 46 46 38
0 53582 97 2 26 20 29 12 129 96 2 23 145 128 210 119 84 16 68 51 16 16 6 11 41 102 65 38 102 267 79 85 79 50 12 101 12 9 35 42 56 64 132 22 53 126 86 24 392 8 2 18 50 10 59 7 174 29 37 23 6 31 154 38 198 42 31 15 100 24 68 157 22
0 53807 23 31 126 41 42 99 23 70 113 2 182 12 59 15 91 24 39 42 402 13 9 20 23 67 55 2 154 15 20 6 238 6 31 19 188 44 95 65 463 10 19 9 50 71 42 28 26 141 4 164 28 5 38 2 15 19 151 32 110 63 261 64 95 27 318 11 182 6 36 39 27 5 49 126 311
0 53900 45 263 44 54 90 16 462 15 142 16 113 83 79 42 18 51 158 11 12 39 244 78 4 33 93 118 2 68 75 252 49 20 67 10 132 18 132 60 43 36 105 27 47 17 300 17 105 45 5 8 134 5 210 12 104 6 157 27 196 13 97 177 6 4 12 60 212 45 27 10 203 59 230 13 11 56 56 10 246 16 39 111 58 78 45
0 54152 20 115 16 66 65 94 29
0 54231 19 29 69 52 55 7 65 17 179 14 18 114 351 50 77 172 231 55 166 29 578 16 72 8 44 8 8 9 110 13 34 114 25 71 93
0 54264 107 22 94 12 31 14 26
0 54608 42 45 17 58 335 9 87 161 66 44 12 7 7 31 59 63 254
0 54764 46 13 88 32 177 18 22 63 3 27 65 31 8 3 164 23 96 87 57 2 100 13 7
0 54989 23 130 145 52 8 50 17 18 36 17 140 3 41 14 196 173 40 31 361 22 18 23 178 13 112 25 118 4 26 23 45 7 25 41 2 121 14 38 71 16 269 90 11 85 69 30 246 29 157 56 176 45 18 62 32 17 1 14 181 66 48 100 27 25 16 6 21 36 466 5 69 11 142 33 21 55 438 2 31 196 60 14 5 4 210 86 47 83 76 4 54 17 141 10 152
0 55189 93 325 377 4 466 10 465 54 56 68 48 33 401 131 2 85 13 21 63 8 38 57 54 39 196 5 68 38 13 11 36 5 32 10 574 47 48 22 112 60 65 10 61 61 119 24 111 35 74 6 22 57 155 58 6 26 126 31 31 12 157 161 27 30 72 3 39 8 129 18 92 17 236 28 163 19 106 38 213 65 95 41 216 20 57 11 219 31 47 50 426 6 9 40 184 29 27 22 222 22 14 71 6 54 94
0 55369 329 36 14 78 7 31 29 9 43 97 275
0 55917 350 140 15 4 28 19 210 21 62 22 31 2 138 9 4 35 62 10 1 52 48 11 40 28 26 63 104 9 25 28 46 41 4 162 8 23 206
0 56317 143 6 13 14 54 41 12 20 266 156 239 48 32 22 214 6 38 46 61 17 20 38 2 25 100 68 158 9 2 2 66 120 67 2 15 66 109 18 11 72 109 5 61 10 81 19 67 37 42 34 14 76 1 19 45
0 56372 57 41 8 11 100 88 150 48 63 5 372 57 116 38 181 30 66 55 6 3 248 73 12 147 506 504 63 94 50 120 14 25 44 10 49 127 22 80 79 133 55 209 204 6 288 119 59 68 141 38 68 38 328 32 18 26 81 51 27 7 3 88 236 68 113 21 54 6 108 65 73 36 93 30 102 49 63 20 359 57 21 78 15 40 192 7 93 4 54 97 200 24 28 5 11 78 132 94 34 60 90 48 144 49 66 19 132 31 166 13 88 12 79 107 118 19 54 7 11 105 39 148 72 33 59 90 16 24 77 3 34 9 88 73 210 83 85 26 333 11 275 21 148 41 32 2 241 67 267 131 54 5 61 6 69 218 31 165 35 80 75 50 58 12 265 71 308 18 1 61 248 74 110 157 19 134 172
0 56604 177 28 129 2 38 49 12 20 155 52 2 4 13 44 106 19 140 37 80 90 92 24 84 43 147 26 49 47 51 19 546 1 28 11 15 2 115 62 40 134 4 12 28 120 132 17 148 9 18 1 276 44 51 80 50
0 57044 14 58 46 7 47 1 124 7 88 18 16 29 45 100 29
0 57296 2 7 18 24 151 11 108 12 26 15 104 10 46 50 1 44 108
0 57505 44 38 42 12 9 9 25 47 275 3 279 118 65 24 6 8 90 22 21 5 164 7 189 172 198 48 44 52 153 4 15 10 91 43 312 11 74 186 139 3 116 5 55 64 52 125 69 119 91 5 42 95 23 138 86 16 48 31 65 79 131 7 52 23 17 6 106 16 111 12 148 59 23 5 16 128 47 125 50 69 32 64 38 8 128
0 57565 87 41 4 32 21 24 27 118 104 48 163 15 412 1 57 190 405 7 19 7 26 19 104 67 185 12 119 46 56 275 24 29 28 86 13 19 13 95 295 54 7 16 33 18 46 67 142 4 121 3 1 59 30 10 548 78 37 33 205 4 12 53 26 52 25 70 18 147 66 139 25 14 13 31 55 12 26 7 33 27 246 71 60 36 26 1 43 30 67 49 87 87 78 11 45 22 135 130 109 96 2 82 204 83 108 14 6 83 140 172 261 83 29 50 73 107 176 22 108 194 79 120 198 19 25 11 14 6 21 172 127 270 223 167 42 31 11 13 174 181 47 30 65 65 45 23 91 13 47 68 178 123 31 93 432 46 32 53 235 23 23 102 191 151 58 35 103 63 191 68 38 48 171 6 200 45 122
0 57868 190 13 111 19 26 4 254 13 422 7 140 86 54 3 82 5 37 11 82 48 44 180 24 32 222 34 19 65 51 38 87 2 4 26 94 149 151 28 100 89 189 40 111 157 119 15 127 18 35 10 4 27 65 8 143 11 106 2 10 11 99 6 120 14 24 42 50 6 348 16 124 22 121 76 156 69 27 33 190 63 123 27 88 11 154 93 12 17 18 11 34 117 37 15 8 20 81 5 160 1 117 145 106 6 77 4 11 52 53
0 58003 189 2 136 90 15 8 142 62 74 3 207 14 46 26 7 3 23 63 66 27 48 33 21 31 296 27 41 104 7 129 24 18 66 93 167 93 119 23 69 6 10 34 73 64 58 27 226 55 94
0 58019 121 13 306 30 104 18 32 10 79 37 7 1 176 2 61 22 185 1 36 36 95 12 134 56 48 9 32 53 15 3 231 161 52 1 71 33 68 24 7 3 232 3 17 135 105 8 165 68 23 61 12 16 12 1 138 90 69 67 55 14 71 183 12 169 9 1 23 6 83 71 3 79 66 134 44 5 13 30 99 68 107 87 167 67 30 57 21 41 3 149 22 21 95 16 148
0 58020 199 187 35 30 11 17 29 14 74 44 22 5 124 84 81 75 11
0 58728 177 91 99 75 226 44 57
0 58772 224 18 284 13 70 3 69 69 19 63 38 29 68 83 28 60 14 4 11 59 54 26 25 22 24
0 58846 74 16 40 101 107 119 56 103 295 11 91 10 50 6 458 7 192 12 70 18 56 115 181 38 7 37 16 95 522 33 35 7 96 38 87 65 19 47 167 125 11 132 125 47 8 115 267 36 16 28 52 53 62 3 50 1 39 3 44 3 114 29 83 47 23 5 125 11 20 1 132 20 26 2 78 174 4 14 9 67 74 11 67 13 23 34 34 71 13 63 53 20 66 22 7 63 255 22 129 69 42 40 16 21 74 227 131 52 10 28 80 29 115 1 27 6 16 26 320 19 6 90 15 41 29 54 140 9 80 16 258 23 351 361 330 10 28 46 11 72 184 61 9 104 280 16 8 38 212 68 106 4 117 1 10 5 64 77 2 22 160 24 8 1 157 65 79 5 32 17 84 1 25 68 51 22 107 143 20 117 65 7 80 2 119 7 11 13 60 20 82 30 43 1 130 28 183 5 66 109 387 67 41 66 23 26 153 197 225 29 50 15 579 89 18 117 51 51 9 118 96 28 117 64 13 173 198 3 110 9 102 30 38 66 35 10 203 74 248 47 41 87 77 80 43 13 1 18 62 155 10 46 26 26 130
0 59109 22 66 44 78 119 24 138 9 32
0 59124 92 24 283 3 56 13 184 92 38 13 59 17 211 14 97 40 21 53 133 17 149 112 498 15 47 17 14 132 228 129 27 42 96 71 169 40 165 33 126 107 260 13 224 11 21 24 16 9 25 75 61 14 196 80 6 135 19 91 14 70 43 30 203 1 133 10 217
0 59650 10 65 1 187 9 10 99 140 22 131 120 13 353 40 18 105 128 62 152 65 35 29 26 69 94 49 74 22 114 65 60 9 51 95 68 101 78
0 59853 59 144 10 14 242 56 2 69 7 21 353
0 60110 80 15 74 11 41 4 59 64 38 12 23 39 265 139 117 55 123 65 141 63 5 110 188 61 57 145 11 103 29 13 64 8 106 22 13 12 3 16 18 29 109 95 51 46 18 33 14 28 280 82 141 64 7 17 394 86 7
0 60365 1 15 84 66 29 17 323 12 78 13 3 9 25 49 51 11 182 23 88 126 142 115 193 63 179 133 122 13 122
0 60615 41 62 238
0 60824 139 28 117 23 46 23 25 19 201 24 102 11 103 85 24 22 102 107 66 71 85 29 19 9 96 4 12
0 60881 37 26 153 73 38 93 55 41 3 38 73 44 122 36 133 32 23 56 142 34 50 20 128 41 304 39 106 39 13 72 68 1 17 30 78 45 115
0 61031 35 8 47 26 53 30 55 17 29 18 44 57 64 171 26 113 143 29 5 10 35 24 77 73 207 1 18 154 107 9 66 5 283 61 5 32 5 19 178 11 5 102 133 10 9 15 90 4 306 48 19 38 257 78 156 37 22 103 59 9 129 172 315 23 13 46 21 23 156 94 9 52 404 94 90 36 336 20 7 90 59 38 98 95 40 47 218 15 326 195 40 65 40 140 15 26 6 56 54 28 191 70 71 109 48 70 73 187 309 17 54 3 5 13 114 57 15 20 271 44 115 86 15 12 59 51 85 63 24 8 36 39 171 21 127 59 21 24 100 2 55 3 116
0 61084 122 66 64 91 145 64 42 27 58 81 184 32 197 25 128 5 19 36 18 28 38 13 6 48 107 47 120 85 58 43 155 150 29 4 31 10 78 133 298 1 443 38 79 24 37 17 61 22 131 13 99 42 173 16 21 6 237
0 61104 74 38 11 96 116 86 312 45 130 50 94 165 137 37 91 11 23 41 161 30 20 62 199 66 75 54 197 64 51 11 12 36 204 12 66 15 9 86 260 61 209 17 196 143 1 2 79 6 115 14 209 104 200 16 316 38 72 84 21 9 6 242 4 13 72 183 34 3 180 4 39 167 191 9 167 38 48 69 65 70 29 37 86 174 103 32 45 24 50 13 14 49 4 10 37 8 286 3 183 4 29 3 11
0 61129 131 86 163 133 113 61 182 11 141 8 113 83 6 55 33 61 157 7 157 49 9 93 37 22 124 96 11 156 44 122 65 10 224 130 190 66 50 47 63 5 69 12 79
0 61295 206 27 234 52 29
0 61440 5 17 148 53 163 20 67
0 61535 44 39 8 106 84 49 107 6 137 56 77 52 57 114 10 7 41 169 227 50 78 21 132 156 116 67 192 52 120 107 56 61 82 1 243 24 77 1 53 120 26 9 9 126 16 13 62 2 241 10 141 7 90 5 28 16 93 129 84 3 26 16 7 30 416 12 5 123 21 13 165 24 38 20 47 42 60 84 108 61 55 50 139 1 49 1 223 7 28 11 204 53 108 15 273 55 64 25 124 38 211
0 61597 40 18 61 56 33 29 126 34 19 18 208 45 240 22 183 5 140 232 52 22 77
0 61726 208 45 76 4 345 49 129
0 62105 199 45 32 33 60 74 180
0 62250 75 9 281 77 138 136 35 12 17 41 56 227 19 125 103 68 238 16 153 6 69 11 303 57 15 53 73 42 51 23 75 151 168 41 18 48 22 227 108 13 283 10 254 50 54 116 48 7 49 26 54
0 62568 40 46 90 187 102 123 260 47 56 31 110 2 24 21 61 37 446 201 54 60 204 105 122 133 48 21 142 90 5 4 5 114 3 20 45 8 112 52 98 16 471 115 300 96 299 36 116 109 56 94 112 26 34 49 112 15 331 96 43 35 23 70 102 51 49 55 121 65 11 13 122 24 1 6 5 69 9 10 74
0 62784 3 100 53
0 62797 4 39 164 44 36 42 131 27 253 11 18
0 62933 41 133 98 50 178 90 406 95 9 29 7 77 1 9 19 65 57 74 44
0 63293 96 151 352 182 2 19 21 122 18 21 178 48 162 37 427 29 195 10 145 48 115 9 236 78 58
0 63300 148 30 77 80 17 156 225 6 59 124 111 20 158 74 146 80 17 15 120 29 17 29 50 88 11 115 206 11 82 17 204 4 180 40 142 20 88 70 178 46 153 133 78 60 28 91 45 38 91 14 132 110 111 1 7
0 63355 48 55 45
0 63538 61 11 186 38 79 94 21 5 209 32 63 52 261 17 2 68 100 303 525 83 324 306 16 42 14 195 10 56 123 14 102 81 13 98 187 21 42 11 3 12 40 5 49 28 20 3 54 70 18 54 59 11 110 88 24 12 18 58 255 127 252 99 21 55 59 65 281 551 47 27 229 94 49 54 330 19 94 52 148 47 13 14 260 159 71 82 33 7 127 65 66 27 27 56 11 50 13 6 148 40 110 24 23 58 12 160 52 17 49 11 14 22 5 81 57 47 27 136 4 64 293 42 99 23 9 3 23 66 37 50 32 5 53 44 11 11 115 19 30 45 106 37 26 29 215 1 40 13 89 14 26
0 63617 22 43 3
0 63631 22 28 38 7 102 13 66 14 260
0 63898 170 15 77 123 66 55 8 18 110 176 76 41 64 56 43 11 311 19 319 30 89 33 80 37 195 46 95 18 97 80 37 46 186 18 41 55 105 28 148 9 86 42 15 72 3 37 17 17 110 15 90
0 63960 29 39 71 108 205 114 215 44 79 9 34 69 181 21 32 9 73 15 46 35 32 364 20 12 165 15 11 169 27
0 64103 95 92 219
0 64319 247 84 16 30 180 32 115 98 42 31 9 93 387 34 228 36 92 12 6 49 22 12 56 140 94 13 38 138 35 110 5 30 260 39 67 3 87
0 64442 128 10 191 95 115 4 6 3 68 269 282 9 212 252 253 30 303 64 2 46 12 11 83 86 66 4 42 47 3 42 493 23 81 45 205 19 46 64 132 207 364 63 145 8 91 31 102 7 147 44 443 48 60 71 230 134 49 164 57 41 67 24 22 12 1 4 25 7 26 15 42 42 18 132 10 16 76 16 3 74 244 73 13 2 39 8 39 14 44 29 12 5 135 36 14 5 14 92 51 120 43 21 172 21 24 6 255 28 9 21 89 144 30 51 197 89 239 4 48 3 17 34 12 11 56 77 55 25 87 67 51 69 511 11 91 85 157 48 216 9 352 84 43 35 232 65 64 18 21 52 143
0 64499 86 14 258 89 499 160 75 10 21 51 123 12 4 8 8 111 89 29 35 10 44 66 321 16 57 42 31 14 50 30 28 38 4 14 63 29 155 33 3 37 76 7 152 60 182 95 63 89 3 25 66 9 102 61 13 29 316 122 109 62 110 14 200 19 222 125 63 80 175 19 108 5 94 118 608 1 25 5 119 43 23 52 26 18 17 13 202 80 61 37 25 49 20 28 76 187 157 37 86 40 20 27 349 27 73 72 161 114 119 40 12 17 25 11 5 45 23 85 40 106 67 119 70 23 200 74 50 65 33 22 35 78 285 53 382 37 116 7 114 147 13 109 25 4 256 23 253 51 21 44 17 31 114 63 16 156 266 68 29 7 31 50 1 51 22 22 17 73 20 17 6 33 52 34 64 6 402 18 610 74 12 15 21 113 107 32 49 40 25 146 375 65 150 52 43 2 7 1 104 63 26 71 53 57 62 48 40 104 33 73 72 43 43 50 31 79 26 55 154 12 149 101 20 4 294 5 123 99 22
0 64704 56 3 9 53 539 28 127 36 117 35 7 210 77 61 33 19 165 77 7 16 260 59 171 5 136 15 123 6 26 22 238
0 65124 255 54 142 74 12 2 82 40 2 22 114 2 102 24 128 73 2 16 43 99 19 10 136 110 352 10 23 4 40 72 36 175 54 182 110 7 125 28 93 8 498 4 33 37 163 99 300 2 169
0 65278 212 105 176 25 175 280 21 60 288 4 20 96 253 1 4 24 10 72 68 28 17 72 150 89 318 86 227 21 10 30 125 51 36 38 226
0 65881 140 96 160 9 14 11 254
0 66214 5 22 3 21 205 59 159
0 66223 289 39 35 32 27 31 458 97 116 116 118 61 212 4 64 20 13 3 28 174 51 12 301 20 16 13 79
0 66351 100 59 178 14 102 5 37 20 124 1 59 15 24 117 385 32 67 55 109 60 80 15 43 28 8 8 81 16 157 10 33 30 87 4 170 1 526 83 4 16 229 34 48 29 542 202 44 6 2 105 271 21 8 17 91 48 97 2 13 20 189 65 63 228 28 8 36 13 20 56 92 33 15 240 846 61 3 49 4 240 120 56 97 10 77 4 64 34 11 39 214 28 183 40 133 28 54 15 11 48 34 26 206
0 66442 11 25 251 5 25 81 31 3 198 13 66 59 117 32 32 47 7 3 133
0 66503 228 5 260 20 201 15 213 44 92 18 234 5 292
0 66551 310 12 17 32 1 8 136 64 46 23 162 69 138 26 61 18 188 7 23 51 408 38 16 12 18 39 220 133 191 10 41 30 15 4 49 95 18 74 365 3 117 195 148 59 4
0 66861 61 91 2 121 143 138 6 12 105 11 188 11 316 5 155 63 4 72 14 92 91 89 254 17 53 160 28 13 42 33 51 77 59 16 474 42 50 43 66 29 50 119 146 5 31 61 279 10 5 24 9 32 126 15 51 62 23 102 57 14 195
0 66977 12 4 152 86 31 20 185 6 51 26 264 35 91 4 73 99 41 19 17 73 65 17 191 106 27 2 49 63 298 24 9 171 142 4 51 35 103 3 42 2 207 51 179 25 70 111 19 51 60 2 22 47 113 3 1 4 20 39 207 132 128 185 83 74 163 17 63 21 220 7 126 115 178 33 232
0 67003 22 19 31 13 63 9 46 12 63 2 3 62 72 39 96 55 269
0 67407 169 156 223 17 7 48 28 96 91 27 17 11 88
0 68522 306 69 6 3 11 29 133 24 175 57 18 2 34
0 68553 183 18 72 32 87 40 93 224 123 92 38 2 90 16 196 220 57 64 184 46 42
0 68565 37 11 51 58 134 21 325 58 8 33 136 52 21 8 51 7 11 38 8 50 21 72 211
0 68903 172 9 64 78 35 58 103 37 2 57 51 19 450 141 47 19 184 47 11 43 208 18 64 36 10 77 99 32 67 1 24 5 89 39 82 186 74 16 12 37 134 149 15 116 48 91 15 14 18 24 39 50 267 12 319 260 52
0 68909 204 119 294 12 57 81 7 159 23 93 447 81 59 128 69
0 69118 61 95 86 16 29 53 235 34 167 11 304 25 259 144 110 80 137 11 46 46 176 33 132 28 46 43 84 89 26 31 24 142 91 18 11 55 150 16 69 20 6 17 102 47 121 11 10 12 176 45 213 27 35
0 69272 6 84 11 10 32 9 295 147 22 73 53 9 67 95 162 125 64 13 71 3 237 63 153 48 11 96 132 20 63 13 110 118 128 6 116 1 45 5 58 24 285 115 37 70 169 79 22 39 191 2 38 25 69 36 1 29 23 27 97 73 398 36 8 12 33 10 62 149 188 31 47 14 117 42 42 4 33 12 126 121 84 140 10 34 33 3 263 6 237 16 85 3 231 40 72 148 6
0 69506 76 3 33 3 86 39 191
0 69627 131 16 18 55 163 65 5 62 231 93 190 12 69 101 45 35 30 10 65 71 49 27 137 24 76 108 127 1 6 35 96 4 32 18 30 48 406 37 33 98 9 17 9 20 88
0 69779 107 73 205 47 26 23 102
0 70064 4 115 419 24 40 20 83 25 65 37 45 8 15 248 14 41 12 18 252 13 162 22 83 30 123 9 336 148 199 11 166 157 93 35 54 32 32 86 45 128 180 10 52 94 76 86 152 70 112 10 243 16 148 68 130 37 889 17 100 68 156 29 27 37 8 107 52 8 30 7 34 61 77 70 5 26 89 24 8 34 214
0 70127 15 17 108 18 171 44 18 33 20 46 1 43 84 55 2 19 109 102 8 70 86 28 96 9 124 376 124 48 319 43 80 196 152 76 76 28 65 1 75 15 37 4 51 7 3 159 101 86 22 3 117 18 120 14 136 30 28 7 133 7 160 99 167
0 70257 1 96 218 101 39
0 70601 120 17 171 129 99 2 62 42 118 23 140 129 31 3 166 29 124 45 120 304 91 115 296
0 70847 459 29 1 195 11 48 7 57 255 14 310 2 245 62 1 131 97 67 83 32 11 34 104 128 30 112 21 62 343 102 182 20 31 138 153 1 249 4 371 86 152 72 101 16 22 86 79 87 106 142 221
0 71008 377 321 263 18 93 15 32 67 35 114 68 16 105 20 27 94 81 30 131 35 17 37 55 269 59 119 2 30 223 22 15 21 186 39 48 43 39 65 70 85 47 168 56 4 70 34 4 25 46 12 3 46 135 16 65 7 118 70 109 26 408 29 31
0 71015 42 10 40 12 120 14 84 40 56 23 44 20 147 22 73 143 67 48 139 30 196 40 71 49 81 38 475 24 20 3 17 13 120 22 3 75 110
0 71034 109 23 55 39 49 32 21 6 158 75 19 15 14 4 28 83 335 64 37 35 14 1 4 55 34 44 19 37 226 47 78 57 43 23 67 19 17 6 74 34 111 124 234 92 22 9 43 26 15 159 15 8 100 60 232 14 22 18 78
0 71505 39 10 9 47 54 29 29 20 4 24 37 248 53 44 110 26 216 67 75 30 241 34 50 12 113 6 33
0 71590 101
0 71655 5 12 83 60 31 45 191 5 53 10 103 39 368 69 86 145 110 36 118 51 2 12 79 1 86 129 15 11 2 73 134 10 31 22 173 14 179 23 116 51 33 20 47 23 43 16 93 82 9 30 45 41 101 76 82 14 374 50 12 9 2 37 23
0 71915 46 19 89 1 31 95 300 1 11 73 303
0 71921 148 19 84 49 191 11 55 233 10 29 61 1 105 7 280 7 108 201 31 24 153 29 99
0 72087 172 150 121
0 72267 22 2 7 1 53 22 77 126 292 56 214 10 193 2 201 4 184 7 11 40 51 28 7
0 72455 11 54 12 20 104 192 78 3 82 61 116 133 41 13 296 43 161 16 443 85 199 14 10 31 19 99 202 10 23 7 78 219 39 62 32 26 38 16 220 94 120 57 142 170 7 98 11 42 162 4 62 41 11 51 421 58 28
0 72821 139 11 42 133 95 93 80 8 185 97 12 90 42 8 65 90 89 36 56 74 65 7 88 54 233 12 65 195 24 282 66 104 190 84 11 3 20 23 59 121 58 14 94 39 54 9 14 39 6 263 13 11 145 4 2 69 81 15 33 92 69 24 23 45 41 5 76 18 367 40 15 31 310
0 72842 253 52 187 30 93 3 49 71 248 54 167 180 260 49 229 24 16 137 68 35 33 3 41 41 35 31 118 3 179 18 348 59 95 6 101 42 25 7 69 33 76 18 156 19 77 27 90 97 183
0 73084 66 33 286 16 27 21 3 66 138 1 250 98 79 6 56 4 104 42 52
0 73227 116 3 24 12 64 31 8 97 7 28 56 10 29 22 27 15 468 263 46 49 397 33 94 3 17 7 144 170 127 49 4 116 36 15 226 35 178 70 10 324 17 7 169 7 108 52 152 63 249 94 79 97 253 67 98 80 75 8 128 8 109 14 1 104 8 144 42
0 73466 44 22 16 323 51 49 50 33 3 29 30 2 136 9 94 80 123
0 73814 202 49 156 48 110 206 43 40 24 4 4 52 160 6 145 22 81 102 177 39 12 55 131 16 173 15 260 33 11 4 38 58 223 4 56 32 196 38 70 20 56 87 5 96 222 56 265 9 107 29 14 8 195 211 70 31 3 24 115 11 202 83 184 33 174 40 125 28 6 33 87 10 19 18 150 47 55 91 174 176 9 15 82 24 39 19 55 54 59 69 133 42 338 8 159 74 6 19 93 5 173 42 71 3 12 21 13 50 224 2 163 120 174 101 45 110 16 55 151 96 7 11 92 62 91 50 343 36 10 44 58 29 201 7 61 42 233 52 126 36 17 4 170 61 116 59 17 198 319 105 76 35 57 25 273 31 8 51 87 72 127 50 115 54 82 86 64 105 17 10 76 72 136 15 211 151 5 56 31 163 90 134 83 2 31 190 129 4 192 143 47 40 54 4 284 7 157 46 56 115 106 75 114 9 87 44 160 49 242
0 73887 159 38 78 15 112 20 125 67 25 75 104 160 300
0 73962 25 47 8 118 17
0 74306 471 35 34 90 35 8 135 15 52 31 472 50 638 14 73 37 1 11 15 49 42 28 62 93 191 28 213 89 17 96 21 81 32 97 51 4 113 32 55 38 49 76 135 3 32 32 139 15 104 70 12 99 72 10 90 28 59 5 53 2 60
0 75027 116 16 125 33 114 4 168 4 64 5 53 18 67 20 61 15 10 89 105 8 112 10 4 71 53 16 59 26 342 37 12 56 77 38 307 42 61 9 46 92 21 9 150 52 102 67 205 24 81 25 19 147 27 75 88 21 311 2 94 3 51 251 20 7 65 18 60 20 82 30 72 29 53 7 87
0 75357 74 16 308 18 33 22 12 12 50 75 6 74 326 7 8 91 162 82 27 37 109
0 75656 99 9 401 2 10 94 230 50 33 13 19 55 58 22 211 40 80 4 151 46 28 67 126
0 75679 267 1 168 38 392 70 193 10 12 26 74 10 23 45 381 60 31 19 72 10 39 22 25 36 78 4 60 107 216
0 75756 45 25 210 75 71 27 39 80 31 6 271 1 106 308 224 39 47
0 75792 105 55 4 54 9 117 6 78 2 1 38 7 144 85 49 80 76 3 197 42 99 21 60 21 73 109 22 22 14 40 21 135 55 6 335 59 33
0 75925 41 145 102 7 74 25 56 95 157 56 8 3 4 40 57 52 14 1 15 18 224 21 62 91 15 52 18 151 36 42 60 15 23 80 129 56 58 154 34 7 25 109 184 131 257 4 81 36 8 44 46
0 75969 268 39 160 23 20
0 76003 66 3 1 107 13 90 76 98 76 189 74 110 114 8 21 16 210 26 35 29 239 154 38 34 87 34 189 62 80 58 131 38 166 9 8 2 43
0 76063 130 26 7 21 62 10 6 202 85 4 260
0 76373 41 13 148 90 37 18 187 25 195 60 59 101 14 69 15 2 37 7 38 14 12 29 52 11 69 52 251 8 73 8 121 10 25 83 16 15 39 28 33 121 111 114 106 1 72 54 7 31 56 81 164 21 291 57 46 11 300 10 62 33 102 50 259 42 7 64 30 22 36 14 58
0 76710 116 21 89 29 44 14 157 14 304 53 35 26 145 71 41 11 43 5 264 5 63 123 62 68 1 26 17 23 220 44 42 35 285 24 45 14 208 66 31 59 13 119 23 28 38 1 59 29 136 89 75 80 135 68 338 34 74 50 38 143 40 56 1 17 10 46 108 82 8 113 5 90 303 75 193 191 12 91 143 91 62 130 12 20 52 12 115 5 199 20 74 136 46 20 307 141 51 10 21 35 3 5 111 44 175 73 142 66 182 81 106 11 5 108 128 27 41 15 125 23 105 1 19 3 9 214 108 21 68 15 339 23 137 67 101 95 121 8 61 5 16
0 76847 164 56 117 12 150 58 85 151 242
0 76911 43 31 68 31 105 1 20 76 99 43 17 39 45 114 27 44 11 32 198 97 51 58 79 18 8 12 54 39 94 4 12 35 330 55 48 40 44 2 66 53 215 7 27 3 35 134 12 6 26 70 75 3 98 131 85 24 112 105 19 20 466 6 86 52 25 54 64 2 21 146 258 3 33 67 76 30 44 146 117 15 204 6 18 36 45 26 34 17 71 116 39 20 76 72 34 80 33 15 173 115 212 9 11 5 21 8 175 35 80 88 176 37 169 123 30 36 16 50 3 21 219 10 34 77 6 126 8 98 24 71 60 74 10 25 56 52 7 26 9 109 255 61 579 2 22 7 7 149 23 276 39 16 157 25 13 61 40 46 49 118 17
0 76947 101 13 70 14 67 141 117 55 121 53 76 53 65 17 100 5 104 119 12 46 354 218 56 22 312 86 18 20 140 74 94 154 152 39 76 2 103 10 25 72 27 35 321 81 28 40 19 105 258 34 69 5 72 27 205 2 132 68 165 80 140 147 12 116 4 34 321 2 2 30 52 7 314 30 56 127 226 323 24 203 62 1 67 189 41 79 181 4 16
0 77001 9 94 114 96 34 11 37 16 2 13 403 20 341 95 89 34 1 89 120
0 77051 44 44 51 94 157 36 5 89 15 18 242 36 199 18 125
0 77247 181 64 35 74 11 27 27 101 36 32 312 12 91 23 59
0 77500 284 21 183 65 14 117 99 77 112 30 8 114 10 120 159 51 48 3 42 118 54 173 136 52 24 10 12 45 199 66 1 41 205
0 77510 141 12 28 125 25
0 77627 1 335 30 124 47 21 54 106 61 20 79 5 528 411 36 28 515 86 49 194 45 89 237 75 215 60 134 29 39 54 95 12 62 36 1 115 142 10 101 41 40 22 306 17 24 1 38 143 46 15 12 106 17 5 219 84 9 17 69 22 6 21 12 20 195 113 79 32 32 116 32 7 377 34 56 15 77 56 63 76 114 31 32 33 103 52 22 64 74 2 398 99 54
0 77766 33 70 96 44 37 12 180 1 14 46 89 18 13 34 162 30 54 40 126 125 339 13 51 25 24 7 90
0 77769 15 190 358 7 108 85 134 45 6 12 34 14 18 74 117 9 299 54 72 51 16 16 239 52 39 83 17 20 12 24 22 19 6 29 60 7 10 15 20 44 273 71 161 145 34 62 218 64 58 94 193 45 230 121 20 14 60 6 56 83 78 28 121 17 1 117 85 29 198 32 65 44 41 43 42 62 45 6 11 34 104 32 20 12 53 86 25 23 79 73 186 98 370 42 217 20 356 4 55 7 106 15 141 244 4 10 158 10 232 32 44 95 20 40 81 67 99 44 207 21 79 12 45 189 75 64 22 74 62 11 10 24 160 20 7 73 43 104 55 67 18
0 77958 107 47 104 38 115
0 78060 37 8 28 68 21 10 7 45 236 12 18 23 55 263 41 14 506
0 78181 42
0 78249 464 15 127 8 131 83 63 90 81 10 33 64 43 101 302 22 123 33 27 5 195 7 291 7 40 45 91 100 98
0 78436 91 194 170 3 15 5 116 8 110 1 37 52 68 85 105 6 2 45 59 46 64 39 10 8 27 24 58 32 121 10 55
0 78751 155 120 77 37 124 150 89 144 149 71 10 5 63 32 86 11 165 57 25 13 164 8 211 20 68 1 17 29 105 3 154 4 151 124 29 115 23 148 25 41 295 96 19 23 147 1 120 40 121 5 282 12 80 44 21 31 6 52 152 11 177 27 73 17 208 70 5 47 310 46 17 53 37 141 83 63 327 27 44 94 38 12 33 195 163 66 19 30 20 115 261 14 69 51 138 98 114 21 20 90 114 42 160 162 23 12 76 38 46 87 50 50 17 18 134 38 238 56 34 101 32 5 140 2 53 2 66 68 180 24 38 8 22 48 141 29 143
0 78942 347 209 6 18 11 8 132 27 49 117 37 74 30 78 253 25 120 36 53 26 318 51 39 55 14 28 40 98 11 18 193 9 493 19 80 5 41 124 95 68 297 10 92 27 96 19 52 40 91 24 109 27 60 122 98 30 47 60 323 41 13 200 85 31 95 29 99 34 101 16 102
0 78951 45 8 62 9 188 5 56 15 277 51 52 6 11 16 88 56 27 49 70 13 165 38 58 26 46 130 41 17 216 14 172 82 64 116 264 14 50 30 181 34 57 11 39 2 109 31 108 31 272 54 52 14 128
0 79156 31
0 79177 27 24 49 118 30 51 37 16 1 53 126 49 81 82 94 44 53 8 107 57 8 35 53 19 13 234 7 11 282 30 5 131 64 4 71 115 13 53 10 21 158 3 54 17 363 346 21 315 159
0 79323 216 36 217 14 103 295 56 16 174 66 160 120 27 11 308 47 4 81 21 24 51 19 128 13 213 248 10 43 58 14 64 59 5 51 19 32 106 36 258 73 242 33 33 14 108 78 125 29 188 13 110 11 146 54 79 39 4 7 58 81 154 10 164 142 193 2 211 29 126 3 251 9 196 146 133 26 24 43 9 4 298 25 99 26 155 43 27 18 30 112 13 72 19 2 53 2 141 21 19 69 23 4 146 51 138 19 231 118 31 58 387 11 110 16 9 27 11 4 169 119 182 30 91 53 77 59 2
0 79351 177 79 80 27 57
0 79543 230 29 110 40 156 15 319 44 226 75 10 2 22 32 44 56 8 30 83 54 67 24 103 55 571 152 37 5 128 166 243 6 118 20 89 58 169 85 191 91 27 10 82 45 17 46 293 15 119 13 13 175 50 49 246 24 48 23 74 27 305 22 123 111 94 122 106 98 14 167 120 23 44 40 44 25 135 16 288 36 73 4 17 134 124 41 89 17 113 5 20 32 8 13 166
0 79665 11 17 91 15 32 123 95 49 131 47 42 47 1 29 82 28 2 146 76 44 62 21 191 63 387 124 40 5 65 70 131 28 278 49 73 56 57 63 90 155 31 16 158 98 1 192 7 36 82 6 11 59 85 91 6 19 50 34 122 9 272 23 470 107 21 1 108 16 120 72 89 186 161 200 149 94 51 44 147 40 210 56 33 20 7 219 129 165 15 11 140 3 14 25 17 31 5 80 6 4 76 7 16 23 95 7 38 10 106 144 41 52 23 37 24 63 52 39 22 131 111 39 7 74 56 22 101 94 20 17 86 12 69 27 41 31 60 7 15 147 48 123 47 12 57 272 554 58 169 83 14 25 78 17 278 31 51 48 81 29 263 4 1 6 60 11 24 11 85 4 71
0 79707 29 67 9 1 157 29 53 7 163 56 2 4 85 131 83 24 165 54 19 106 69 24 370 138 114
0 79729 11 36 57 37 26 43 11 2 8 6 318 42 144 30 152 53 35 23 87 12 43 24 68 41 83 30 82 40 189 55 289 132 83 40 3 15 7 49 134 29 170 270 172
0 79739 16 96 46 11 23 32 233 266 63 85 2 34 43 4 379 21 104 88 207 64 13 8 99 1 130 43 15 7 8 45 83 80 92 46 112 5 13 32 49 7 2 19 56 25 55 12 14 1 32 9 170 49 104
0 79815 152 39 73 64 60 20 186 32 318 91 15 2 40 93 34 84 18 7 65
0 80017 26 20 385 14 690 6 32 135 156 87 132 78 482 171 235 156 35 7 196 81 67 25 90 17 29 11 17 7 107 87 326 33 51 29 50 173 4 157 149 37 83 12 37 49 89 52 26 110 62 8 277 7 44 53 23 37 8 4 191 48 9 18 106 3 107 5 4 36 66 34 78 13 105 79 79 68 172 51 459 11 205 15 19 80 21 34 104 10 176 62 123 12 97 163 35 51 10 21 101 68 142 24 35 155 351 55 19 35 274 62 58 28 3 8 14 43 141 97 15 75 6 16 5 4 78 115 19
0 80176 28 26 78 17 234 28 4 37 151 165 40 121 173 11 189 2 150 48 12 6 57 4 6 65 10 7 140 87 56 55 97 136 35 78 52 23 6 22 122 29 46 85 25 57 397 128 175 141 114 158 28 7 30 2 27 168 127
0 80247 440 33 70 120 19 21 55 26 56 53 13 228 40 44 387 30 96 15 40 31 67 18 104 39 40 45 2 26 1 8 38 113 23 21 45 16 68 49 42 18 45 118 38 70 179 24 97 42 33 5 32 31 199 70 15 4 260 2 316 16 48 19 115 67 101 36 105 10 65 8 60 188 26 8 16
0 80346 123
0 80483 45 96 25 16 268 84 313 32 8 93 62 3 44 393 215 53 9 128 88 51 197 13 28 8 22 72 184 33 134 92 50 38 301 52 337 32 87 4 6 11 62 53 150
0 80650 116 45 154 81 45 35 23 45 46 70 16 53 75 16 61 21 7 49 3 1 44 37 49 24 58 23 9 4 26 6 39 31 252 5 7 49 14 25 22 4 34 79 28 59 2 82 163 92 85 19 54 6 265 20 325 28 157 58 14
0 80801 1 113 58 84 52 75 40 197 134 14 107 18 53 124 132
0 80888 41 37 89 85 224 21 371 54 248 41 1 67 67 164 91 16 23 27 168 63 51 13 37 42 337
0 81179 89 48 62 18 20 20 44 77 163 1 117 37 45 6 109 7 72 93 53 6 146 265 233 64 1 67 467 40 139 6 48 29 27
0 81896 34 52 52 28 235 40 54 24 10 67 16 24 148 109 196 67 32 88 67 9 313 175 29 100 199 42 109 13 87 24 15 17 13 148 74 28 117 31 146 56 379 68 39 132 392
0 81899 15 33 107 1 37 6 19 52 226 6 73 31 52 13 108 135 178 45 181 23 77 216 187 2 186 93 58 57 36
0 82001 98 7 122
